Width: 1000
Flags: HW
LayerCount: 2
Fore
SplineSet
33 -9 m 17
 33 -9 147 0 198 0 c 9
 447 15 l 25
 420 1 406 -10 378 -21 c 24
 287 -55 234 -70 141 -99 c 24
 120 -105 104 -125 87 -111 c 24
 52 -82 54 -49 33 -9 c 17
72 -45 m 25
 72 366 l 25
 115 346 151 350 183 315 c 24
 197 300 170 286 162 267 c 25
 162 -45 l 25
 72 -45 l 25
240 273 m 25
 321 273 l 25
 321 273 344 309 369 318 c 1
 395 314 383 285 414 252 c 1
 422 234 405 223 387 223 c 9
 240 223 l 25
 240 273 l 25
201 479 m 1
 291 479 l 1
 291 -45 l 1
 201 -45 l 1
 201 479 l 1
99 504 m 1
 363 504 l 1
 363 454 l 1
 99 454 l 1
 99 504 l 1
90 723 m 25
 321 723 l 25
 337 736 343 761 363 756 c 24
 398 746 415 725 432 693 c 24
 439 680 419 675 411 663 c 25
 411 488 l 17
 403 459 397 437 366 434 c 1
 342 436 331 460 321 488 c 9
 321 673 l 25
 90 673 l 25
 90 723 l 25
66 750 m 25
 109 730 145 734 177 699 c 24
 191 684 164 670 156 651 c 25
 156 486 l 17
 148 457 142 435 111 432 c 1
 87 434 76 458 66 486 c 9
 66 750 l 25
618 111 m 25
 618 276 l 25
 661 256 697 260 729 225 c 24
 743 210 716 196 708 177 c 25
 708 84 l 17
 693 42 677 20 648 -15 c 24
 618 -51 597 -69 558 -96 c 24
 525 -119 503 -129 465 -141 c 24
 428 -153 405 -150 366 -156 c 25
 409 -126 437 -113 477 -78 c 24
 515 -46 534 -25 564 15 c 24
 590 49 597 74 618 111 c 25
831 12 m 25
 831 94 l 25
 381 94 l 25
 381 144 l 25
 831 144 l 25
 847 157 853 182 873 177 c 24
 908 167 925 146 942 114 c 24
 949 101 929 96 921 84 c 25
 921 -12 l 25
 909 -48 914 -75 891 -105 c 24
 866 -139 846 -165 804 -168 c 24
 774 -170 772 -134 750 -114 c 24
 726 -93 710 -83 684 -63 c 25
 804 -63 l 25
 811 -50 817 -44 822 -30 c 24
 828 -14 827 -4 831 12 c 25
636 528 m 1
 726 528 l 1
 726 267 l 1
 636 267 l 1
 636 528 l 1
468 287 m 1
 912 287 l 1
 912 237 l 1
 468 237 l 1
 468 287 l 1
459 431 m 1
 921 431 l 1
 921 381 l 1
 459 381 l 1
 459 431 l 1
453 558 m 25
 849 558 l 25
 865 571 871 596 891 591 c 24
 926 581 943 560 960 528 c 24
 967 515 947 510 939 498 c 25
 939 267 l 17
 931 238 925 216 894 213 c 1
 870 215 859 239 849 267 c 9
 849 508 l 25
 453 508 l 25
 453 558 l 25
432 597 m 9
 475 577 511 581 543 546 c 24
 557 531 530 517 522 498 c 25
 522 270 l 17
 514 241 508 219 477 216 c 1
 453 218 442 242 432 270 c 1
 432 597 l 9
582 678 m 25
 630 658 663 658 705 627 c 24
 727 611 741 590 735 564 c 24
 729 539 707 528 681 525 c 24
 665 523 660 541 651 555 c 24
 640 572 640 585 630 603 c 24
 613 633 601 649 582 678 c 25
774 697 m 25
 441 697 l 25
 441 747 l 25
 777 747 l 25
 798 759 809 788 831 777 c 24
 871 758 891 730 900 687 c 24
 904 668 873 672 855 663 c 17
 705 570 l 1
 684 588 l 9
 774 697 l 25
EndSplineSet
EndChar
