Width: 1000
Flags: HW
TeX: 117 0
LayerCount: 2
Fore
SplineSet
225 800 m 25
 225 800 304 784 336 749 c 24
 350 734 323 720 315 701 c 25
 315 -109 l 17
 307 -138 301 -160 270 -163 c 1
 246 -161 235 -137 225 -109 c 9
 225 800 l 25
39 96 m 25
 422 96 l 25
 422 96 444 127 468 136 c 1
 487 129 511 101 530 75 c 1
 538 57 522 46 504 46 c 9
 39 46 l 25
 39 96 l 25
117 237 m 25
 450 237 l 25
 450 187 l 25
 117 187 l 25
 117 237 l 25
117 373 m 25
 423 373 l 25
 423 323 l 25
 117 323 l 25
 117 373 l 25
93 510 m 25
 378 510 l 25
 394 523 400 548 420 543 c 24
 455 533 472 512 489 480 c 24
 496 467 476 462 468 450 c 25
 468 203 l 17
 460 174 454 152 423 149 c 1
 399 151 388 175 378 203 c 9
 378 460 l 25
 93 460 l 25
 93 510 l 25
72 537 m 25
 72 537 151 521 183 486 c 24
 197 471 170 457 162 438 c 25
 162 209 l 17
 154 180 148 158 117 155 c 1
 93 157 82 181 72 209 c 9
 72 537 l 25
30 636 m 25
 405 636 l 25
 405 636 427 667 451 676 c 1
 470 669 494 641 513 615 c 1
 521 597 505 586 487 586 c 9
 30 586 l 25
 30 636 l 25
793 201 m 17
 833 171 852 154 882 117 c 24
 912 80 929 57 945 12 c 24
 956 -19 959 -41 948 -72 c 24
 942 -90 925 -103 906 -99 c 24
 883 -94 874 -76 864 -54 c 24
 845 -14 846 13 834 56 c 24
 818 113 809 144 793 201 c 17
450 12 m 25
 882 39 l 25
 891 -21 l 25
 756 -46 680 -59 546 -84 c 24
 530 -87 516 -105 504 -93 c 24
 471 -60 450 12 450 12 c 25
621 231 m 24
 634 281 648 360 648 360 c 25
 753 360 l 25
 753 360 730 294 714 252 c 24
 692 193 680 160 657 102 c 24
 639 55 628 29 609 -18 c 25
 549 -18 l 25
 577 79 595 133 621 231 c 24
465 390 m 25
 849 390 l 25
 849 390 871 421 895 430 c 1
 914 423 938 395 957 369 c 1
 965 351 949 340 931 340 c 9
 465 340 l 25
 465 390 l 25
531 672 m 25
 813 672 l 25
 813 672 835 703 859 712 c 1
 878 705 902 677 921 651 c 1
 929 633 913 622 895 622 c 9
 531 622 l 25
 531 672 l 25
EndSplineSet
EndChar
