Width: 1000
Flags: H
TeX: 117 0
LayerCount: 2
Fore
SplineSet
525 -53 m 1
 846 -53 l 1
 846 -103 l 1
 525 -103 l 1
 525 -53 l 1
534 104 m 1
 828 104 l 1
 828 54 l 1
 534 54 l 1
 534 104 l 1
528 246 m 25
 798 246 l 25
 814 259 820 284 840 279 c 24
 875 269 892 248 909 216 c 24
 916 203 896 198 888 186 c 25
 888 -105 l 17
 880 -134 874 -156 843 -159 c 1
 819 -157 808 -133 798 -105 c 9
 798 196 l 25
 528 196 l 25
 528 246 l 25
495 288 m 25
 538 268 574 272 606 237 c 24
 620 222 593 208 585 189 c 25
 585 -108 l 17
 577 -137 571 -159 540 -162 c 1
 516 -160 505 -136 495 -108 c 9
 495 288 l 25
693 660 m 25
 732 618 753 594 792 552 c 24
 829 513 845 486 888 453 c 24
 917 431 939 429 972 414 c 25
 943 400 925 395 897 378 c 24
 881 368 879 339 861 345 c 24
 835 354 838 382 822 405 c 24
 796 443 777 462 753 501 c 24
 722 551 709 582 681 633 c 25
 693 660 l 25
867 699 m 25
 895 663 922 649 939 606 c 24
 944 594 921 597 909 591 c 25
 795 528 l 25
 774 546 l 1
 867 699 l 25
543 562 m 25
 459 562 l 25
 459 612 l 25
 555 612 l 25
 568 625 571 652 588 645 c 24
 623 630 640 607 651 570 c 24
 656 552 633 548 621 534 c 25
 607 505 604 485 585 459 c 24
 559 423 542 403 507 375 c 24
 488 360 472 360 450 351 c 25
 468 383 480 399 495 432 c 24
 517 481 524 511 543 562 c 25
648 360 m 25
 648 786 l 25
 691 766 727 770 759 735 c 24
 773 720 746 706 738 687 c 25
 738 327 l 25
 717 301 717 264 684 261 c 24
 653 258 652 297 630 318 c 24
 611 336 599 344 579 360 c 25
 648 360 l 25
123 -144 m 24
 106 -149 90 -166 78 -153 c 24
 50 -121 56 -91 42 -51 c 25
 117 -49 159 -51 234 -45 c 24
 329 -38 382 -29 477 -18 c 25
 440 -38 421 -55 381 -69 c 24
 282 -104 224 -116 123 -144 c 24
108 -108 m 25
 108 312 l 25
 151 292 187 296 219 261 c 24
 233 246 206 232 198 213 c 25
 198 -108 l 25
 108 -108 l 25
279 216 m 25
 369 216 l 25
 369 216 392 252 417 261 c 1
 443 257 431 228 462 195 c 1
 470 177 453 166 435 166 c 9
 279 166 l 25
 279 216 l 25
237 435 m 1
 327 435 l 1
 327 -72 l 1
 237 -72 l 1
 237 435 l 1
135 458 m 1
 387 458 l 1
 387 408 l 1
 135 408 l 1
 135 458 l 1
144 717 m 25
 339 717 l 25
 355 730 361 755 381 750 c 24
 416 740 433 719 450 687 c 24
 457 674 437 669 429 657 c 25
 429 444 l 17
 421 415 415 393 384 390 c 1
 360 392 349 416 339 444 c 9
 339 667 l 25
 144 667 l 25
 144 717 l 25
96 753 m 25
 139 733 175 737 207 702 c 24
 221 687 194 673 186 654 c 25
 186 435 l 17
 178 406 172 384 141 381 c 1
 117 383 106 407 96 435 c 9
 96 753 l 25
EndSplineSet
EndChar
