Width: 1000
Flags: H
TeX: 117 0
LayerCount: 2
Fore
SplineSet
693 219 m 25
 759 219 l 25
 782.4 186.24 791.919 164.789 819 135 c 24
 850.765 100.059 869.942 80.5419 909 54 c 24
 941.329 32.0303 964.51 28.3799 1000 12 c 25
 978.55 -3.20996 965.492 -10.5216 945 -27 c 24
 927.58 -41.0078 925.049 -69.6748 903 -66 c 24
 869.452 -60.4082 860.554 -33.5351 837 -9 c 24
 804.217 25.1494 786.806 45.6892 759 84 c 24
 734.012 118.428 724.23 140.73 702 177 c 25
 693 219 l 25
672 141 m 25
 649.77 115.26 640.701 97.2744 615 75 c 24
 570.082 36.0713 545.033 11.8439 492 -15 c 24
 448.694 -36.9199 418.8 -35.1299 372 -48 c 25
 418.8 -3.54004 447.041 19.6787 492 66 c 24
 524.35 99.3301 542.595 118.499 570 156 c 24
 587.3 179.673 591.96 196.26 606 222 c 25
 672 222 l 25
 672 141 l 25
384 246 m 25
 789 246 l 25
 818 274 827 306 852 315 c 1
 878 311 920 258 951 225 c 1
 959 207 942 196 924 196 c 9
 384 196 l 25
 384 246 l 25
732 711 m 25
 732 -111 l 17
 724 -140 718 -162 687 -165 c 1
 663 -163 652 -139 642 -111 c 9
 642 711 l 25
 732 711 l 25
501 401 m 1
 861 401 l 1
 861 351 l 1
 501 351 l 1
 501 401 l 1
504 560 m 1
 864 560 l 1
 864 510 l 1
 504 510 l 1
 504 560 l 1
507 729 m 25
 810 729 l 25
 826 742 832 767 852 762 c 24
 887 752 904 731 921 699 c 24
 928 686 908 681 900 669 c 25
 900 381 l 17
 892 352 886 330 855 327 c 1
 831 329 820 353 810 381 c 9
 810 679 l 25
 507 679 l 25
 507 729 l 25
477 750 m 25
 520 730 556 734 588 699 c 24
 602 684 575 670 567 651 c 25
 567 366 l 17
 559 337 553 315 522 312 c 1
 498 314 487 338 477 366 c 9
 477 750 l 25
87 -123 m 24
 75.21 -127.601 67.4099 -151.26 60 -141 c 24
 28.9619 -98.0234 28.8896 -64.1396 9 -15 c 25
 81.54 -10.3203 122.439 -7.35363 195 -3 c 24
 297.941 3.17676 356.04 6.15039 459 12 c 25
 409.86 -12.5703 384.35 -31.4648 333 -51 c 24
 276.22 -72.6006 241.304 -75.9355 183 -93 c 24
 145.354 -104.019 123.542 -108.74 87 -123 c 24
90 -51 m 25
 90 339 l 25
 133 319 169 323 201 288 c 24
 215 273 188 259 180 240 c 25
 180 -51 l 25
 90 -51 l 25
261 288 m 25
 333 288 l 25
 333 288 356 324 381 333 c 1
 407 329 395 300 426 267 c 1
 434 249 417 238 399 238 c 9
 261 238 l 25
 261 288 l 25
216 453 m 1
 306 453 l 1
 306 -39 l 1
 216 -39 l 1
 216 453 l 1
147 472 m 1
 342 472 l 1
 342 422 l 1
 147 422 l 1
 147 472 l 1
168 711 m 25
 318 711 l 25
 334 724 340 749 360 744 c 24
 395 734 412 713 429 681 c 24
 436 668 416 663 408 651 c 25
 408 438 l 17
 400 409 394 387 363 384 c 1
 339 386 328 410 318 438 c 9
 318 661 l 25
 168 661 l 25
 168 711 l 25
108 750 m 25
 151 730 187 734 219 699 c 24
 233 684 206 670 198 651 c 25
 198 429 l 17
 190 400 184 378 153 375 c 1
 129 377 118 401 108 429 c 9
 108 750 l 25
EndSplineSet
EndChar
