Width: 1000
Flags: H
TeX: 117 0
LayerCount: 2
Fore
SplineSet
615 774 m 25
 658 754 694 758 726 723 c 24
 740 708 713 694 705 675 c 25
 705 600 l 25
 615 600 l 25
 615 774 l 25
713 414 m 25
 713 -81 l 17
 705 -110 699 -132 668 -135 c 1
 644 -133 633 -109 623 -81 c 9
 623 414 l 25
 713 414 l 25
801 24 m 25
 801 211 l 25
 483 211 l 25
 483 261 l 25
 801 261 l 25
 817.38 273.87 822.891 299.435 843 294 c 24
 878.178 284.492 895.287 263.381 912 231 c 24
 918.55 218.309 899.19 212.7 891 201 c 25
 891 -42 l 25
 871.11 -56.8203 864.736 -81.8323 840 -80 c 24
 819.288 -78.4658 823.326 -51.9299 810 -36 c 24
 789.291 -11.2441 775.23 0.599609 753 24 c 25
 801 24 l 25
459 294 m 25
 502.29 274.11 537.953 278.251 570 243 c 24
 583.745 227.881 557.19 213.72 549 195 c 25
 549 -30 l 17
 541 -59 535 -81 504 -84 c 1
 480 -82 469 -58 459 -30 c 9
 459 294 l 25
741 420 m 25
 693 420 l 25
 723 588 l 25
 831 588 l 25
 741 420 l 25
534 489 m 24
 525.947 530.607 526.68 554.88 522 597 c 25
 550.08 568.92 573.188 558.82 594 525 c 24
 611.856 495.983 628.26 473.489 618 441 c 24
 610.122 416.053 580.715 398.02 558 411 c 24
 530.366 426.791 540.048 457.753 534 489 c 24
855 388 m 25
 459 388 l 25
 459 438 l 25
 855 438 l 25
 876.06 452.04 886.478 485.55 909 474 c 24
 948.848 453.565 961.232 421.469 972 378 c 24
 975.589 363.511 950.04 370.07 936 365 c 25
 837 309 l 25
 855 388 l 25
450 471 m 25
 472.23 441.75 500.492 432.157 507 396 c 24
 512.581 364.995 498.404 344.116 477 321 c 24
 464.971 308.009 448.91 309.752 432 315 c 24
 412.104 321.175 395.052 327.791 390 348 c 24
 384.783 368.868 401.569 379.667 411 399 c 24
 425.001 427.702 434.79 442.92 450 471 c 25
441 630 m 25
 864 630 l 25
 864 630 887 666 912 675 c 1
 938 671 926 642 957 609 c 1
 965 591 948 580 930 580 c 9
 441 580 l 25
 441 630 l 25
45 3 m 25
 105.84 5.33984 140.319 4.01855 201 9 c 24
 297.192 16.8965 351.06 25.4697 447 36 c 25
 393.18 11.4297 364.57 -6.69531 309 -27 c 24
 242.58 -51.2686 202.361 -56.4814 135 -78 c 24
 118.024 -83.4229 106.246 -107.922 93 -96 c 24
 61.1064 -67.2959 63.7197 -35.6104 45 3 c 25
117 -39 m 25
 117 345 l 25
 160 325 196 329 228 294 c 24
 242 279 215 265 207 246 c 25
 207 -39 l 25
 117 -39 l 25
279 273 m 25
 330 273 l 25
 330 273 353 309 378 318 c 1
 404 314 392 285 423 252 c 1
 431 234 414 223 396 223 c 9
 279 223 l 25
 279 273 l 25
238 483 m 1
 328 483 l 1
 328 -9 l 1
 238 -9 l 1
 238 483 l 1
141 502 m 1
 369 502 l 1
 369 452 l 1
 141 452 l 1
 141 502 l 1
135 693 m 25
 327 693 l 25
 343.38 705.87 348.89 731.435 369 726 c 24
 404.178 716.492 421.287 695.381 438 663 c 24
 444.55 650.309 425.19 644.7 417 633 c 25
 417 489 l 17
 409 460 403 438 372 435 c 1
 348 437 337 461 327 489 c 9
 327 643 l 25
 135 643 l 25
 135 693 l 25
105 735 m 25
 148 715 184 719 216 684 c 24
 230 669 203 655 195 636 c 25
 195 471 l 17
 187 442 181 420 150 417 c 1
 126 419 115 443 105 471 c 9
 105 735 l 25
EndSplineSet
EndChar
