Width: 1000
Flags: H
TeX: 117 0
LayerCount: 2
Fore
SplineSet
321 -60 m 24
 293.987 -40.8838 284.4 -23.4004 261 0 c 25
 297 33 l 25
 332.1 9.59961 350.587 -5.70163 387 -27 c 24
 412.748 -42.0605 429.09 -47.1299 456 -60 c 25
 840 -60 l 25
 951 -30 l 25
 926.43 -58.0801 913.213 -74.4951 888 -102 c 24
 874.583 -116.637 866.04 -123.96 852 -138 c 25
 456 -138 l 17
 402 -126 370.635 -95.1261 321 -60 c 24
510 68 m 25
 720 68 l 25
 720 68 743 104 768 113 c 1
 794 109 782 80 813 47 c 1
 821 29 804 18 786 18 c 9
 510 18 l 25
 510 68 l 25
462 177 m 1
 552 177 l 1
 552 -117 l 1
 462 -117 l 1
 462 177 l 1
198 -129 m 24
 162 -156 139 -169 96 -183 c 24
 69 -192 52 -185 24 -186 c 25
 63 -153 86 -136 123 -102 c 24
 164 -64 189 -43 225 0 c 24
 246 25 254 43 270 72 c 24
 282 95 286 109 297 132 c 25
 338 110 370 109 402 75 c 24
 412 64 391 55 384 42 c 25
 359 19 346 5 321 -18 c 24
 273 -62 250 -91 198 -129 c 24
249 188 m 1
 741 188 l 1
 741 138 l 1
 249 138 l 1
 249 188 l 1
252 306 m 25
 687 306 l 25
 703.38 318.87 708.891 344.435 729 339 c 24
 764.178 329.492 781.287 308.381 798 276 c 24
 804.55 263.309 785.19 257.7 777 246 c 25
 777 180 l 17
 769 151 763 129 732 126 c 1
 708 128 697 152 687 180 c 9
 687 256 l 25
 252 256 l 25
 252 306 l 25
219 330 m 25
 262.29 310.11 297.953 314.251 330 279 c 24
 343.745 263.881 317.19 249.72 309 231 c 25
 309 162 l 17
 301 133 295 111 264 108 c 1
 240 110 229 134 219 162 c 9
 219 330 l 25
690 561 m 25
 690 363 l 17
 682 334 676 312 645 309 c 1
 621 311 610 335 600 363 c 9
 600 561 l 25
 690 561 l 25
468 459 m 25
 750 459 l 25
 750 459 773 495 798 504 c 1
 824 500 812 471 843 438 c 1
 851 420 834 409 816 409 c 9
 468 409 l 25
 468 459 l 25
426 579 m 25
 831 579 l 25
 831 579 854 615 879 624 c 1
 905 620 893 591 924 558 c 1
 932 540 915 529 897 529 c 9
 426 529 l 25
 426 579 l 25
690 681 m 25
 783 681 l 25
 772.47 657.6 765.958 644.65 756 621 c 24
 747.231 600.174 743.19 588.06 735 567 c 25
 690 567 l 25
 690 681 l 25
528 690 m 25
 554.91 673.62 579.385 674.118 597 648 c 24
 616.373 619.273 623.866 594.495 615 561 c 24
 610.267 543.116 588.11 542.227 570 546 c 24
 554.59 549.21 549.054 561.47 543 576 c 24
 536.684 591.158 542.142 601.719 540 618 c 24
 536.286 646.224 532.68 661.92 528 690 c 25
600 684 m 25
 600 800 l 25
 643.29 780.11 678.953 784.251 711 749 c 24
 724.745 733.881 698.19 719.72 690 701 c 25
 690 684 l 25
 600 684 l 25
453 708 m 25
 771 708 l 25
 771 708 794 744 819 753 c 1
 845 749 833 720 864 687 c 1
 872 669 855 658 837 658 c 9
 453 658 l 25
 453 708 l 25
168 392 m 1
 363 392 l 1
 363 342 l 1
 168 342 l 1
 168 392 l 1
180 519 m 25
 312 519 l 25
 328 532 334 557 354 552 c 24
 389 542 406 521 423 489 c 24
 430 476 410 471 402 459 c 25
 402 378 l 17
 394 349 388 327 357 324 c 1
 333 326 322 350 312 378 c 9
 312 469 l 25
 180 469 l 25
 180 519 l 25
153 555 m 25
 196 535 232 539 264 504 c 24
 278 489 251 475 243 456 c 25
 243 351 l 17
 235 322 229 300 198 297 c 1
 174 299 163 323 153 351 c 9
 153 555 l 25
120 640 m 1
 345 640 l 1
 345 590 l 1
 120 590 l 1
 120 640 l 1
132 741 m 25
 297 741 l 25
 313 754 319 779 339 774 c 24
 374 764 391 743 408 711 c 24
 415 698 395 693 387 681 c 25
 387 621 l 17
 379 592 373 570 342 567 c 1
 318 569 307 593 297 621 c 9
 297 691 l 25
 132 691 l 25
 132 741 l 25
90 423 m 25
 90 767 l 25
 133 747 169 751 201 716 c 24
 215 701 188 687 180 668 c 25
 180 486 l 25
 176 456 185 435 171 408 c 24
 145 359 123 334 81 297 c 24
 54 273 32 271 0 255 c 25
 20 284 34 299 51 330 c 24
 70 365 75 387 90 423 c 25
EndSplineSet
EndChar
