Width: 1000
Flags: H
TeX: 117 0
LayerCount: 2
Fore
SplineSet
663 150 m 25
 735 150 l 25
 777 110 796 82 843 48 c 24
 886 18 916 11 963 -12 c 25
 937 -33 921 -43 897 -66 c 24
 886 -76 887 -102 873 -96 c 24
 839 -82 832 -56 807 -30 c 24
 771 8 750 28 717 69 c 24
 693 99 684 118 663 150 c 25
609 51 m 24
 577 12 556 -9 513 -36 c 24
 462 -68 427 -73 372 -96 c 25
 420 -47 452 -24 495 30 c 24
 529 73 539 103 567 150 c 25
 663 150 l 25
 642 111 637 85 609 51 c 24
621 306 m 25
 664.29 286.11 699.953 290.251 732 255 c 24
 745.745 239.881 719.19 225.72 711 207 c 25
 711 -120 l 17
 703 -149 697 -171 666 -174 c 1
 642 -172 631 -148 621 -120 c 9
 621 306 l 25
381 180 m 25
 777 180 l 25
 806 208 815 240 840 249 c 1
 866 245 908 192 939 159 c 1
 947 141 930 130 912 130 c 9
 381 130 l 25
 381 180 l 25
591 498 m 25
 687 498 l 25
 665.94 459.39 661.329 432.641 633 399 c 24
 604.046 364.617 581.659 349.933 543 327 c 24
 511.79 308.485 489.93 306.87 456 294 c 25
 495.78 347.82 521.066 376.189 558 432 c 24
 573.882 455.999 578.13 472.26 591 498 c 25
639 321 m 25
 639 498 l 25
 729 498 l 25
 729 282 l 17
 723 255 703.11 235.939 675 234 c 24
 654.218 232.566 657.213 261.769 642 276 c 24
 620.64 295.982 605.4 303.45 582 321 c 25
 639 321 l 25
843 472 m 25
 441 472 l 25
 441 522 l 25
 849 522 l 25
 865 536 871 567 891 558 c 24
 930 540 946 512 960 471 c 24
 965 458 940 462 927 456 c 25
 816 381 l 25
 843 472 l 25
594 657 m 25
 631 641 658 640 690 615 c 24
 721 591 741 572 750 534 c 24
 754 515 735 503 717 498 c 24
 700 493 686 500 675 513 c 24
 654 538 655 560 639 588 c 24
 623 616 612 630 594 657 c 25
759 646 m 25
 453 646 l 25
 453 696 l 25
 771 696 l 25
 791 709 801 741 822 729 c 24
 858 708 870 678 876 636 c 24
 878 619 852 625 837 618 c 17
 711 537 l 1
 687 558 l 9
 759 646 l 25
273 264 m 25
 348 264 l 25
 348 264 371 300 396 309 c 1
 422 305 410 276 441 243 c 1
 449 225 432 214 414 214 c 9
 273 214 l 25
 273 264 l 25
72 -15 m 25
 129 -10 162 -10 219 -3 c 24
 308 8 358 19 447 33 c 25
 400 3 377 -21 327 -45 c 24
 263 -76 223 -84 156 -108 c 24
 139 -114 123 -137 111 -123 c 24
 81 -90 87 -57 72 -15 c 25
96 -63 m 25
 96 330 l 25
 139.29 310.11 174.953 314.251 207 279 c 24
 220.745 263.881 194.19 249.72 186 231 c 25
 186 -63 l 25
 96 -63 l 25
231 456 m 1
 321 456 l 1
 321 -30 l 1
 231 -30 l 1
 231 456 l 1
147 472 m 1
 363 472 l 1
 363 422 l 1
 147 422 l 1
 147 472 l 1
147 696 m 25
 336 696 l 25
 352 709 358 734 378 729 c 24
 413 719 430 698 447 666 c 24
 454 653 434 648 426 636 c 25
 426 462 l 17
 418 433 412 411 381 408 c 1
 357 410 346 434 336 462 c 9
 336 646 l 25
 147 646 l 25
 147 696 l 25
111 738 m 25
 154 718 190 722 222 687 c 24
 236 672 209 658 201 639 c 25
 201 450 l 17
 193 421 187 399 156 396 c 1
 132 398 121 422 111 450 c 9
 111 738 l 25
EndSplineSet
EndChar
