Width: 1000
Flags: H
TeX: 117 0
LayerCount: 2
Fore
SplineSet
462 84 m 25
 504 64 534 62 570 33 c 24
 589 18 598 1 597 -24 c 24
 596 -47 586 -67 564 -72 c 24
 541 -77 527 -61 513 -42 c 24
 494 -17 498 4 486 33 c 24
 478 53 471 64 462 84 c 25
696 -69 m 25
 696 189 l 25
 786 189 l 25
 786 -123 l 17
 771 -150 757 -181 723 -186 c 24
 699 -190 700 -156 684 -138 c 24
 659 -110 644 -96 618 -69 c 25
 696 -69 l 25
381 102 m 25
 822 102 l 25
 851 130 860 162 885 171 c 1
 911 167 953 114 984 81 c 1
 992 63 975 52 957 52 c 9
 381 52 l 25
 381 102 l 25
639 351 m 9
 639 555 l 25
 729 555 l 25
 729 387 l 17
 729 363 738 369 759 366 c 9
 828 366 l 25
 828 309 l 25
 726 309 l 17
 702 309 669 318 639 351 c 9
549 429 m 25
 549 555 l 25
 639 555 l 25
 639 426 l 25
 626 399 628 378 606 357 c 24
 576 328 549 326 513 306 c 25
 513 339 l 25
 532 360 546 369 561 393 c 24
 569 405 566 415 549 429 c 25
474 218 m 1
 843 218 l 1
 843 168 l 1
 474 168 l 1
 474 218 l 1
474 298 m 1
 828 298 l 1
 828 248 l 1
 474 248 l 1
 474 298 l 1
465 453 m 25
 786 453 l 25
 802 466 808 491 828 486 c 24
 863 476 880 455 897 423 c 24
 904 410 884 405 876 393 c 25
 876 201 l 17
 868 172 862 150 831 147 c 1
 807 149 796 173 786 201 c 9
 786 403 l 25
 465 403 l 25
 465 453 l 25
453 480 m 25
 496 460 532 464 564 429 c 24
 578 414 551 400 543 381 c 25
 543 183 l 17
 535 154 529 132 498 129 c 1
 474 131 463 155 453 183 c 9
 453 480 l 25
501 582 m 25
 744 582 l 25
 744 582 767 618 792 627 c 1
 818 623 806 594 837 561 c 1
 845 543 828 532 810 532 c 9
 501 532 l 25
 501 582 l 25
735 688 m 25
 573 688 l 25
 573 738 l 25
 699 738 l 25
 713 754 713 781 735 780 c 24
 768 778 783 757 804 732 c 24
 812 722 802 712 801 699 c 25
 822 676 832 660 855 639 c 24
 877 619 892 609 918 594 c 24
 949 576 968 570 1000 555 c 25
 981 546 966 546 951 531 c 24
 936 516 948 486 927 483 c 24
 898 479 884 501 861 519 c 24
 836 539 827 555 807 579 c 24
 786 604 776 619 756 645 c 25
 735 688 l 25
501 708 m 25
 536 688 566 689 591 657 c 24
 601 644 576 637 567 624 c 24
 551 599 547 581 528 558 c 24
 508 533 493 521 468 501 c 24
 439 479 420 470 390 450 c 25
 406 478 417 493 432 522 c 24
 454 564 465 588 486 630 c 25
 501 708 l 25
12 -15 m 25
 92 -4 136 1 216 12 c 24
 293 22 337 28 414 39 c 25
 374 14 355 -6 312 -24 c 24
 234 -57 186 -64 105 -90 c 24
 85 -97 70 -121 54 -108 c 24
 23 -83 28 -51 12 -15 c 25
63 -33 m 25
 63 354 l 25
 106 334 142 338 174 303 c 24
 188 288 161 274 153 255 c 25
 153 -33 l 25
 63 -33 l 25
231 294 m 25
 303 294 l 25
 303 294 326 330 351 339 c 1
 377 335 365 306 396 273 c 1
 404 255 387 244 369 244 c 9
 231 244 l 25
 231 294 l 25
186 486 m 1
 276 486 l 1
 276 -21 l 1
 186 -21 l 1
 186 486 l 1
120 503 m 1
 309 503 l 1
 309 453 l 1
 120 453 l 1
 120 503 l 1
93 726 m 25
 285 726 l 25
 301 739 307 764 327 759 c 24
 362 749 379 728 396 696 c 24
 403 683 383 678 375 666 c 25
 375 465 l 17
 367 436 361 414 330 411 c 1
 306 413 295 437 285 465 c 9
 285 676 l 25
 93 676 l 25
 93 726 l 25
75 753 m 25
 118 733 154 737 186 702 c 24
 200 687 173 673 165 654 c 25
 165 456 l 17
 157 427 151 405 120 402 c 1
 96 404 85 428 75 456 c 9
 75 753 l 25
EndSplineSet
EndChar
