Width: 1000
Flags: HW
TeX: 117 0
LayerCount: 2
Fore
SplineSet
732 228 m 25
 732 183 l 25
 527 163 412 152 207 132 c 24
 193 131 180 118 171 129 c 24
 145 162 129 228 129 228 c 0
 129 228 497 228 732 228 c 25
882 468 m 25
 882 468 942.703 423.16 960 381 c 24
 966.28 365.691 942.452 361.896 930 351 c 24
 895.615 320.913 876.344 303.69 840 276 c 24
 753.444 210.053 705.857 170.883 615 111 c 24
 551.142 68.9111 513.889 46.0616 444 15 c 24
 376.381 -15.0527 336.171 -28.6595 264 -45 c 0
 211 -57 165 -60 99 -60 c 1
 193 -25 240.482 -6.69743 327 36 c 24
 420.96 82.3701 474.345 109.097 561 168 c 24
 653.938 231.173 703.898 271.27 786 348 c 24
 829.787 388.923 882 468 882 468 c 25
294 378 m 25
 699 378 l 25
 699 328 l 25
 294 328 l 25
 294 378 l 25
282 533 m 25
 705 533 l 25
 705 483 l 25
 282 483 l 25
 282 533 l 25
450 797 m 25
 450 797 517.243 781.102 552 756 c 24
 560.483 749.873 545.082 741.148 540 732 c 24
 521.676 699.017 510.72 680.76 492 648 c 25
 426 648 l 25
 450 797 l 25
675 -75 m 17
 675 631 l 25
 287 631 l 25
 287 681 l 25
 675 681 l 25
 691.38 693.87 696.891 719.435 717 714 c 24
 752.178 704.492 769.287 683.381 786 651 c 24
 792.55 638.309 773.19 632.7 765 621 c 25
 765 -72 l 18
 765 -114 741 -180 696 -180 c 0
 666 -180 664.295 -144.809 639 -129 c 24
 598.177 -103.485 571.29 -96.0596 528 -75 c 25
 675 -75 l 17
246 192 m 25
 246 711 l 25
 246 711 325 695 357 660 c 24
 371 645 344 631 336 612 c 25
 336 192 l 25
 246 192 l 25
EndSplineSet
EndChar
