Width: 1000
Flags: H
TeX: 117 0
LayerCount: 2
Fore
SplineSet
543 -71 m 25
 813 -71 l 25
 813 -121 l 25
 543 -121 l 25
 543 -71 l 25
537 108 m 25
 816 108 l 25
 816 58 l 25
 537 58 l 25
 537 108 l 25
534 270 m 25
 810 270 l 25
 810 220 l 25
 534 220 l 25
 534 270 l 25
525 433 m 25
 774 433 l 25
 790 446 796 471 816 466 c 24
 851 456 868 435 885 403 c 24
 892 390 872 385 864 373 c 25
 864 13 l 2
 864 -8 873 -92 867 -125 c 0
 859 -167 824 -179 804 -179 c 0
 784 -179 766 -172 765 -150 c 0
 764 -130 774 -38 774 -2 c 2
 774 383 l 25
 525 383 l 25
 525 433 l 25
510 466 m 25
 510 466 589 450 621 415 c 24
 635 400 608 386 600 367 c 25
 600 16 l 2
 600 -5 609 -89 603 -122 c 0
 595 -164 560 -176 540 -176 c 0
 520 -176 502 -169 501 -147 c 0
 500 -127 510 -35 510 1 c 2
 510 466 l 25
291 237 m 25
 291 237 351 223 382 201 c 24
 416 176 438 159 453 120 c 24
 463 94 459 69 438 51 c 24
 421 37 399 46 382 60 c 0
 360 78 363 101 346 125 c 24
 326 153 288 193 288 193 c 25
 291 237 l 25
234 333 m 25
 252 178 l 17
 232 139 221 120 195 87 c 24
 170 55 154 38 123 12 c 24
 97 -10 78 -20 48 -33 c 1
 85 30 110 74 147 144 c 24
 173 192 187 220 210 270 c 24
 221 294 234 333 234 333 c 25
75 351 m 25
 363 351 l 25
 363 351 385 382 409 391 c 1
 428 384 452 356 471 330 c 1
 479 312 463 301 445 301 c 9
 75 301 l 25
 75 351 l 25
231 522 m 25
 231 522 310 506 342 471 c 24
 356 456 329 442 321 423 c 25
 321 3 l 2
 321 -18 330 -102 324 -135 c 0
 316 -177 281 -189 261 -189 c 0
 241 -189 223 -182 222 -160 c 0
 221 -140 231 -48 231 -12 c 2
 231 522 l 25
720 630 m 25
 747 600 l 2
 761 584 776 542 770 509 c 0
 762 467 733 460 713 460 c 0
 693 460 673 478 672 500 c 0
 671 520 649 617 649 617 c 9
 687 618 l 25
 720 630 l 25
573 648 m 25
 840 648 l 25
 840 648 862 679 886 688 c 1
 905 681 929 653 948 627 c 1
 956 609 940 598 922 598 c 9
 573 598 l 25
 573 648 l 25
591 759 m 25
 591 759 652 746 675 717 c 24
 685 705 657 699 651 684 c 0
 638 653 620 613 588 576 c 24
 552 535 527 513 480 488 c 1
 506 531 522 562 543 612 c 24
 566 668 591 759 591 759 c 25
366 624 m 25
 366 624 415 589 426 555 c 24
 436 523 438 494 414 471 c 24
 395 452 365 457 345 476 c 24
 320 500 331 528 320 560 c 24
 312 582 297 615 297 615 c 1
 366 624 l 25
206 651 m 25
 426 651 l 25
 426 651 448 682 472 691 c 1
 491 684 515 656 534 630 c 1
 542 612 526 601 508 601 c 9
 206 601 l 25
 206 651 l 25
204 768 m 25
 204 768 280 754 309 720 c 24
 321 706 286 700 276 684 c 0
 253 645 242 626 217 585 c 0
 191 543 175 519 141 483 c 24
 112 453 91 437 57 417 c 1
 81 463 95 493 117 543 c 24
 139 593 151 621 171 672 c 24
 185 709 204 768 204 768 c 25
EndSplineSet
EndChar
