Width: 1000
Flags: HW
LayerCount: 2
Fore
SplineSet
324 659 m 25
 390 659 l 25
 404 629 428 614 426 581 c 24
 424 553 409 529 381 524 c 24
 358 520 348 545 339 566 c 24
 325 600 330 623 324 659 c 25
780 669 m 25
 780 591 l 17
 772 562 766 540 735 537 c 1
 711 539 700 563 690 591 c 9
 690 669 l 25
 780 669 l 25
588 684 m 25
 834 684 l 25
 834 684 857 720 882 729 c 1
 908 725 896 696 927 663 c 1
 935 645 918 634 900 634 c 9
 588 634 l 25
 588 684 l 25
597 795 m 25
 629 776 656 777 678 747 c 24
 687 735 665 727 657 714 c 24
 641 686 636 668 618 642 c 24
 596 610 586 588 555 564 c 24
 532 546 513 548 486 537 c 25
 504 576 514 597 531 636 c 24
 548 673 557 694 573 732 c 24
 583 756 588 770 597 795 c 25
216 683 m 25
 450 683 l 25
 450 683 473 719 498 728 c 1
 524 724 512 695 543 662 c 1
 551 644 534 633 516 633 c 9
 216 633 l 25
 216 683 l 25
216 800 m 25
 249 780 276 779 300 749 c 24
 310 737 296 724 288 710 c 24
 255 656 237 617 195 578 c 0
 163 548 135 545 96 524 c 25
 123 566 143 587 165 632 c 24
 185 673 188 699 201 743 c 24
 208 765 210 778 216 800 c 25
309 102 m 25
 353 74 376 53 423 30 c 24
 506 -10 554 -32 642 -60 c 24
 693 -76 724 -74 777 -81 c 24
 832 -88 863 -91 918 -97 c 25
 888 -114 866 -117 840 -140 c 24
 826 -152 840 -183 822 -183 c 24
 752 -184 714 -166 648 -144 c 24
 568 -117 525 -98 450 -59 c 24
 393 -30 364 -8 312 30 c 24
 277 55 261 74 228 102 c 25
 309 102 l 25
675 71 m 25
 99 71 l 25
 99 121 l 25
 693 121 l 25
 716 131 729 155 753 147 c 24
 787 136 801 113 816 81 c 24
 821 71 801 72 792 66 c 25
 735 36 703 16 645 -12 c 24
 557 -55 509 -84 417 -117 c 24
 353 -140 314 -147 246 -157 c 24
 171 -169 127 -167 51 -173 c 25
 136 -144 185 -130 270 -99 c 24
 347 -71 389 -53 465 -21 c 24
 547 14 593 35 675 71 c 25
249 297 m 25
 624 297 l 25
 653 325 662 357 687 366 c 1
 713 362 755 309 786 276 c 1
 794 258 777 247 759 247 c 9
 249 247 l 25
 249 297 l 25
243 384 m 25
 615 384 l 25
 644 412 653 444 678 453 c 1
 704 449 746 396 777 363 c 1
 785 345 768 334 750 334 c 9
 243 334 l 25
 243 384 l 25
243 207 m 25
 753 207 l 25
 782 235 791 267 816 276 c 1
 842 272 884 219 915 186 c 1
 923 168 906 157 888 157 c 9
 243 157 l 25
 243 207 l 25
456 456 m 1
 546 456 l 1
 546 177 l 1
 456 177 l 1
 456 456 l 1
540 580 m 25
 574 561 600 560 627 532 c 24
 635 523 612 520 603 513 c 25
 537 446 l 25
 477 446 l 25
 495 481 505 500 522 535 c 24
 530 552 533 562 540 580 c 25
243 483 m 25
 714 483 l 25
 743 511 752 543 777 552 c 1
 803 548 845 495 876 462 c 1
 884 444 867 433 849 433 c 9
 243 433 l 25
 243 483 l 25
204 495 m 25
 247 475 283 479 315 444 c 24
 329 429 302 415 294 396 c 25
 294 201 l 17
 286 172 280 150 249 147 c 1
 225 149 214 173 204 201 c 9
 204 495 l 25
240 585 m 25
 280 566 310 567 342 537 c 24
 352 527 327 521 318 510 c 25
 288 474 273 451 240 418 c 24
 206 384 187 365 147 339 c 24
 108 313 81 305 39 284 c 25
 79 328 105 350 141 398 c 24
 174 442 187 470 213 518 c 24
 226 543 229 559 240 585 c 25
EndSplineSet
EndChar
