Width: 1000
Flags: H
TeX: 117 0
LayerCount: 2
Fore
SplineSet
651 387 m 25
 702 387 l 25
 718 309 716 261 744 186 c 24
 772 110 791 66 843 3 c 24
 883 -45 922 -54 972 -90 c 25
 944 -102 927 -107 900 -120 c 24
 879 -130 871 -156 849 -150 c 24
 814 -140 801 -117 780 -87 c 24
 749 -42 740 -11 720 39 c 24
 699 90 686 120 675 174 c 24
 659 256 660 304 651 387 c 25
573 378 m 25
 573 -93 l 17
 565 -122 559 -144 528 -147 c 1
 504 -145 493 -121 483 -93 c 9
 483 378 l 25
 573 378 l 25
747 468 m 25
 772.74 435.24 799.825 423.524 813 384 c 24
 817.471 370.588 792.87 374.85 780 369 c 25
 707.46 361.98 666.591 357.473 594 351 c 24
 482.897 341.093 420.15 336.36 309 327 c 25
 309 375 l 25
 426 394.89 492.909 401.351 609 426 c 24
 664.03 437.685 693.18 451.62 747 468 c 25
273 147 m 25
 273 405 l 25
 316 385 352 389 384 354 c 24
 398 339 371 325 363 306 c 25
 363 117 l 17
 354 69 334 22 300 -30 c 24
 275 -68 255 -88 216 -111 c 24
 168 -139 134 -138 81 -156 c 25
 118 -122 143 -106 177 -69 c 24
 209 -34 230 -14 249 30 c 24
 268 73 264 101 273 147 c 25
666 573 m 25
 771 573 l 25
 787.38 539.07 814.792 523.635 813 486 c 24
 811.853 461.907 788.863 443.49 765 447 c 24
 735.533 451.333 729.4 477.581 711 501 c 24
 690.542 527.037 683.55 544.92 666 573 c 25
588 612 m 25
 864 612 l 25
 864 612 887 648 912 657 c 1
 938 653 926 624 957 591 c 1
 965 573 948 562 930 562 c 9
 588 562 l 25
 588 612 l 25
585 762 m 25
 626 748 657 754 690 726 c 24
 702 716 679 704 672 690 c 25
 650 642 642 613 615 567 c 24
 600 542 588 530 567 510 c 24
 551 495 540 490 522 477 c 25
 531 512 538 532 546 567 c 24
 555 605 559 627 567 666 c 24
 574 703 578 725 585 762 c 25
405 591 m 25
 405 480 l 17
 397 451 391 429 360 426 c 1
 336 428 325 452 315 480 c 9
 315 591 l 25
 405 591 l 25
234 606 m 25
 447 606 l 25
 447 606 470 642 495 651 c 1
 521 647 509 618 540 585 c 1
 548 567 531 556 513 556 c 9
 234 556 l 25
 234 606 l 25
234 744 m 25
 274 724 305 725 336 693 c 24
 347 682 323 673 315 660 c 25
 278 594 266 551 219 492 c 24
 186 451 165 435 114 408 c 9
 139 471 154 506 177 570 c 24
 201 637 212 676 234 744 c 25
EndSplineSet
EndChar
