Width: 1000
Flags: H
TeX: 117 0
LayerCount: 2
Fore
SplineSet
579 93 m 25
 604.74 77.79 624.103 75.3828 645 54 c 24
 675.619 22.6689 701.805 4.36814 708 -39 c 24
 711.773 -65.4121 690.48 -82.392 666 -93 c 24
 648.004 -100.798 628.249 -94.7215 618 -78 c 24
 601.998 -51.8916 615.809 -29.8551 609 0 c 24
 600.525 37.1562 590.7 56.7305 579 93 c 25
426 72 m 25
 457.59 56.79 483.51 59.029 507 33 c 24
 530.306 7.1748 540.149 -16.3564 537 -51 c 24
 534.748 -75.7725 519.656 -95.7125 495 -99 c 24
 471.806 -102.093 457.209 -84.0557 447 -63 c 24
 436.281 -40.8916 450.777 -24.2783 447 0 c 24
 442.504 28.9023 434.19 43.9199 426 72 c 25
273 66 m 25
 306.93 44.9404 335.14 43.2524 360 12 c 24
 379.435 -12.4326 385.572 -35.7128 378 -66 c 24
 370.975 -94.1025 355.471 -114.662 327 -120 c 24
 304.91 -124.142 291.008 -104.59 282 -84 c 24
 272.609 -62.5352 285 -47.3876 285 -24 c 24
 285 11.3467 277.68 30.9004 273 66 c 25
138 57 m 25
 161.4 16.0498 192.872 -1.11525 198 -48 c 24
 202.043 -84.9629 185.293 -108.707 159 -135 c 24
 142.126 -151.874 121.777 -154.118 99 -147 c 24
 78.4082 -140.565 60.6812 -126.449 63 -105 c 24
 66.5234 -72.4092 97.2277 -65.7481 111 -36 c 24
 126.867 -1.72754 127.47 20.7305 138 57 c 25
798 -24 m 25
 798 76 l 25
 222 76 l 25
 222 126 l 25
 798 126 l 25
 814.38 138.87 819.891 164.435 840 159 c 24
 875.178 149.492 892.287 128.381 909 96 c 24
 915.55 83.3086 896.19 77.7002 888 66 c 25
 888 -81 l 25
 866.94 -107.91 861.27 -129.409 834 -150 c 24
 802.24 -173.981 780.752 -193.893 741 -192 c 24
 718.309 -190.92 724.334 -159.789 708 -144 c 24
 688.634 -125.279 673.23 -120.21 651 -105 c 25
 753 -105 l 25
 765.48 -92.1299 776.294 -87.6709 785 -72 c 24
 794.419 -55.0459 792.93 -42.7197 798 -24 c 25
228 252 m 25
 603 252 l 25
 632 280 641 312 666 321 c 1
 692 317 734 264 765 231 c 1
 773 213 756 202 738 202 c 9
 228 202 l 25
 228 252 l 25
222 366 m 25
 615 366 l 25
 644 394 653 426 678 435 c 1
 704 431 746 378 777 345 c 1
 785 327 768 316 750 316 c 9
 222 316 l 25
 222 366 l 25
462 480 m 1
 552 480 l 1
 552 120 l 1
 462 120 l 1
 462 480 l 1
222 498 m 25
 714 498 l 25
 743 526 752 558 777 567 c 1
 803 563 845 510 876 477 c 1
 884 459 867 448 849 448 c 9
 222 448 l 25
 222 498 l 25
195 525 m 25
 238 505 274 509 306 474 c 24
 320 459 293 445 285 426 c 25
 285 108 l 17
 277 79 271 57 240 54 c 1
 216 56 205 80 195 108 c 9
 195 525 l 25
726 669 m 25
 726 576 l 17
 718 547 712 525 681 522 c 1
 657 524 646 548 636 576 c 9
 636 669 l 25
 726 669 l 25
543 684 m 25
 810 684 l 25
 810 684 833 720 858 729 c 1
 884 725 872 696 903 663 c 1
 911 645 894 634 876 634 c 9
 543 634 l 25
 543 684 l 25
528 783 m 25
 565.44 767.79 598.349 775.227 624 744 c 24
 636.991 728.185 607.53 716.55 597 699 c 25
 568.92 652.2 562.11 619.02 525 579 c 24
 500.429 552.501 475.59 551.55 444 534 c 25
 462.72 578.46 476.58 602.291 492 648 c 24
 509.418 699.631 513.96 730.35 528 783 c 25
279 663 m 25
 366 663 l 25
 383.55 624.39 411 606.411 411 564 c 24
 411 536.586 393.401 509.17 366 510 c 24
 335.393 510.928 327.136 540.381 312 567 c 24
 292.431 601.415 291.87 625.56 279 663 c 25
168 678 m 25
 378 678 l 25
 378 678 401 714 426 723 c 1
 452 719 440 690 471 657 c 1
 479 639 462 628 444 628 c 9
 168 628 l 25
 168 678 l 25
165 777 m 25
 205.95 764.13 234.994 768.843 270 744 c 24
 281.168 736.074 262.68 723.87 258 711 c 25
 243.96 682.92 237.415 666.35 222 639 c 24
 201.112 601.94 190.938 579.719 165 546 c 24
 143.814 518.459 130.355 503.085 102 483 c 24
 73.3896 462.734 52.5898 459.21 21 444 c 25
 43.2305 483.78 57.8276 505.138 78 546 c 24
 103.505 597.663 117.693 627.081 138 681 c 24
 151.708 717.396 154.47 739.56 165 777 c 25
EndSplineSet
EndChar
