Width: 1000
Flags: H
TeX: 117 0
LayerCount: 2
Fore
SplineSet
582 42 m 25
 648 19 688 14 750 -18 c 24
 788 -37 808 -53 834 -87 c 24
 850 -108 863 -129 852 -153 c 24
 842 -175 818 -178 795 -174 c 24
 770 -170 762 -153 744 -135 c 24
 713 -104 701 -83 672 -51 c 24
 638 -14 617 6 582 42 c 25
375 27 m 25
 409 4 436 -1 462 -33 c 24
 469 -42 451 -48 444 -57 c 25
 407 -79 387 -94 348 -114 c 24
 311 -133 290 -146 249 -156 c 24
 180 -172 150 -177 69 -180 c 9
 111 -159 137 -150 177 -126 c 24
 228 -95 256 -76 303 -39 c 24
 333 -16 347 1 375 27 c 25
357 190 m 1
 666 190 l 1
 666 140 l 1
 357 140 l 1
 357 190 l 1
357 300 m 1
 660 300 l 1
 660 250 l 1
 357 250 l 1
 357 300 l 1
87 84 m 25
 819 84 l 25
 848 112 857 144 882 153 c 1
 908 149 950 96 981 63 c 1
 989 45 972 34 954 34 c 9
 87 34 l 25
 87 84 l 25
621 57 m 25
 621 531 l 25
 664 511 700 515 732 480 c 24
 746 465 719 451 711 432 c 25
 711 57 l 25
 621 57 l 25
162 414 m 25
 768 414 l 25
 797 442 806 474 831 483 c 1
 857 479 899 426 930 393 c 1
 938 375 921 364 903 364 c 9
 162 364 l 25
 162 414 l 25
330 57 m 25
 330 534 l 25
 373 514 409 518 441 483 c 24
 455 468 428 454 420 435 c 25
 420 57 l 25
 330 57 l 25
780 630 m 25
 780 540 l 17
 772 511 766 489 735 486 c 1
 711 488 700 512 690 540 c 9
 690 630 l 25
 780 630 l 25
573 654 m 25
 873 654 l 25
 873 654 896 690 921 699 c 1
 947 695 935 666 966 633 c 1
 974 615 957 604 939 604 c 9
 573 604 l 25
 573 654 l 25
570 783 m 25
 612 765 645 770 678 738 c 24
 690 726 665 714 657 699 c 25
 636 663 626 641 603 606 c 24
 586 581 578 566 555 546 c 24
 529 523 509 517 480 498 c 25
 498 538 510 559 525 600 c 24
 539 637 546 658 555 696 c 24
 563 729 564 749 570 783 c 25
390 621 m 25
 390 513 l 17
 382 484 376 462 345 459 c 1
 321 461 310 485 300 513 c 9
 300 621 l 25
 390 621 l 25
216 639 m 25
 402 639 l 25
 402 639 425 675 450 684 c 1
 476 680 464 651 495 618 c 1
 503 600 486 589 468 589 c 9
 216 589 l 25
 216 639 l 25
219 780 m 25
 259 766 288 770 321 744 c 24
 332 736 314 724 309 711 c 25
 283 665 275 636 243 594 c 24
 210 551 189 527 144 495 c 24
 114 474 91 475 57 462 c 25
 84 504 102 526 126 570 c 24
 155 622 168 653 192 708 c 24
 204 735 208 752 219 780 c 25
EndSplineSet
EndChar
