Width: 1000
Flags: H
TeX: 117 0
LayerCount: 2
Fore
SplineSet
43 -72 m 25
 820 -72 l 25
 849 -44 858 -12 883 -3 c 1
 909 -7 951 -60 982 -93 c 1
 990 -111 973 -122 955 -122 c 9
 43 -122 l 25
 43 -72 l 25
622 282 m 25
 622 282 701 265 741 235 c 24
 751 227 722 223 720 210 c 0
 708 146 705 132 690 83 c 24
 676 39 666 14 647 -28 c 24
 633 -60 605 -108 605 -108 c 25
 572 -108 l 25
 572 -108 583 -48 589 -9 c 24
 598 54 603 90 610 153 c 24
 616 203 622 282 622 282 c 25
289 278 m 1
 323 250 346 229 374 191 c 24
 401 155 417 133 429 90 c 24
 443 40 448 9 439 -42 c 24
 435 -65 420 -82 397 -86 c 24
 378 -89 362 -76 356 -57 c 24
 336 6 345 48 336 112 c 0
 329 162 313 210 289 278 c 1
144 303 m 25
 741 303 l 25
 770 331 779 363 804 372 c 1
 830 368 872 315 903 282 c 1
 911 264 894 253 876 253 c 9
 144 253 l 25
 144 303 l 25
471 273 m 25
 471 477 l 25
 471 477 550 461 582 426 c 24
 596 411 569 397 561 378 c 25
 561 273 l 25
 471 273 l 25
676 609 m 25
 732 609 l 17
 766 576 782 558 799 516 c 24
 810 489 814 468 799 441 c 0
 787 420 758 414 739 429 c 24
 712 451 720 480 709 513 c 24
 696 550 689 572 676 609 c 25
586 636 m 25
 853 636 l 25
 853 636 875 667 899 676 c 1
 918 669 942 641 961 615 c 1
 969 597 953 586 935 586 c 9
 586 586 l 25
 586 636 l 25
610 762 m 25
 610 762 680 736 711 703 c 24
 720 693 697 688 689 677 c 0
 662 641 646 617 622 583 c 0
 600 552 587 535 559 510 c 24
 533 487 516 473 485 461 c 1
 510 503 521 525 541 567 c 24
 556 597 563 615 574 647 c 24
 590 691 610 762 610 762 c 25
388 609 m 17
 410 591 422 579 434 562 c 0
 448 542 467 489 459 461 c 0
 451 432 413 415 387 431 c 0
 366 444 361 500 351 528 c 8
 339 561 327 577 312 609 c 25
 388 609 l 17
226 633 m 25
 454 633 l 25
 454 633 476 664 500 673 c 1
 519 666 543 638 562 612 c 1
 570 594 554 583 536 583 c 9
 226 583 l 25
 226 633 l 25
202 762 m 25
 202 762 288 735 328 696 c 24
 339 685 311 684 304 663 c 0
 291 624 278 599 256 560 c 0
 227 508 209 484 172 441 c 24
 151 416 136 406 107 388 c 1
 123 427 134 457 147 503 c 24
 165 564 173 598 186 660 c 24
 194 699 202 762 202 762 c 25
EndSplineSet
EndChar
