Width: 1000
Flags: H
TeX: 117 0
LayerCount: 2
Fore
SplineSet
321 -105 m 25
 726 -105 l 25
 726 -155 l 25
 321 -155 l 25
 321 -105 l 25
306 60 m 25
 699 60 l 25
 715 73 721 98 741 93 c 24
 776 83 793 62 810 30 c 24
 817 17 797 12 789 0 c 25
 789 -127 l 17
 781 -156 775 -178 744 -181 c 1
 720 -179 709 -155 699 -127 c 9
 699 10 l 25
 306 10 l 25
 306 60 l 25
306 199 m 25
 681 199 l 25
 681 149 l 25
 306 149 l 25
 306 199 l 25
294 339 m 9
 648 339 l 25
 664 352 670 377 690 372 c 24
 725 362 742 341 759 309 c 24
 766 296 746 291 738 279 c 25
 738 159 l 17
 730 130 724 108 693 105 c 1
 669 107 658 131 648 159 c 9
 648 289 l 25
 294 289 l 25
 294 339 l 9
261 366 m 25
 304 346 340 350 372 315 c 24
 386 300 359 286 351 267 c 25
 351 -136 l 17
 343 -165 337 -187 306 -190 c 1
 282 -188 271 -164 261 -136 c 9
 261 366 l 25
468 429 m 25
 468 597 l 25
 511 577 547 581 579 546 c 24
 593 531 566 517 558 498 c 25
 558 429 l 25
 468 429 l 25
759 632 m 25
 759 536 l 17
 751 507 745 485 714 482 c 1
 690 484 679 508 669 536 c 9
 669 632 l 25
 759 632 l 25
576 670 m 9
 811 670 l 25
 811 670 833 701 857 710 c 1
 876 703 900 675 919 649 c 1
 927 631 911 620 893 620 c 9
 576 620 l 25
 576 670 l 9
585 795 m 25
 624 775 653 775 684 744 c 24
 694 734 673 726 666 714 c 24
 642 673 632 648 606 609 c 24
 595 592 587 582 570 570 c 24
 545 552 528 546 501 531 c 25
 519 574 530 598 546 642 c 24
 557 673 562 691 570 723 c 24
 577 751 579 767 585 795 c 25
816 403 m 25
 195 403 l 25
 195 453 l 25
 816 453 l 25
 829 465 833 489 849 483 c 24
 890 468 907 446 933 411 c 24
 939 403 924 398 918 390 c 25
 816 312 l 25
 816 403 l 25
153 408 m 24
 171 439 179 457 195 489 c 25
 206 448 222 426 222 384 c 24
 222 346 218 321 195 291 c 24
 179 270 158 256 132 264 c 24
 107 272 95 296 99 321 c 24
 105 361 133 373 153 408 c 24
384 648 m 25
 384 543 l 17
 376 514 370 492 339 489 c 1
 315 491 304 515 294 543 c 9
 294 648 l 25
 384 648 l 25
210 663 m 25
 429 663 l 25
 429 663 451 694 475 703 c 1
 494 696 518 668 537 642 c 1
 545 624 529 613 511 613 c 9
 210 613 l 25
 210 663 l 25
21 456 m 9
 51 497 71 519 99 561 c 24
 126 601 140 624 162 666 c 24
 185 710 195 737 216 783 c 25
 257 763 292 767 321 732 c 24
 333 717 303 708 291 693 c 24
 243 634 225 593 168 543 c 24
 118 499 78 477 21 456 c 9
EndSplineSet
EndChar
