Width: 1000
Flags: H
TeX: 117 0
LayerCount: 2
Fore
SplineSet
198 45 m 1
 411 45 l 1
 411 0 l 1
 198 0 l 1
 198 45 l 1
204 174 m 1
 423 174 l 1
 423 123 l 1
 204 123 l 1
 204 174 l 1
732 -69 m 25
 732 342 l 25
 775.29 322.11 810.953 326.251 843 291 c 24
 856.745 275.881 830.19 261.72 822 243 c 25
 822 -99 l 17
 822 -123 794.617 -153.408 762 -159 c 24
 738.339 -163.057 736.205 -131.404 717 -117 c 24
 689.218 -96.1631 671.25 -87.7197 642 -69 c 25
 732 -69 l 25
564 285 m 25
 607 265 643 269 675 234 c 24
 689 219 662 205 654 186 c 25
 654 -6 l 17
 646 -35 640 -57 609 -60 c 1
 585 -58 574 -34 564 -6 c 9
 564 285 l 25
369 -63 m 25
 369 244 l 25
 207 244 l 25
 207 294 l 25
 369 294 l 25
 385.38 306.87 390.89 332.435 411 327 c 24
 446.178 317.492 463.287 296.381 480 264 c 24
 486.55 251.309 467.19 245.7 459 234 c 25
 459 -108 l 25
 439.11 -127.89 436.129 -159 408 -159 c 24
 381.475 -159 381.456 -127.052 363 -108 c 24
 345.146 -89.5703 333.72 -80.5498 315 -63 c 25
 369 -63 l 25
171 317 m 25
 214 297 250 301 282 266 c 24
 296 251 269 237 261 218 c 25
 261 -100 l 17
 253 -129 247 -151 216 -154 c 1
 192 -152 181 -128 171 -100 c 9
 171 317 l 25
564 543 m 25
 603.78 524.28 634.912 526.088 666 495 c 24
 676.53 484.47 649.53 478.53 639 468 c 25
 576 372 l 25
 513 372 l 25
 564 543 l 25
318 552 m 25
 350.76 523.92 381.046 517.718 402 480 c 24
 419.084 449.249 426.099 420.165 408 390 c 24
 395.961 369.935 365.195 374.128 348 390 c 24
 326.731 409.632 335.27 433.54 330 462 c 24
 323.552 496.818 322.68 516.9 318 552 c 25
87 402 m 25
 780 402 l 25
 809 430 818 462 843 471 c 1
 869 467 911 414 942 381 c 1
 950 363 933 352 915 352 c 9
 87 352 l 25
 87 402 l 25
636 651 m 25
 720 651 l 25
 736.38 615.9 762.79 599.726 762 561 c 24
 761.422 532.684 745.149 500.872 717 504 c 24
 680.783 508.024 671.586 541.085 654 573 c 24
 638.934 600.343 643.02 620.58 636 651 c 25
534 675 m 25
 846 675 l 25
 846 675 869 711 894 720 c 1
 920 716 908 687 939 654 c 1
 947 636 930 625 912 625 c 9
 534 625 l 25
 534 675 l 25
546 792 m 25
 584.61 775.62 614.135 778.396 645 750 c 24
 655.368 740.461 630.36 733.53 621 723 c 25
 602.28 690.24 594.882 669.738 573 639 c 24
 545.547 600.436 530.537 577.273 495 546 c 24
 471.026 524.903 451.08 522.21 423 507 c 25
 458.1 583.05 479.81 625.097 513 702 c 24
 527.813 736.325 533.13 756.9 546 792 c 25
282 642 m 25
 369 642 l 25
 376.02 612.75 390.25 596.904 387 567 c 24
 384.003 539.426 381.675 505.845 354 504 c 24
 322.632 501.909 311.542 533.128 297 561 c 24
 282.139 589.483 287.85 610.41 282 642 c 25
198 657 m 25
 402 657 l 25
 402 657 425 693 450 702 c 1
 476 698 464 669 495 636 c 1
 503 618 486 607 468 607 c 9
 198 607 l 25
 198 657 l 25
201 792 m 25
 240.78 774.45 272.256 777.744 303 747 c 24
 314.253 735.747 288.36 726.87 279 714 c 25
 255.6 667.2 247.325 637.994 219 594 c 24
 191.994 552.056 174.743 528.743 138 495 c 24
 116.405 475.168 97.7402 473.04 72 459 c 25
 91.8896 504.63 103.519 530.194 123 576 c 24
 146.811 631.987 162.336 662.776 183 720 c 24
 192.831 747.224 193.98 763.92 201 792 c 25
EndSplineSet
EndChar
