Width: 1000
Flags: HW
LayerCount: 2
Fore
SplineSet
411 672 m 25
 411 591 l 17
 403 562 397 540 366 537 c 1
 342 539 331 563 321 591 c 9
 321 672 l 25
 411 672 l 25
777 678 m 25
 777 597 l 17
 769 568 763 546 732 543 c 1
 708 545 697 569 687 597 c 9
 687 678 l 25
 777 678 l 25
582 699 m 25
 840 699 l 25
 840 699 862 730 886 739 c 1
 905 732 929 704 948 678 c 1
 956 660 940 649 922 649 c 9
 582 649 l 25
 582 699 l 25
570 795 m 25
 611 782 641 789 675 762 c 24
 687 753 662 742 654 729 c 25
 642 701 639 683 624 657 c 24
 604 623 593 603 564 576 c 24
 543 556 524 554 498 540 c 25
 514 580 527 601 540 642 c 24
 552 681 553 704 561 744 c 24
 565 764 566 775 570 795 c 25
225 693 m 25
 414 693 l 25
 414 693 436 724 460 733 c 1
 479 726 503 698 522 672 c 1
 530 654 514 643 496 643 c 9
 225 643 l 25
 225 693 l 25
249 795 m 25
 292 776 329 782 360 747 c 24
 373 732 340 723 327 708 c 25
 301 676 290 656 261 627 c 24
 224 589 202 568 159 537 c 24
 114 505 84 495 36 468 c 25
 71 510 94 531 126 576 c 24
 163 629 181 661 213 717 c 24
 229 746 235 765 249 795 c 25
918 -187 m 9
 507 -187 l 17
 479 -182 455 -164 450 -139 c 9
 450 223 l 25
 540 223 l 25
 540 -56 l 17
 540 -77 560 -106 576 -107 c 9
 840 -107 l 25
 852 -97 861 -94 870 -81 c 24
 887 -56 892 -38 906 -11 c 25
 913 -51 911 -75 924 -114 c 24
 929 -129 952 -128 951 -144 c 24
 949 -165 936 -171 918 -187 c 9
225 14 m 25
 768 14 l 25
 768 -36 l 25
 225 -36 l 25
 225 14 l 25
216 135 m 25
 762 135 l 25
 762 85 l 25
 216 85 l 25
 216 135 l 25
216 246 m 25
 705 246 l 25
 721 259 727 284 747 279 c 24
 782 269 799 248 816 216 c 24
 823 203 803 198 795 186 c 25
 795 6 l 17
 787 -23 781 -45 750 -48 c 1
 726 -46 715 -22 705 6 c 9
 705 196 l 25
 216 196 l 25
 216 246 l 25
192 276 m 25
 235 256 271 260 303 225 c 24
 317 210 290 196 282 177 c 25
 282 -8 l 17
 274 -37 268 -59 237 -62 c 1
 213 -60 202 -36 192 -8 c 9
 192 276 l 25
624 468 m 25
 665 456 693 459 729 436 c 24
 739 430 717 422 711 413 c 24
 683 373 669 350 642 309 c 25
 594 312 l 25
 624 468 l 25
300 471 m 25
 334 453 359 452 387 426 c 24
 405 409 410 391 411 366 c 24
 412 344 410 324 390 315 c 24
 372 307 357 321 345 336 c 24
 326 361 325 381 315 411 c 24
 307 434 306 448 300 471 c 25
81 345 m 25
 792 345 l 25
 821 373 830 405 855 414 c 1
 881 410 923 357 954 324 c 1
 962 306 945 295 927 295 c 9
 81 295 l 25
 81 345 l 25
144 491 m 25
 717 491 l 25
 746 519 755 551 780 560 c 1
 806 556 848 503 879 470 c 1
 887 452 870 441 852 441 c 9
 144 441 l 25
 144 491 l 25
462 461 m 25
 462 612 l 25
 505 592 541 596 573 561 c 24
 587 546 560 532 552 513 c 25
 552 461 l 25
 462 461 l 25
EndSplineSet
EndChar
