Width: 1000
Flags: H
TeX: 117 0
LayerCount: 2
Fore
SplineSet
465 -74 m 25
 855 -74 l 25
 855 -124 l 25
 465 -124 l 25
 465 -74 l 25
462 143 m 25
 858 143 l 25
 858 93 l 25
 462 93 l 25
 462 143 l 25
648 306 m 25
 573 306 l 25
 591 510 l 25
 632 491 663 492 696 462 c 24
 707 452 688 440 684 426 c 24
 670 379 662 353 648 306 c 25
453 327 m 25
 804 327 l 25
 820 340 826 365 846 360 c 24
 881 350 898 329 915 297 c 24
 922 284 902 279 894 267 c 25
 894 -96 l 17
 886 -125 880 -147 849 -150 c 1
 825 -148 814 -124 804 -96 c 9
 804 277 l 25
 453 277 l 25
 453 327 l 25
408 360 m 25
 451 340 487 344 519 309 c 24
 533 294 506 280 498 261 c 25
 498 -120 l 17
 490 -149 484 -171 453 -174 c 1
 429 -172 418 -148 408 -120 c 9
 408 360 l 25
111 36 m 25
 207 51 l 25
 234 87 251 107 276 144 c 24
 296 174 304 194 324 225 c 24
 347 260 362 278 387 312 c 25
 353 221 332 170 300 78 c 24
 291 54 282 15 282 15 c 1
 282 15 299 -79 288 -138 c 24
 283 -166 271 -190 243 -195 c 24
 218 -199 202 -177 195 -153 c 24
 180 -100 193 -67 192 -12 c 25
 111 36 l 25
99 279 m 25
 133 270 156 273 186 255 c 24
 210 240 226 226 231 198 c 24
 235 173 229 151 207 138 c 24
 188 127 168 138 153 153 c 24
 137 169 144 189 135 210 c 24
 123 238 113 252 99 279 c 25
183 447 m 25
 225.12 432.96 255.153 437.196 291 411 c 24
 319.839 389.926 338.008 368.705 339 333 c 24
 339.586 311.916 314.907 300.212 294 303 c 24
 270.204 306.173 263.997 326.254 249 345 c 24
 235.583 361.771 233.668 374.968 222 393 c 24
 207.888 414.811 198.21 425.94 183 447 c 25
690 651 m 25
 756 651 l 25
 774 612 790 593 801 552 c 24
 807 529 807 513 798 492 c 24
 791 475 779 456 762 462 c 24
 735 471 727 493 717 519 c 24
 698 568 701 600 690 651 c 25
384 642 m 25
 384 522 l 17
 376 493 370 471 339 468 c 1
 315 470 304 494 294 522 c 9
 294 642 l 25
 384 642 l 25
567 684 m 25
 861 684 l 25
 861 684 884 720 909 729 c 1
 935 725 923 696 954 663 c 1
 962 645 945 634 927 634 c 9
 567 634 l 25
 567 684 l 25
549 792 m 25
 592.29 777.96 624.463 784.43 660 756 c 24
 672.692 745.846 645.91 734.712 639 720 c 24
 609.606 657.42 608.169 613.546 567 558 c 24
 532.292 511.171 504 495 450 465 c 9
 471.06 508.29 487.735 530.691 504 576 c 24
 520.683 622.473 523.93 650.662 534 699 c 24
 541.493 734.967 543.15 755.73 549 792 c 25
192 672 m 25
 414 672 l 25
 414 672 437 708 462 717 c 1
 488 713 476 684 507 651 c 1
 515 633 498 622 480 622 c 9
 192 622 l 25
 192 672 l 25
192 789 m 25
 236.46 762.09 270.418 757.878 306 720 c 24
 315.778 709.591 293.603 701.399 285 690 c 24
 246.797 639.381 229.411 607.23 186 561 c 24
 138.91 510.853 117 483 54 444 c 9
 80.9102 497.82 98.8493 526.887 123 582 c 24
 144.545 631.167 154.025 660.075 171 711 c 24
 180.962 740.887 183.81 758.58 192 789 c 25
EndSplineSet
EndChar
