Width: 1000
Flags: H
TeX: 117 0
LayerCount: 2
Fore
SplineSet
467 115 m 1
 557 115 l 1
 557 -131 l 1
 467 -131 l 1
 467 115 l 1
110 -107 m 25
 782 -107 l 25
 811 -79 820 -47 845 -38 c 1
 871 -42 913 -95 944 -128 c 1
 952 -146 935 -157 917 -157 c 9
 110 -157 l 25
 110 -107 l 25
212 19 m 25
 635 19 l 25
 664 47 673 79 698 88 c 1
 724 84 766 31 797 -2 c 1
 805 -20 788 -31 770 -31 c 9
 212 -31 l 25
 212 19 l 25
146 139 m 25
 731 139 l 25
 760 167 769 199 794 208 c 1
 820 204 862 151 893 118 c 1
 901 100 884 89 866 89 c 9
 146 89 l 25
 146 139 l 25
236 253 m 1
 749 253 l 1
 749 203 l 1
 236 203 l 1
 236 253 l 1
254 363 m 1
 779 363 l 1
 779 313 l 1
 254 313 l 1
 254 363 l 1
257 466 m 25
 701 466 l 25
 717 479 723 504 743 499 c 24
 778 489 795 468 812 436 c 24
 819 423 799 418 791 406 c 25
 791 250 l 17
 783 221 777 199 746 196 c 1
 722 198 711 222 701 250 c 9
 701 416 l 25
 257 416 l 25
 257 466 l 25
215 493 m 25
 258 473 294 477 326 442 c 24
 340 427 313 413 305 394 c 25
 305 232 l 17
 297 203 291 181 260 178 c 1
 236 180 225 204 215 232 c 9
 215 493 l 25
482 574 m 25
 522 554 552 554 584 523 c 24
 594 514 571 507 563 496 c 25
 497 430 l 25
 422 433 l 25
 482 574 l 25
641 658 m 25
 734 658 l 25
 742 622 759 602 755 565 c 24
 752 539 745 511 719 508 c 24
 693 505 683 533 671 556 c 24
 652 593 653 618 641 658 c 25
548 682 m 25
 788 682 l 25
 788 682 811 718 836 727 c 1
 862 723 850 694 881 661 c 1
 889 643 872 632 854 632 c 9
 548 632 l 25
 548 682 l 25
515 775 m 25
 556 757 583 755 620 730 c 24
 627 725 616 717 614 709 c 25
 600 681 596 663 578 637 c 24
 559 609 546 594 521 571 c 24
 497 549 479 542 452 523 c 25
 467 567 480 591 491 637 c 24
 504 690 506 721 515 775 c 25
302 649 m 25
 386 649 l 25
 394 601 416 574 407 526 c 24
 403 505 380 499 359 502 c 24
 340 505 333 520 326 538 c 24
 310 579 311 606 302 649 c 25
200 676 m 25
 380 676 l 25
 380 676 403 712 428 721 c 1
 454 717 442 688 473 655 c 1
 481 637 464 626 446 626 c 9
 200 626 l 25
 200 676 l 25
191 769 m 25
 231 756 259 760 293 736 c 24
 305 727 293 712 293 697 c 25
 273 662 266 640 242 607 c 24
 221 578 208 562 179 541 c 24
 151 521 130 519 98 505 c 25
 121 547 142 568 158 613 c 24
 179 672 178 708 191 769 c 25
EndSplineSet
EndChar
