Width: 1000
Flags: H
TeX: 117 0
LayerCount: 2
Fore
SplineSet
786 -123 m 24
 745 -122 721 -107 690 -81 c 0
 633 -33 611 -11 568 40 c 24
 528 88 477 174 477 174 c 25
 498 216 l 25
 498 216 586 105 657 51 c 24
 714 7 754 -9 822 -33 c 24
 872 -51 957 -54 957 -54 c 25
 957 -54 899 -70 864 -84 c 24
 832 -97 820 -124 786 -123 c 24
465 246 m 25
 495 132 l 25
 495 132 422 52 366 12 c 24
 298 -36 257 -61 180 -93 c 24
 127 -115 102 -123 36 -126 c 1
 96 -90 134 -64 192 -18 c 24
 259 35 296 67 357 126 c 24
 402 170 465 246 465 246 c 25
693 192 m 10
 693 256 l 25
 213 256 l 25
 213 306 l 25
 693 306 l 25
 709 319 715 344 735 339 c 24
 770 329 787 308 804 276 c 24
 811 263 791 258 783 246 c 25
 783 193 l 18
 783 171 790 119 783 104 c 0
 776 88 730 62 708 57 c 0
 683 51 691 95 672 111 c 24
 649 131 629 133 602 147 c 17
 662 147 l 2
 687 147 693 159 693 192 c 10
183 339 m 25
 183 339 262 323 294 288 c 24
 308 273 281 259 273 240 c 25
 273 240 l 2
 273 219 282 154 276 121 c 0
 268 79 233 73 213 73 c 0
 193 73 175 80 174 102 c 0
 173 122 183 195 183 231 c 2
 183 339 l 25
438 564 m 25
 438 564 517 548 549 513 c 24
 563 498 536 484 528 465 c 25
 528 12 l 2
 528 -9 537 -93 531 -126 c 0
 523 -168 488 -180 468 -180 c 0
 448 -180 430 -173 429 -151 c 0
 428 -131 438 -39 438 -3 c 2
 438 564 l 25
58 442 m 25
 745 442 l 25
 774 470 783 502 808 511 c 1
 834 507 876 454 907 421 c 1
 915 403 898 392 880 392 c 9
 58 392 l 25
 58 442 l 25
634 631 m 25
 698 643 l 25
 698 643 746 585 753 540 c 24
 757 513 746 491 723 477 c 24
 705 466 685 473 670 488 c 24
 654 505 663 524 657 546 c 24
 649 579 634 631 634 631 c 25
546 657 m 25
 819 657 l 25
 819 657 841 688 865 697 c 1
 884 690 908 662 927 636 c 1
 935 618 919 607 901 607 c 9
 546 607 l 25
 546 657 l 25
558 774 m 25
 558 774 630 761 666 735 c 24
 676 728 656 718 648 708 c 24
 610 657 594 623 549 578 c 24
 518 548 498 533 456 519 c 1
 486 574 505 619 531 686 c 0
 543 717 558 774 558 774 c 25
246 639 m 25
 306 647 l 25
 306 647 359 615 378 582 c 24
 394 555 399 529 389 502 c 0
 380 478 344 460 318 474 c 24
 288 491 302 526 288 558 c 24
 274 591 246 639 246 639 c 25
189 663 m 25
 375 663 l 25
 375 663 397 694 421 703 c 1
 440 696 464 668 483 642 c 1
 491 624 475 613 457 613 c 9
 189 613 l 25
 189 663 l 25
201 780 m 25
 201 780 281 769 318 738 c 24
 331 727 300 719 290 705 c 24
 259 660 247 630 213 588 c 24
 184 553 165 535 129 507 c 24
 106 490 91 482 63 474 c 1
 100 527 122 564 150 627 c 24
 176 684 201 780 201 780 c 25
EndSplineSet
EndChar
