Width: 1000
Flags: H
TeX: 117 0
LayerCount: 2
Fore
SplineSet
432 -78 m 25
 801 -78 l 25
 830 -50 839 -18 864 -9 c 1
 890 -13 932 -66 963 -99 c 1
 971 -117 954 -128 936 -128 c 9
 432 -128 l 25
 432 -78 l 25
801 108 m 25
 801 226 l 25
 561 226 l 25
 561 276 l 25
 801 276 l 25
 817.38 288.87 822.891 314.435 843 309 c 24
 878.178 299.492 895.287 278.381 912 246 c 24
 918.55 233.309 899.19 227.7 891 216 c 25
 891 66 l 25
 872.28 50.79 867.12 27 843 27 c 24
 821.49 27 820.44 52.1286 804 66 c 24
 782.896 83.8066 769.23 91.6201 747 108 c 25
 801 108 l 25
531 300 m 25
 574 280 610 284 642 249 c 24
 656 234 629 220 621 201 c 25
 621 39 l 17
 613 10 607 -12 576 -15 c 1
 552 -13 541 11 531 39 c 9
 531 300 l 25
660 396 m 25
 703 376 739 380 771 345 c 24
 785 330 758 316 750 297 c 25
 750 21 l 17
 742 -8 736 -30 705 -33 c 1
 681 -31 670 -7 660 21 c 9
 660 396 l 25
438 447 m 25
 828 447 l 25
 828 447 851 483 876 492 c 1
 902 488 890 459 921 426 c 1
 929 408 912 397 894 397 c 9
 438 397 l 25
 438 447 l 25
408 474 m 25
 451 454 487 458 519 423 c 24
 533 408 506 394 498 375 c 25
 498 -99 l 17
 490 -128 484 -150 453 -153 c 1
 429 -151 418 -127 408 -99 c 9
 408 474 l 25
27 141 m 25
 105 148 150 149 228 159 c 24
 309 169 354 179 435 192 c 25
 392 169 369 152 324 132 c 24
 251 99 208 83 132 57 c 24
 111 50 93 34 75 48 c 24
 43 73 46 105 27 141 c 25
39 357 m 25
 300 357 l 25
 300 357 323 393 348 402 c 1
 374 398 362 369 393 336 c 1
 401 318 384 307 366 307 c 9
 39 307 l 25
 39 357 l 25
204 -90 m 25
 204 516 l 25
 247 496 283 500 315 465 c 24
 329 450 302 436 294 417 c 25
 294 -123 l 25
 269 -148 265 -181 231 -186 c 24
 203 -190 197 -158 174 -141 c 24
 147 -121 132 -110 105 -90 c 25
 204 -90 l 25
678 633 m 25
 759 633 l 25
 769.53 600.24 789.885 583.19 786 549 c 24
 783.191 524.284 768.859 501.857 744 501 c 24
 719.195 500.145 710.1 523.801 699 546 c 24
 683.391 577.22 686.19 599.07 678 633 c 25
585 654 m 25
 849 654 l 25
 849 654 872 690 897 699 c 1
 923 695 911 666 942 633 c 1
 950 615 933 604 915 604 c 9
 585 604 l 25
 585 654 l 25
612 783 m 25
 646 765 671 764 699 738 c 24
 707 730 690 723 684 714 c 25
 664 685 655 666 633 639 c 24
 607 608 594 587 561 564 c 24
 522 537 493 533 450 513 c 25
 478 547 498 563 522 600 c 24
 551 643 562 670 585 717 c 24
 597 742 601 757 612 783 c 25
387 642 m 25
 387 552 l 17
 379 523 373 501 342 498 c 1
 318 500 307 524 297 552 c 9
 297 642 l 25
 387 642 l 25
204 666 m 25
 417 666 l 25
 417 666 440 702 465 711 c 1
 491 707 479 678 510 645 c 1
 518 627 501 616 483 616 c 9
 204 616 l 25
 204 666 l 25
228 792 m 25
 269 777 302 783 333 753 c 24
 346 741 318 729 309 714 c 25
 284 681 275 659 246 630 c 24
 209 593 186 573 141 546 c 24
 103 524 77 522 36 507 c 25
 80 553 110 574 150 624 c 24
 175 656 184 677 201 714 c 24
 215 743 217 762 228 792 c 25
EndSplineSet
EndChar
