Width: 1000
Flags: HW
TeX: 117 0
LayerCount: 2
Fore
SplineSet
870 53 m 25
 830.22 41.2998 808.352 32.5459 768 23 c 24
 699.448 6.7832 660.03 1.04004 591 -13 c 25
 591 29 l 25
 629.61 45.3799 654.125 49.2734 690 71 c 24
 737.839 99.9727 804 158 804 158 c 1
 870 53 l 25
546 -136 m 9
 546 212 l 25
 589.29 192.11 624.953 196.251 657 161 c 24
 670.745 145.881 644.19 131.72 636 113 c 25
 636 -55 l 17
 636 -76 660.289 -93.4531 681 -97 c 9
 831 -97 l 25
 842.7 -77.1104 849.373 -65.9326 861 -46 c 24
 873.942 -23.8125 881.13 -11.2305 894 11 c 25
 895.17 -34.6299 886.736 -61.5234 897 -106 c 24
 901.48 -125.414 932.817 -125.275 930 -145 c 24
 927.332 -163.676 904.38 -159.64 888 -169 c 25
 597 -169 l 17
 575.175 -166.391 552.418 -165.401 546 -136 c 9
222 92 m 25
 408 92 l 25
 408 92 431 128 456 137 c 1
 482 133 470 104 501 71 c 1
 509 53 492 42 474 42 c 9
 222 42 l 25
 222 92 l 25
60 -85 m 25
 145.41 -74.4697 193.551 -68.2109 279 -58 c 24
 379.582 -45.9805 436.38 -39.7002 537 -28 c 25
 487.86 -54.9102 471 -70 411 -97 c 0
 319.106 -138.353 259.351 -139.976 162 -166 c 24
 141.158 -171.571 124.895 -191.416 108 -178 c 24
 76.0361 -152.617 78.7197 -121.27 60 -85 c 25
198 -118 m 25
 198 203 l 25
 241.29 183.11 276.953 187.251 309 152 c 24
 322.745 136.881 296.19 122.72 288 104 c 25
 288 -118 l 25
 198 -118 l 25
321 425 m 17
 387 419 415.559 416.255 474 401 c 24
 522.281 388.397 549.963 379.252 593 354 c 24
 627.555 333.726 654.296 322.857 670 286 c 24
 678.363 266.371 662.265 245.678 642 239 c 24
 618.797 231.354 602.777 244.149 582 257 c 24
 550.653 276.387 540.947 297.799 511.37 319.79 c 24
 485.829 338.78 469.152 346.223 441.296 361.617 c 24
 394.883 387.268 367.915 400.28 321 425 c 17
402 275 m 24
 358.981 263.528 332.46 271.34 288 269 c 25
 334.8 290.06 362.613 299.046 408 323 c 24
 489.112 365.81 532.44 394.37 612 440 c 25
 636.57 415.43 659.964 408.325 675 377 c 24
 679.986 366.611 658.53 369.68 648 365 c 25
 552.06 329.9 500.71 301.322 402 275 c 24
414 572 m 25
 451.44 554.45 480.762 556.238 510 527 c 24
 520.366 516.634 499.02 506.87 492 494 c 25
 441 443 l 25
 390 443 l 25
 414 572 l 25
237 247 m 1
 762 247 l 1
 762 197 l 1
 237 197 l 1
 237 247 l 1
225 473 m 25
 696 473 l 25
 712.38 485.87 717.891 511.435 738 506 c 24
 773.178 496.492 790.287 475.381 807 443 c 24
 813.55 430.309 794.19 424.7 786 413 c 25
 786 239 l 17
 778 210 772 188 741 185 c 1
 717 187 706 211 696 239 c 9
 696 423 l 17
 225 423 l 9
 225 473 l 25
198 506 m 25
 241.29 486.11 276.953 490.251 309 455 c 24
 322.745 439.881 296.19 425.72 288 407 c 25
 288 227 l 17
 280 198 274 176 243 173 c 1
 219 175 208 199 198 227 c 9
 198 506 l 25
765 665 m 25
 765 581 l 17
 757 552 751 530 720 527 c 1
 696 529 682 553 672 581 c 9
 675 665 l 25
 765 665 l 25
582 680 m 25
 843 680 l 25
 843 680 866 716 891 725 c 1
 917 721 905 692 936 659 c 1
 944 641 927 630 909 630 c 9
 582 630 l 25
 582 680 l 25
585 791 m 25
 622.44 775.79 651.211 779.307 681 752 c 24
 691.386 742.479 666.36 735.53 657 725 c 25
 642.96 701.6 637.754 686.541 621 665 c 24
 596.599 633.627 583.553 614.168 552 590 c 24
 527.478 571.217 508.08 569.87 480 557 c 25
 501.06 593.27 516.83 611.735 534 650 c 24
 557.939 703.352 565.11 736.01 585 791 c 25
390 665 m 25
 390 572 l 17
 382 543 376 521 345 518 c 1
 321 520 310 544 300 572 c 9
 300 665 l 25
 390 665 l 25
222 680 m 25
 420 680 l 25
 420 680 443 716 468 725 c 1
 494 721 482 692 513 659 c 1
 521 641 504 630 486 630 c 9
 222 630 l 25
 222 680 l 25
237 788 m 25
 274.05 779.03 301.222 787.492 332 765 c 24
 343.97 756.253 321.63 744.26 315 731 c 25
 303.3 712.28 298.483 700.479 285 683 c 24
 266.78 659.382 257.125 644.843 234 626 c 24
 193.497 592.998 166.29 580.25 123 551 c 25
 156.93 613.01 179.36 646.301 210 710 c 24
 223.954 739.01 226.47 757.58 237 788 c 25
EndSplineSet
EndChar
