Width: 1000
Flags: H
TeX: 117 0
LayerCount: 2
Fore
SplineSet
455 -123 m 25
 455 468 l 25
 498 448 534 452 566 417 c 24
 580 402 553 388 545 369 c 25
 545 -123 l 25
 455 -123 l 25
207 -97 m 25
 792 -97 l 25
 792 -147 l 25
 207 -147 l 25
 207 -97 l 25
201 100 m 25
 798 100 l 25
 798 50 l 25
 201 50 l 25
 201 100 l 25
207 291 m 25
 747 291 l 25
 763 304 769 329 789 324 c 24
 824 314 841 293 858 261 c 24
 865 248 845 243 837 231 c 25
 837 -123 l 17
 829 -152 823 -174 792 -177 c 1
 768 -175 757 -151 747 -123 c 9
 747 241 l 25
 207 241 l 25
 207 291 l 25
162 327 m 25
 205 307 241 311 273 276 c 24
 287 261 260 247 252 228 c 25
 252 -135 l 17
 244 -164 238 -186 207 -189 c 1
 183 -187 172 -163 162 -135 c 9
 162 327 l 25
764 582 m 25
 777 552 790 536 797 504 c 24
 804 474 811 454 800 426 c 24
 792 407 775 399 755 399 c 24
 737 399 727 411 719 426 c 24
 704 453 707 472 699 501 c 24
 691 533 686 550 678 582 c 25
 764 582 l 25
584 609 m 25
 855 609 l 25
 855 609 877 640 901 649 c 1
 920 642 944 614 963 588 c 1
 971 570 955 559 937 559 c 9
 584 559 l 25
 584 609 l 25
602 756 m 25
 602 756 673 741 704 711 c 24
 715 700 693 689 686 675 c 25
 651 626 637 594 596 549 c 24
 561 511 536 491 494 465 c 9
 511 509 521 534 537 579 c 24
 552 620 560 643 575 684 c 24
 585 712 602 756 602 756 c 25
393 573 m 25
 393 438 l 17
 385 409 379 387 348 384 c 1
 324 386 313 410 303 438 c 9
 303 573 l 25
 393 573 l 25
197 603 m 25
 434 603 l 25
 434 603 456 634 480 643 c 1
 499 636 523 608 542 582 c 1
 550 564 534 553 516 553 c 9
 197 553 l 25
 197 603 l 25
197 756 m 25
 197 756 280 731 315 693 c 24
 327 680 285 660 285 660 c 24
 285 660 236 580 201 531 c 24
 173 492 159 467 123 435 c 24
 89 404 62 397 23 372 c 25
 54 426 74 455 102 510 c 24
 124 553 135 579 152 624 c 24
 172 675 197 756 197 756 c 25
EndSplineSet
EndChar
