Width: 1000
Flags: H
TeX: 117 0
LayerCount: 2
Fore
SplineSet
585 -111 m 25
 585 273 l 25
 628 253 664 257 696 222 c 24
 710 207 683 193 675 174 c 25
 675 -111 l 25
 585 -111 l 25
384 -93 m 25
 813 -93 l 25
 813 -93 835 -62 859 -53 c 1
 878 -60 902 -88 921 -114 c 1
 929 -132 913 -143 895 -143 c 9
 384 -143 l 25
 384 -93 l 25
438 96 m 25
 759 96 l 25
 759 96 781 127 805 136 c 1
 824 129 848 101 867 75 c 1
 875 57 859 46 841 46 c 9
 438 46 l 25
 438 96 l 25
771 399 m 17
 810 372 842 356 873 315 c 24
 893 288 899 265 897 231 c 24
 895 209 885 192 864 186 c 24
 844 180 827 190 816 207 c 24
 798 234 805 256 798 288 c 24
 788 331 782 356 771 399 c 17
504 213 m 24
 491 211 480 191 471 201 c 24
 446 231 449 258 435 294 c 25
 495 296 528 298 588 300 c 24
 683 304 736 305 831 309 c 25
 840 264 l 25
 709 244 635 235 504 213 c 24
552 447 m 25
 657 447 l 25
 643 415 635 397 621 366 c 24
 604 328 594 307 576 270 c 25
 519 270 l 25
 527 309 533 330 540 369 c 24
 546 399 547 417 552 447 c 25
426 468 m 25
 789 468 l 25
 789 468 811 499 835 508 c 1
 854 501 878 473 897 447 c 1
 905 429 889 418 871 418 c 9
 426 418 l 25
 426 468 l 25
363 590 m 1
 852 590 l 1
 852 540 l 1
 363 540 l 1
 363 590 l 1
363 735 m 25
 801 735 l 25
 817 748 823 773 843 768 c 24
 878 758 895 737 912 705 c 24
 919 692 899 687 891 675 c 25
 891 579 l 17
 883 550 877 528 846 525 c 1
 822 527 811 551 801 579 c 9
 801 685 l 25
 363 685 l 25
 363 735 l 25
333 213 m 9
 333 765 l 25
 376 745 412 749 444 714 c 24
 458 699 431 685 423 666 c 25
 423 213 l 17
 420 165 417 159 408 126 c 24
 393 71 388 39 363 -12 c 24
 343 -53 326 -75 294 -108 c 24
 269 -134 248 -141 219 -162 c 25
 245 -112 264 -86 285 -33 c 24
 303 12 309 39 318 87 c 24
 327 136 327 138 333 213 c 9
54 105 m 25
 129 123 l 25
 145 157 157 175 171 210 c 24
 189 255 197 281 213 327 c 24
 239 398 253 439 279 510 c 17
 273 393 265 363 252 270 c 24
 242 198 219 87 219 87 c 1
 219 87 244 -2 240 -60 c 24
 237 -98 236 -135 201 -150 c 24
 172 -162 148 -131 138 -102 c 24
 116 -39 131 2 126 69 c 25
 54 105 l 25
57 510 m 17
 108 495 133 489 168 456 c 24
 190 436 194 413 192 384 c 24
 190 365 178 352 159 348 c 24
 141 344 129 355 117 369 c 24
 98 391 95 409 84 435 c 24
 72 464 68 481 57 510 c 17
141 753 m 17
 195 735 218 732 255 699 c 24
 281 676 293 653 294 618 c 24
 295 594 281 574 258 567 c 24
 238 561 223 575 210 591 c 24
 188 618 188 640 174 672 c 24
 161 703 154 721 141 753 c 17
EndSplineSet
EndChar
