StartChar: uni6E09
Encoding: 28169 28169 1
Width: 1000
Flags: HW
TeX: 117 0
LayerCount: 2
Fore
SplineSet
717 333 m 25
 776 304 819 302 867 258 c 24
 911 218 929 184 945 126 c 24
 952 101 943 78 921 63 c 24
 906 52 887 63 876 78 c 24
 847 116 850 149 825 189 c 24
 788 249 759 277 717 333 c 25
786 249 m 25
 823 223 858 221 882 183 c 24
 892 168 861 163 849 150 c 24
 833 133 826 122 810 105 c 24
 771 63 752 36 708 0 c 24
 657 -42 626 -64 567 -93 c 24
 512 -120 477 -131 417 -144 c 24
 380 -152 358 -146 321 -147 c 25
 403 -105 456 -92 531 -39 c 24
 623 27 672 71 747 156 c 24
 773 185 771 213 786 249 c 25
423 342 m 25
 463 323 493 324 525 294 c 24
 535 284 509 278 501 267 c 24
 480 239 471 220 450 192 c 24
 424 157 414 133 381 105 c 24
 356 84 335 83 306 69 c 25
 339 128 364 157 390 219 c 24
 410 265 410 294 423 342 c 25
621 615 m 25
 801 615 l 25
 801 615 824 651 849 660 c 1
 875 656 863 627 894 594 c 1
 902 576 885 565 867 565 c 9
 621 565 l 25
 621 615 l 25
576 141 m 25
 576 786 l 25
 619 766 655 770 687 735 c 24
 701 720 674 706 666 687 c 25
 666 87 l 25
 645 59 647 15 612 15 c 24
 575 15 578 63 552 90 c 24
 531 112 515 121 492 141 c 25
 576 141 l 25
393 432 m 25
 393 705 l 25
 436 685 472 689 504 654 c 24
 518 639 491 625 483 606 c 25
 483 432 l 25
 393 432 l 25
288 444 m 25
 783 444 l 25
 812 472 821 504 846 513 c 1
 872 509 914 456 945 423 c 1
 953 405 936 394 918 394 c 9
 288 394 l 25
 288 444 l 25
51 111 m 25
 126 111 l 25
 154 203 165 257 198 348 c 24
 233 442 252 498 300 585 c 9
 270 461 245 393 222 267 c 24
 205 174 197 121 198 27 c 24
 198 -12 231 -31 225 -69 c 24
 219 -106 206 -158 171 -147 c 24
 126 -133 132 -82 120 -36 c 24
 110 1 116 24 114 63 c 25
 51 111 l 25
39 507 m 25
 79 496 104 498 141 480 c 24
 162 469 183 459 183 435 c 24
 183 404 166 372 135 372 c 24
 103 372 109 415 90 441 c 24
 71 468 59 481 39 507 c 25
150 744 m 25
 199 728 233 731 276 702 c 24
 300 686 321 662 309 636 c 24
 297 609 264 604 237 615 c 24
 209 626 215 656 198 681 c 24
 181 707 169 719 150 744 c 25
EndSplineSet
EndChar
