Width: 1000
Flags: H
TeX: 117 0
LayerCount: 2
Fore
SplineSet
487 -55 m 1
 808 -55 l 1
 808 -105 l 1
 487 -105 l 1
 487 -55 l 1
478 112 m 1
 790 112 l 1
 790 62 l 1
 478 62 l 1
 478 112 l 1
475 255 m 25
 742 255 l 25
 758 268 764 293 784 288 c 24
 819 278 836 257 853 225 c 24
 860 212 840 207 832 195 c 25
 832 27 l 2
 832 6 845 -78 839 -111 c 0
 831 -153 796 -165 776 -165 c 0
 756 -165 738 -158 737 -136 c 0
 736 -116 742 -24 742 12 c 2
 742 205 l 25
 475 205 l 25
 475 255 l 25
445 285 m 25
 445 285 524 269 556 234 c 24
 570 219 543 205 535 186 c 25
 535 24 l 2
 535 3 544 -81 538 -114 c 0
 530 -156 495 -168 475 -168 c 0
 455 -168 437 -161 436 -139 c 0
 435 -119 445 -27 445 9 c 2
 445 285 l 25
817 720 m 25
 817 720 882 677 911 638 c 24
 917 629 898 628 889 621 c 25
 857 585 839 568 806 528 c 0
 729 435 691 397 589 308 c 0
 537 262 506 236 444 204 c 24
 385 173 358 165 283 147 c 1
 353 197 403 235 467 290 c 0
 528 342 561 374 613 435 c 24
 670 501 697 540 748 615 c 0
 776 656 817 720 817 720 c 25
337 417 m 25
 778 417 l 25
 807 445 816 477 841 486 c 1
 867 482 909 429 940 396 c 1
 948 378 931 367 913 367 c 9
 337 367 l 25
 337 417 l 25
532 393 m 25
 532 777 l 25
 532 777 611 761 643 726 c 24
 657 711 630 697 622 678 c 25
 622 393 l 25
 532 393 l 25
352 606 m 25
 700 606 l 25
 700 606 722 637 746 646 c 1
 765 639 789 611 808 585 c 1
 816 567 800 556 782 556 c 9
 352 556 l 25
 352 606 l 25
64 111 m 25
 157 123 l 25
 175 162 185 183 202 222 c 24
 235 296 252 338 286 411 c 24
 309 461 321 485 349 537 c 1
 340 471 332 436 316 372 c 24
 294 284 280 234 253 147 c 24
 243 113 220 63 220 63 c 1
 220 63 263 -28 262 -90 c 0
 261 -121 254 -148 226 -162 c 24
 202 -173 181 -157 163 -138 c 24
 144 -118 143 -99 141 -72 c 0
 138 -23 141 12 148 57 c 9
 64 111 l 25
64 495 m 17
 104 487 128 480 163 459 c 24
 187 444 203 432 211 405 c 24
 219 378 220 354 200 334 c 24
 184 318 160 321 140 334 c 24
 119 350 123 372 112 396 c 24
 94 435 83 456 64 495 c 17
150 714 m 1
 195 708 227 703 268 678 c 24
 297 661 315 645 322 612 c 24
 327 587 318 563 295 551 c 24
 275 540 254 553 240 568 c 0
 218 591 219 611 202 639 c 0
 183 671 175 683 150 714 c 1
EndSplineSet
EndChar
