Width: 1000
Flags: H
TeX: 117 0
LayerCount: 2
Fore
SplineSet
654 198 m 25
 750 198 l 25
 737.13 166.41 734.02 146.562 717 117 c 24
 689.309 68.9043 675.524 38.9599 636 0 c 24
 592.312 -43.0635 561.634 -62.102 507 -90 c 24
 450.645 -118.777 415.724 -130.062 354 -144 c 24
 305.944 -154.852 277.14 -149.49 228 -153 c 25
 302.88 -124.92 348.064 -115.94 420 -81 c 24
 471.665 -55.9053 502.386 -40.6143 543 0 c 24
 583.614 40.6143 595.913 72.8986 624 123 c 24
 639.405 150.479 642.3 168.75 654 198 c 25
498 195 m 25
 573 195 l 25
 567.15 173.94 568.467 160.189 558 141 c 24
 532.982 95.1338 519.943 66.9434 483 30 c 24
 443.757 -9.24316 415.921 -26.7527 366 -51 c 24
 332.554 -67.2451 309.27 -63.8096 273 -72 c 25
 310.44 -43.9199 335.025 -32.1865 369 0 c 24
 402.169 31.4229 418.791 51.8935 444 90 c 24
 469.406 128.405 476.94 154.05 498 195 c 25
636 -93 m 25
 714 -93 l 25
 724.53 -82.4697 735.09 -79.6679 741 -66 c 24
 754.403 -35.0059 762 -33 762 18 c 1
 762 166 l 25
 405 166 l 25
 405 216 l 25
 762 216 l 25
 778.38 228.87 783.891 254.435 804 249 c 24
 839.178 239.492 856.287 218.381 873 186 c 24
 879.55 173.309 860.19 167.7 852 156 c 25
 852 -54 l 17
 837 -99 827.479 -121.986 798 -156 c 24
 779.834 -176.96 762.133 -194.755 735 -189 c 24
 710.24 -183.748 717.171 -152.62 699 -135 c 24
 677.801 -114.443 660.57 -109.38 636 -93 c 25
408 309 m 25
 510 309 l 25
 487.77 277.41 476.335 258.782 453 228 c 24
 421.319 186.209 406.921 159.223 369 123 c 24
 327.882 83.7236 297.63 69.9297 252 36 c 25
 281.25 78.1201 301.558 99.4764 327 144 c 24
 362.566 206.24 376.41 244.65 408 309 c 25
285 333 m 25
 780 333 l 25
 809 361 818 393 843 402 c 1
 869 398 911 345 942 312 c 1
 950 294 933 283 915 283 c 9
 285 283 l 25
 285 333 l 25
447 463 m 25
 768 463 l 25
 768 413 l 25
 447 413 l 25
 447 463 l 25
453 586 m 25
 750 586 l 25
 750 536 l 25
 453 536 l 25
 453 586 l 25
453 732 m 25
 702 732 l 25
 718 745 724 770 744 765 c 24
 779 755 796 734 813 702 c 24
 820 689 800 684 792 672 c 25
 792 441 l 17
 784 412 778 390 747 387 c 1
 723 389 712 413 702 441 c 9
 702 682 l 25
 453 682 l 25
 453 732 l 25
411 765 m 25
 454 745 490 749 522 714 c 24
 536 699 509 685 501 666 c 25
 501 450 l 17
 493 421 487 399 456 396 c 1
 432 398 421 422 411 450 c 9
 411 765 l 25
72 126 m 25
 126 150 l 25
 153 207 167 240 195 297 c 24
 232 372 251 415 291 489 c 24
 308 521 322 537 342 567 c 25
 303 458 277 398 243 288 c 24
 222 221 201 174 201 114 c 1
 201 14 225 -5 216 -81 c 24
 212 -118 202 -150 168 -165 c 24
 147 -174 138 -138 123 -120 c 24
 123 84 l 1
 72 126 l 25
96 534 m 25
 126 518 148 515 174 492 c 24
 195 474 212 460 213 432 c 24
 214 402 204 376 177 363 c 24
 159 354 148 379 138 396 c 24
 125 419 128 436 120 462 c 24
 111 490 105 506 96 534 c 25
183 768 m 25
 223 755 252 760 285 735 c 24
 306 719 309 698 309 672 c 24
 309 645 309 619 285 606 c 24
 265 596 247 614 234 633 c 24
 219 655 231 675 222 699 c 24
 211 728 198 741 183 768 c 25
EndSplineSet
EndChar
