Width: 1000
Flags: H
TeX: 117 0
LayerCount: 2
Fore
SplineSet
567 246 m 1
 657 246 l 1
 657 -78 l 1
 567 -78 l 1
 567 246 l 1
387 -46 m 1
 843 -46 l 1
 843 -96 l 1
 387 -96 l 1
 387 -46 l 1
396 103 m 1
 825 103 l 1
 825 53 l 1
 396 53 l 1
 396 103 l 1
396 264 m 25
 771 264 l 25
 787 277 793 302 813 297 c 24
 848 287 865 266 882 234 c 24
 889 221 869 216 861 204 c 25
 861 -87 l 17
 853 -116 847 -138 816 -141 c 1
 792 -139 781 -115 771 -87 c 9
 771 214 l 25
 396 214 l 25
 396 264 l 25
351 292 m 25
 394 272 430 276 462 241 c 24
 476 226 449 212 441 193 c 25
 441 -83 l 17
 433 -112 427 -134 396 -137 c 1
 372 -135 361 -111 351 -83 c 9
 351 292 l 25
633 513 m 25
 633 645 l 25
 723 645 l 25
 723 534 l 25
 708.96 488.37 710.469 458.574 687 417 c 24
 668.292 383.859 650.032 368.549 618 348 c 24
 586.533 327.813 563.1 327.87 528 315 c 25
 559.59 358.29 583.892 378.654 609 426 c 24
 625.49 457.096 623.64 479.07 633 513 c 25
825 471 m 25
 825 622 l 25
 567 622 l 25
 567 672 l 25
 825 672 l 25
 841.38 684.87 846.891 710.435 867 705 c 24
 902.178 695.492 919.287 674.381 936 642 c 24
 942.55 629.309 923.19 623.7 915 612 c 25
 915 426 l 25
 896.28 400.26 890.687 381.258 867 360 c 24
 843.995 339.354 828.911 321 798 321 c 24
 779.501 321 783.841 346.684 771 360 c 24
 751.971 379.733 738.06 387.45 717 405 c 25
 768 405 l 25
 782.04 415.14 792.68 417.892 804 431 c 24
 815.517 444.335 816.81 455.4 825 471 c 25
507 570 m 25
 542.1 522.03 577.944 503.303 597 447 c 24
 606.489 418.964 595.739 393.949 573 375 c 24
 558.176 362.646 535.227 370.637 525 387 c 24
 507.461 415.062 516.239 438.066 513 471 c 24
 509.214 509.495 509.34 531.39 507 570 c 25
291 402 m 25
 546 465 l 25
 555 432 l 25
 490.65 393.39 455.382 369.835 390 333 c 24
 372.197 322.971 358.764 300.316 342 312 c 24
 308.902 335.068 310.89 366.9 291 402 c 25
363 399 m 25
 363 717 l 25
 406 697 442 701 474 666 c 24
 488 651 461 637 453 618 c 25
 453 399 l 25
 363 399 l 25
543 777 m 25
 567.57 745.41 595.165 734.525 606 696 c 24
 610.118 681.358 584.022 686.893 570 681 c 24
 503.292 652.963 465.69 637.08 399 609 c 25
 387 660 l 25
 543 777 l 25
36 132 m 25
 114 132 l 25
 131.55 171.78 143.419 193.408 159 234 c 24
 187.908 309.313 200.325 353.225 228 429 c 24
 249.469 487.783 262.77 520.5 285 579 c 25
 270.96 476.04 268.15 417.133 249 315 c 24
 232.998 229.654 195 99 195 99 c 1
 195 99 234.18 7.21678 231 -54 c 24
 229.147 -89.6709 216.977 -120.981 183 -132 c 24
 154.911 -141.11 130.228 -117.701 120 -90 c 24
 99.2959 -33.9268 114.51 3.33008 111 63 c 25
 36 132 l 25
24 519 m 25
 69.6299 501.45 104.254 506.246 141 474 c 24
 167.146 451.055 181.23 423.248 171 390 c 24
 162.537 362.494 131.039 344.746 105 357 c 24
 73.7207 371.72 84.46 407.08 69 438 c 24
 52.8389 470.322 41.5498 487.41 24 519 c 25
99 741 m 25
 150.48 730.47 185.73 740.677 231 714 c 24
 258.048 698.062 275.191 672.307 267 642 c 24
 259.199 613.138 229.637 594.409 201 603 c 24
 166.478 613.356 168.423 649.015 147 678 c 24
 128.64 702.84 117.72 716.43 99 741 c 25
EndSplineSet
EndChar
