Width: 1000
Flags: HW
TeX: 117 0
LayerCount: 2
Fore
SplineSet
723 171 m 25
 751 157 769 153 795 135 c 24
 820 117 842 110 852 81 c 24
 858 62 845 47 828 36 c 24
 814 27 800 30 786 39 c 24
 762 55 759 75 738 96 c 24
 729 105 722 107 711 114 c 25
 723 171 l 25
675 162 m 25
 675 208 l 25
 615 208 l 25
 615 258 l 25
 675 258 l 25
 691 271 697 296 717 291 c 24
 752 281 769 260 786 228 c 24
 793 215 773 210 765 198 c 25
 765 150 l 25
 761 139 762 133 756 123 c 24
 738 93 733 70 705 48 c 24
 676 25 652 26 618 12 c 25
 630 34 639 46 648 69 c 24
 661 104 664 126 675 162 c 25
501 153 m 25
 527 142 545 143 567 126 c 24
 587 111 600 99 606 75 c 24
 611 55 606 38 591 24 c 24
 580 14 564 18 552 27 c 24
 529 45 527 64 510 87 c 24
 504 95 499 98 492 105 c 25
 501 153 l 25
453 150 m 1
 453 196 l 25
 396 196 l 25
 396 246 l 25
 453 246 l 25
 469 259 475 284 495 279 c 24
 530 269 547 248 564 216 c 24
 571 203 551 198 543 186 c 25
 543 135 l 1
 528 108 514 88 489 63 c 24
 464 39 447 28 417 12 c 24
 400 3 388 5 369 0 c 25
 385 22 398 33 411 57 c 24
 430 92 447 117 453 150 c 1
654 447 m 25
 654 -111 l 17
 646 -140 640 -162 609 -165 c 1
 585 -163 574 -139 564 -111 c 9
 564 447 l 25
 654 447 l 25
813 -48 m 25
 813 304 l 25
 363 304 l 25
 363 354 l 25
 813 354 l 25
 829 367 835 392 855 387 c 24
 890 377 907 356 924 324 c 24
 931 311 911 306 903 294 c 25
 903 -93 l 25
 897 -114 899 -152 873 -147 c 24
 837 -140 841 -98 813 -75 c 24
 792 -58 775 -59 750 -48 c 25
 813 -48 l 25
327 384 m 25
 370 364 406 368 438 333 c 24
 452 318 425 304 417 285 c 25
 417 -105 l 17
 409 -134 403 -156 372 -159 c 1
 348 -157 337 -133 327 -105 c 9
 327 384 l 25
660 459 m 25
 660 795 l 25
 703 775 739 779 771 744 c 24
 785 729 758 715 750 696 c 25
 750 459 l 25
 660 459 l 25
480 459 m 25
 480 800 l 25
 523 780 559 784 591 749 c 24
 605 734 578 720 570 701 c 25
 570 459 l 25
 480 459 l 25
327 486 m 25
 828 486 l 25
 857 514 866 546 891 555 c 1
 917 551 959 498 990 465 c 1
 998 447 981 436 963 436 c 9
 327 436 l 25
 327 486 l 25
342 663 m 25
 798 663 l 25
 827 691 836 723 861 732 c 1
 887 728 929 675 960 642 c 1
 968 624 951 613 933 613 c 9
 342 613 l 25
 342 663 l 25
51 105 m 25
 120 120 l 25
 142 178 153 212 177 270 c 24
 207 343 225 384 258 456 c 24
 286 516 304 549 333 609 c 25
 312 525 301 477 279 393 c 24
 254 299 238 247 213 153 c 24
 205 124 195 78 195 78 c 1
 195 78 234 -12 228 -72 c 24
 225 -107 209 -138 174 -144 c 24
 144 -149 125 -120 117 -90 c 24
 101 -32 117 3 117 63 c 25
 51 105 l 25
39 546 m 25
 81 534 109 538 147 516 c 24
 172 501 186 485 192 456 c 24
 197 433 192 410 171 399 c 24
 152 389 136 403 120 417 c 24
 97 437 94 457 78 483 c 24
 63 507 54 521 39 546 c 25
150 774 m 25
 185 766 209 771 240 753 c 24
 269 736 286 719 297 687 c 24
 304 667 298 644 279 636 c 24
 258 627 239 638 222 654 c 24
 196 678 195 702 177 732 c 24
 167 749 161 758 150 774 c 25
EndSplineSet
EndChar
