Width: 1000
Flags: H
TeX: 117 0
LayerCount: 2
Fore
SplineSet
360 169 m 1
 762 169 l 1
 762 119 l 1
 360 119 l 1
 360 169 l 1
510 375 m 25
 600 375 l 25
 600 36 l 25
 510 36 l 25
 510 375 l 25
231 57 m 25
 804 57 l 25
 804 57 842 117 867 126 c 1
 893 122 935 69 966 36 c 1
 974 18 957 7 939 7 c 9
 231 7 l 25
 231 57 l 25
702 -60 m 25
 702 244 l 25
 360 244 l 25
 360 294 l 25
 702 294 l 25
 718 307 724 332 744 327 c 24
 779 317 796 296 813 264 c 24
 820 251 800 246 792 234 c 25
 792 -102 l 25
 769 -121 765 -155 738 -150 c 24
 702 -143 704 -103 675 -81 c 24
 657 -67 642 -68 621 -60 c 25
 702 -60 l 25
330 309 m 25
 373 289 409 293 441 258 c 24
 455 243 428 229 420 210 c 25
 420 -105 l 17
 412 -134 406 -156 375 -159 c 1
 351 -157 340 -133 330 -105 c 9
 330 309 l 25
588 387 m 25
 588 783 l 25
 631 763 667 767 699 732 c 24
 713 717 686 703 678 684 c 25
 678 387 l 25
 588 387 l 25
408 381 m 25
 408 771 l 25
 451 751 487 755 519 720 c 24
 533 705 506 691 498 672 c 25
 498 381 l 25
 408 381 l 25
261 411 m 25
 798 411 l 25
 827 439 836 471 861 480 c 1
 887 476 929 423 960 390 c 1
 968 372 951 361 933 361 c 9
 261 361 l 25
 261 411 l 25
309 519 m 25
 729 519 l 25
 729 519 752 555 777 564 c 1
 803 560 791 531 822 498 c 1
 830 480 813 469 795 469 c 9
 309 469 l 25
 309 519 l 25
321 633 m 25
 735 633 l 25
 764 661 773 693 798 702 c 1
 824 698 866 645 897 612 c 1
 905 594 888 583 870 583 c 9
 321 583 l 25
 321 633 l 25
45 75 m 25
 99 90 l 25
 119 159 127 199 150 267 c 24
 181 356 203 404 237 492 c 25
 217 345 196 262 186 114 c 24
 181 32 211 -15 198 -96 c 24
 193 -127 169 -175 144 -156 c 24
 102 -125 116 -78 105 -27 c 24
 100 -4 105 10 105 33 c 25
 45 75 l 25
30 519 m 25
 73 498 108 500 141 465 c 24
 162 442 169 413 153 387 c 24
 140 366 109 365 90 381 c 24
 63 403 71 433 57 465 c 24
 48 487 41 498 30 519 c 25
117 741 m 25
 159 723 187 721 225 696 c 24
 256 676 288 666 291 630 c 24
 293 599 264 569 234 576 c 24
 196 585 197 625 174 657 c 24
 151 689 139 708 117 741 c 25
EndSplineSet
EndChar
