Width: 1000
Flags: H
TeX: 117 0
LayerCount: 2
Fore
SplineSet
564 240 m 25
 873 240 l 25
 873 240 896 276 921 285 c 1
 947 281 935 252 966 219 c 1
 974 201 957 190 939 190 c 9
 564 190 l 25
 564 240 l 25
687 -39 m 25
 687 366 l 25
 730 346 766 350 798 315 c 24
 812 300 785 286 777 267 c 25
 777 -69 l 17
 765 -99 753 -134 717 -141 c 24
 693 -146 702 -104 684 -87 c 24
 659 -63 638 -58 609 -39 c 25
 687 -39 l 25
801 418 m 9
 603 418 l 25
 603 468 l 25
 798 468 l 25
 818 481 828 511 849 501 c 24
 885 484 897 455 906 417 c 24
 910 402 888 401 876 390 c 25
 735 282 l 17
 717 303 l 1
 801 418 l 9
645 603 m 25
 864 603 l 25
 864 603 887 639 912 648 c 1
 938 644 926 615 957 582 c 1
 965 564 948 553 930 553 c 9
 645 553 l 25
 645 603 l 25
627 789 m 25
 663 777 696 788 720 759 c 24
 736 740 709 722 702 699 c 25
 687 648 683 617 663 567 c 24
 651 537 639 522 621 495 c 24
 610 478 601 469 588 453 c 25
 600 510 611 542 618 600 c 24
 627 673 627 715 627 789 c 25
465 105 m 25
 465 385 l 25
 384 385 l 25
 384 435 l 25
 465 435 l 25
 481 448 487 473 507 468 c 24
 542 458 559 437 576 405 c 24
 583 392 563 387 555 375 c 25
 555 195 l 25
 547 127 550 87 534 21 c 24
 524 -20 511 -42 489 -78 c 24
 477 -99 471 -121 447 -123 c 24
 427 -125 427 -99 414 -84 c 24
 392 -58 379 -44 357 -18 c 25
 414 -18 l 25
 425 -4 434 2 441 18 c 24
 454 51 456 71 465 105 c 25
324 303 m 25
 324 567 l 25
 414 567 l 25
 414 306 l 25
 405 244 403 208 390 147 c 24
 380 101 373 76 354 33 c 24
 336 -8 326 -32 297 -66 c 24
 276 -91 255 -95 228 -114 c 25
 246 -74 259 -53 273 -12 c 24
 289 34 298 60 306 108 c 24
 318 183 317 227 324 303 c 25
366 561 m 25
 366 774 l 25
 409 754 445 758 477 723 c 24
 491 708 464 694 456 675 c 25
 456 561 l 25
 366 561 l 25
240 579 m 25
 498 579 l 25
 498 579 521 615 546 624 c 1
 572 620 560 591 591 558 c 1
 599 540 582 529 564 529 c 9
 240 529 l 25
 240 579 l 25
0 96 m 25
 81 132 l 25
 97 187 108 218 123 273 c 24
 141 337 147 374 165 438 c 24
 180 491 192 520 210 573 c 25
 197 452 191 384 177 264 c 24
 168 189 153 72 153 72 c 1
 153 72 189 -1 198 -51 c 24
 204 -83 206 -105 192 -135 c 24
 184 -153 166 -165 147 -159 c 24
 121 -150 110 -131 102 -105 c 24
 82 -42 87 -3 78 63 c 25
 0 96 l 25
42 531 m 25
 68 513 86 508 108 486 c 24
 129 464 145 450 150 420 c 24
 154 392 153 365 129 351 c 24
 109 339 87 356 75 375 c 24
 57 403 67 426 60 459 c 24
 54 487 49 503 42 531 c 25
111 774 m 25
 148 755 179 757 207 726 c 24
 231 700 240 674 234 639 c 24
 230 616 209 606 186 603 c 24
 169 601 160 615 153 630 c 24
 140 656 146 674 138 702 c 24
 130 731 122 746 111 774 c 25
EndSplineSet
EndChar
