Width: 1000
Flags: H
TeX: 117 0
LayerCount: 2
Fore
SplineSet
690 261 m 9
 706 224 723 205 732 165 c 24
 734 157 721 160 714 156 c 25
 465 84 l 25
 465 129 l 25
 465 129 545 169 594 198 c 24
 633 221 690 261 690 261 c 9
723 -48 m 25
 486 -48 l 17
 458 -43 434 -25 429 0 c 9
 429 279 l 25
 472 259 508 263 540 228 c 24
 554 213 527 199 519 180 c 25
 519 68 l 17
 519 47 539 33 555 32 c 9
 663 32 l 9
 671 44 678 49 684 63 c 24
 698 98 702 120 714 156 c 25
 723 105 724 74 738 24 c 24
 743 6 766 0 762 -18 c 24
 758 -37 738 -36 723 -48 c 25
813 30 m 25
 813 268 l 25
 468 268 l 25
 468 318 l 25
 813 318 l 25
 829 331 835 356 855 351 c 24
 890 341 907 320 924 288 c 24
 931 275 911 270 903 258 c 25
 903 -12 l 17
 891 -60 887 -76 861 -108 c 24
 842 -131 825 -148 795 -147 c 24
 774 -146 779 -117 762 -105 c 24
 729 -83 705 -79 669 -63 c 25
 768 -63 l 25
 780 -49 790 -43 798 -27 c 24
 808 -6 807 8 813 30 c 25
501 426 m 25
 606 414 l 25
 590 386 582 369 564 342 c 24
 547 315 538 299 516 276 c 24
 469 228 443 200 387 162 c 24
 343 132 312 127 264 105 c 25
 307 156 334 184 375 237 c 24
 406 278 422 302 450 345 c 24
 471 376 481 394 501 426 c 25
452 449 m 25
 807 449 l 25
 807 399 l 25
 452 399 l 25
 452 449 l 25
450 593 m 25
 789 593 l 25
 789 543 l 25
 450 543 l 25
 450 593 l 25
450 735 m 25
 750 735 l 25
 766 748 772 773 792 768 c 24
 827 758 844 737 861 705 c 24
 868 692 848 687 840 675 c 25
 840 423 l 17
 832 394 826 372 795 369 c 1
 771 371 760 395 750 423 c 9
 750 685 l 25
 450 685 l 25
 450 735 l 25
405 768 m 25
 448 748 484 752 516 717 c 24
 530 702 503 688 495 669 c 25
 495 426 l 17
 487 397 481 375 450 372 c 1
 426 374 415 398 405 426 c 9
 405 768 l 25
69 135 m 25
 153 147 l 25
 178 213 191 250 216 315 c 24
 241 382 256 419 282 486 c 24
 292 513 298 528 309 555 c 25
 289 443 279 379 258 267 c 24
 247 207 225 114 225 114 c 1
 225 114 262 27 258 -30 c 24
 255 -72 246 -110 207 -126 c 24
 179 -138 155 -105 147 -75 c 24
 130 -14 147 24 147 87 c 25
 69 135 l 25
48 534 m 25
 96 518 129 521 171 492 c 24
 200 472 217 452 219 417 c 24
 221 390 207 363 180 360 c 24
 151 357 142 386 123 408 c 24
 107 427 103 441 90 462 c 24
 73 490 64 506 48 534 c 25
165 768 m 25
 211 754 243 760 282 732 c 24
 313 710 335 686 333 648 c 24
 332 621 301 600 276 609 c 24
 239 622 239 658 216 690 c 24
 195 720 185 738 165 768 c 25
EndSplineSet
EndChar
