Width: 1000
Flags: H
TeX: 117 0
LayerCount: 2
Fore
SplineSet
642 51 m 25
 685 39 711 37 753 21 c 24
 797 4 824 -5 861 -33 c 24
 884 -50 901 -65 903 -93 c 24
 905 -118 893 -139 870 -147 c 24
 846 -155 830 -138 810 -123 c 24
 780 -100 770 -78 744 -51 c 24
 705 -11 682 11 642 51 c 25
723 216 m 24
 742 250 749 271 765 306 c 25
 804 283 837 282 864 246 c 24
 875 232 850 222 837 210 c 24
 798 176 775 158 732 129 c 24
 696 105 673 96 636 75 c 25
 670 130 691 160 723 216 c 24
363 -147 m 24
 332 -119 309 -54 309 -54 c 1
 309 -54 385 -8 435 18 c 24
 491 47 525 60 582 87 c 25
 545 40 525 12 486 -33 c 24
 452 -72 431 -94 393 -129 c 24
 383 -138 373 -156 363 -147 c 24
327 297 m 25
 373 285 401 286 444 267 c 24
 482 250 509 242 531 207 c 24
 545 184 547 154 525 138 c 24
 501 120 475 132 450 147 c 24
 420 165 415 189 393 216 c 24
 367 248 353 265 327 297 c 25
645 615 m 25
 821 615 l 25
 821 615 843 646 867 655 c 1
 886 648 910 620 929 594 c 1
 937 576 921 565 903 565 c 9
 645 565 l 25
 645 615 l 25
603 366 m 25
 603 798 l 25
 646 778 682 782 714 747 c 24
 728 732 701 718 693 699 c 25
 693 366 l 25
 603 366 l 25
258 393 m 25
 838 393 l 25
 867 421 876 453 901 462 c 1
 927 458 969 405 1000 372 c 1
 1008 354 991 343 973 343 c 9
 258 343 l 25
 258 393 l 25
405 369 m 25
 405 708 l 25
 448 688 484 692 516 657 c 24
 530 642 503 628 495 609 c 25
 495 369 l 25
 405 369 l 25
36 57 m 25
 123 81 l 25
 155 144 174 179 204 243 c 24
 229 295 241 325 264 378 c 25
 249 293 240 245 225 159 c 24
 217 113 207 42 207 42 c 1
 207 42 245 -65 240 -135 c 24
 238 -166 220 -192 189 -195 c 24
 160 -197 143 -172 135 -144 c 24
 117 -83 130 -45 126 18 c 25
 36 57 l 25
33 465 m 25
 74 451 101 451 138 429 c 24
 173 408 199 395 213 357 c 24
 222 332 212 307 189 294 c 24
 169 283 150 297 132 312 c 24
 105 335 100 357 81 387 c 24
 62 417 52 435 33 465 c 25
117 759 m 25
 174 736 215 737 264 699 c 24
 291 678 310 651 300 618 c 24
 292 590 258 578 231 588 c 24
 198 600 200 634 180 663 c 24
 155 700 142 722 117 759 c 25
EndSplineSet
EndChar
