Width: 1000
Flags: HW
LayerCount: 2
Fore
SplineSet
414 565 m 1
 789 565 l 1
 789 515 l 1
 414 515 l 1
 414 565 l 1
629 252 m 25
 719 252 l 25
 719 -96 l 25
 629 -96 l 25
 629 252 l 25
482 252 m 25
 572 252 l 25
 572 -81 l 25
 482 -81 l 25
 482 252 l 25
231 -60 m 25
 819 -60 l 25
 848 -32 857 0 882 9 c 1
 908 5 950 -48 981 -81 c 1
 989 -99 972 -110 954 -110 c 9
 231 -110 l 25
 231 -60 l 25
777 -84 m 25
 777 229 l 25
 357 229 l 25
 357 279 l 25
 777 279 l 25
 793 292 799 317 819 312 c 24
 854 302 871 281 888 249 c 24
 895 236 875 231 867 219 c 25
 867 -84 l 25
 777 -84 l 25
327 -81 m 25
 327 309 l 25
 370 289 406 293 438 258 c 24
 452 243 425 229 417 210 c 25
 417 -81 l 25
 327 -81 l 25
414 417 m 25
 780 417 l 25
 780 367 l 25
 414 367 l 25
 414 417 l 25
414 711 m 25
 723 711 l 25
 739 724 745 749 765 744 c 24
 800 734 817 713 834 681 c 24
 841 668 821 663 813 651 c 25
 813 395 l 17
 805 366 799 344 768 341 c 1
 744 343 733 367 723 395 c 9
 723 661 l 25
 414 661 l 25
 414 711 l 25
384 738 m 25
 427 718 463 722 495 687 c 24
 509 672 482 658 474 639 c 25
 474 395 l 17
 466 366 460 344 429 341 c 1
 405 343 394 367 384 395 c 9
 384 738 l 25
47 135 m 25
 125 156 l 25
 142 202 151 228 168 273 c 24
 195 343 209 383 237 453 c 24
 271 537 292 583 327 666 c 25
 305 569 293 514 270 417 c 24
 241 296 194 108 194 108 c 1
 194 108 217 16 210 -42 c 24
 206 -74 200 -108 168 -114 c 24
 140 -120 126 -88 117 -60 c 24
 100 -6 111 28 107 84 c 25
 47 135 l 25
45 534 m 25
 88 515 121 517 156 486 c 24
 181 464 196 440 189 408 c 24
 184 384 157 370 133 378 c 24
 105 387 105 415 90 441 c 24
 70 476 63 498 45 534 c 25
144 750 m 25
 188 737 219 743 258 717 c 24
 286 699 301 678 303 645 c 24
 304 624 285 612 264 606 c 24
 248 601 237 609 225 621 c 24
 202 644 197 663 180 690 c 24
 165 713 158 727 144 750 c 25
EndSplineSet
EndChar
