Width: 1000
Flags: HW
LayerCount: 2
Fore
SplineSet
846 285 m 25
 876.42 261.6 907.659 259.726 924 225 c 24
 932.571 206.786 905.7 199.38 894 183 c 25
 868.26 137.37 861.841 105.993 828 66 c 24
 783.564 13.4854 747.48 -5.37012 696 -51 c 25
 732.27 18.0303 757.212 54.7949 789 126 c 24
 815.854 186.152 823.77 222.99 846 285 c 25
348 225 m 25
 387.78 195.75 419.569 188.884 450 150 c 24
 484.852 105.468 510 74.4238 510 18 c 24
 510 -8.41504 487.796 -24.0471 462 -30 c 24
 445.877 -33.7207 438.612 -15.1678 432 0 c 24
 418.053 31.9971 423.208 54.2998 411 87 c 24
 390.308 142.427 372.57 171.18 348 225 c 25
675 411 m 1
 765 411 l 1
 765 -99 l 1
 675 -99 l 1
 675 411 l 1
549 405 m 1
 639 405 l 1
 639 -102 l 1
 549 -102 l 1
 549 405 l 1
294 -63 m 25
 819 -63 l 25
 848 -35 857 -3 882 6 c 1
 908 2 950 -51 981 -84 c 1
 989 -102 972 -113 954 -113 c 9
 294 -113 l 25
 294 -63 l 25
432 425 m 1
 819 425 l 1
 819 375 l 1
 432 375 l 1
 432 425 l 1
447 586 m 1
 801 586 l 1
 801 536 l 1
 447 536 l 1
 447 586 l 1
432 735 m 25
 756 735 l 25
 772 748 778 773 798 768 c 24
 833 758 850 737 867 705 c 24
 874 692 854 687 846 675 c 25
 846 387 l 17
 838 358 832 336 801 333 c 1
 777 335 766 359 756 387 c 9
 756 685 l 25
 432 685 l 25
 432 735 l 25
402 762 m 25
 445 742 481 746 513 711 c 24
 527 696 500 682 492 663 c 25
 492 384 l 17
 484 355 478 333 447 330 c 1
 423 332 412 356 402 384 c 9
 402 762 l 25
51 90 m 25
 150 120 l 25
 171.06 182.01 181.064 217.659 204 279 c 24
 231.394 352.262 250.063 392.335 279 465 c 24
 302.713 524.546 315.6 558.33 339 618 c 25
 322.62 524.4 320.198 470.148 297 378 c 24
 277.939 302.287 253.066 263.892 231 189 c 24
 214.394 132.639 198 100.74 198 42 c 24
 198 0.862305 225 -18.9297 225 -60 c 24
 225 -98.1797 217.522 -128.328 186 -150 c 24
 166.124 -163.665 135.531 -149.22 129 -126 c 24
 111.258 -62.917 132 -23.5195 132 42 c 25
 51 90 l 25
81 501 m 25
 119.61 484.62 152.227 490.428 180 459 c 24
 202.8 433.2 207.409 404.116 195 372 c 24
 183.772 342.939 155.418 310.489 129 327 c 24
 99.1689 345.645 132.355 383.089 123 417 c 24
 113.26 452.308 97.3799 468.24 81 501 c 25
156 753 m 25
 198.12 737.79 228.961 741.888 264 714 c 24
 290.61 692.82 303 670.001 303 636 c 24
 303 611.66 291.146 588.116 267 585 c 24
 240.286 581.553 222.851 600.327 210 624 c 24
 197.72 646.622 219.939 666.256 210 690 c 24
 197.504 719.851 177.06 728.43 156 753 c 25
EndSplineSet
EndChar
