Width: 1000
Flags: H
TeX: 117 0
LayerCount: 2
Fore
SplineSet
366 190 m 1
 807 190 l 1
 807 140 l 1
 366 140 l 1
 366 190 l 1
372 312 m 1
 807 312 l 1
 807 262 l 1
 372 262 l 1
 372 312 l 1
369 426 m 25
 756 426 l 25
 772.38 438.87 777.891 464.435 798 459 c 24
 833.178 449.492 850.287 428.381 867 396 c 24
 873.55 383.309 854.19 377.7 846 366 c 25
 846 180 l 17
 838 151 832 129 801 126 c 1
 777 128 766 152 756 180 c 9
 756 376 l 25
 369 376 l 25
 369 426 l 25
333 462 m 25
 376.29 442.11 411.953 446.251 444 411 c 24
 457.745 395.881 431.19 381.72 423 363 c 25
 423 156 l 17
 415 127 409 105 378 102 c 1
 354 104 343 128 333 156 c 9
 333 462 l 25
339 549 m 25
 720 549 l 25
 749 577 758 609 783 618 c 1
 809 614 851 561 882 528 c 1
 890 510 873 499 855 499 c 9
 339 499 l 25
 339 549 l 25
267 57 m 25
 795 57 l 25
 824 85 833 117 858 126 c 1
 884 122 926 69 957 36 c 1
 965 18 948 7 930 7 c 9
 267 7 l 25
 267 57 l 25
633 696 m 25
 633 -120 l 17
 625 -149 619 -171 588 -174 c 1
 564 -172 553 -148 543 -120 c 9
 543 696 l 25
 633 696 l 25
819 667 m 25
 357 667 l 25
 357 717 l 25
 813 717 l 25
 836.4 729.87 848.293 760.136 873 750 c 24
 908.737 735.339 920.87 706.533 930 669 c 24
 933.911 652.923 911.7 650.7 900 639 c 25
 807 585 l 25
 819 667 l 25
351 747 m 25
 368.55 713.07 396 698.125 396 660 c 24
 396 617.159 391.965 586.68 363 555 c 24
 346.421 536.866 317.374 537.626 300 555 c 24
 284.194 570.806 301.019 590.209 306 612 c 24
 310.455 631.49 317.678 641.033 324 660 c 24
 335.234 693.703 340.47 713.07 351 747 c 25
66 87 m 25
 135 114 l 25
 150.21 166.65 158.482 196.44 174 249 c 24
 194.753 319.291 205.955 359.102 228 429 c 24
 253.93 511.216 270.09 557.1 297 639 c 25
 274.77 502.11 261.477 425.01 240 288 c 24
 227.546 208.555 210 84 210 84 c 1
 210 84 242.113 8.84571 252 -42 c 24
 258.699 -76.4551 267.373 -100.445 252 -132 c 24
 241.227 -154.113 219.177 -163.533 195 -159 c 24
 172.174 -154.72 162.573 -136.274 156 -114 c 24
 140.679 -62.0762 146.85 -29.8203 141 24 c 25
 66 87 l 25
33 510 m 25
 72.7803 492.45 100.05 490.863 135 465 c 24
 160.584 446.067 179.324 430.614 183 399 c 24
 186.203 371.449 175.346 347.265 150 336 c 24
 130.373 327.276 114.661 345.65 102 363 c 24
 81.252 391.432 83.9558 415.138 69 447 c 24
 56.9756 472.617 47.04 485.43 33 510 c 25
126 747 m 25
 170.46 730.62 201.745 732.956 240 705 c 24
 266.247 685.819 278.918 665.362 282 633 c 24
 284.284 609.017 275.026 586.085 252 579 c 24
 230.9 572.508 219.021 592.823 204 609 c 24
 187.606 626.654 185.855 642.026 174 663 c 24
 155.434 695.848 144.72 714.24 126 747 c 25
EndSplineSet
EndChar
