Width: 1000
Flags: HW
LayerCount: 2
Fore
SplineSet
54 123 m 25
 141 138 l 25
 170.25 226.92 182.842 278.462 216 366 c 24
 241.417 433.1 261.75 468.48 291 534 c 25
 207 114 l 1
 207 114 229.732 9.49806 222 -57 c 24
 217.588 -94.9443 213.135 -131.611 177 -144 c 24
 147.949 -153.96 123.789 -122.951 117 -93 c 24
 101.979 -26.7305 122.49 13.1396 126 81 c 25
 54 123 l 25
57 486 m 25
 94.4404 471.96 122.737 476.136 153 450 c 24
 178.356 428.102 196.534 404.645 189 372 c 24
 182.502 343.843 152.772 322.124 126 333 c 24
 95.3984 345.432 106.579 380.89 93 411 c 24
 79.6611 440.576 71.04 456.75 57 486 c 25
144 744 m 25
 193.14 724.11 228.287 725.716 270 693 c 24
 292.737 675.167 304.009 652.034 297 624 c 24
 290.699 598.798 267.948 577.757 243 585 c 24
 214.287 593.336 219.803 625.62 204 651 c 24
 181.186 687.642 167.4 707.73 144 744 c 25
480 201 m 25
 546 201 l 25
 568.23 172.92 577.866 154.515 603 129 c 24
 655.305 75.9033 681.38 40.4186 744 0 c 24
 811.771 -43.7432 859.29 -51.2402 933 -84 c 25
 911.94 -101.55 896.125 -107.594 879 -129 c 24
 867.192 -143.76 879.521 -177.773 861 -174 c 24
 798.416 -161.251 767.387 -135.249 717 -96 c 24
 654.992 -47.6992 625.025 -13.4362 576 48 c 24
 532.062 103.062 517.44 141.33 480 201 c 25
765 181 m 25
 498 181 l 25
 498 231 l 25
 783 231 l 25
 801.72 242.7 811.149 270.657 831 261 c 24
 867.823 243.086 882.884 216.412 894 177 c 24
 898.722 160.26 875.7 156.87 864 144 c 25
 819.54 108.9 794.056 89.6066 750 54 c 24
 708.64 20.5713 688.879 -2.95269 645 -33 c 24
 580.93 -76.874 545.41 -104.495 474 -135 c 24
 423.351 -156.637 389.82 -153.3 336 -165 c 25
 388.65 -129.9 420.197 -112.725 471 -75 c 24
 538.482 -24.8896 575.61 4.80363 639 60 c 24
 690.381 104.74 715.86 133.81 765 181 c 25
507 441 m 25
 603 441 l 25
 585 336 l 25
 575.64 298.56 575.18 275.893 561 240 c 24
 537.544 180.628 522.984 147.04 489 93 c 24
 451.252 32.9746 431.665 -4.65309 378 -51 c 24
 326.482 -95.4932 284.67 -102.24 225 -135 c 25
 275.31 -75.3301 308.699 -45.5565 354 18 c 24
 387.441 64.918 401.957 94.6405 426 147 c 24
 454.743 209.598 470.704 245.593 489 312 c 24
 502.492 360.973 499.98 390.69 507 441 c 25
315 339 m 25
 804 339 l 25
 804 339 842 399 867 408 c 1
 893 404 935 351 966 318 c 1
 974 300 957 289 939 289 c 9
 315 289 l 25
 315 339 l 25
372 462 m 25
 810 462 l 25
 810 462 833 498 858 507 c 1
 884 503 872 474 903 441 c 1
 911 423 894 412 876 412 c 9
 372 412 l 25
 372 462 l 25
780 663 m 25
 818.61 634.92 849.774 628.75 879 591 c 24
 887.166 580.452 861.531 579.333 852 570 c 24
 805.297 524.271 786.132 490.716 735 450 c 24
 720.999 438.852 707.55 444.51 690 441 c 25
 707.55 479.61 719.066 500.695 735 540 c 24
 754.19 587.338 762.45 615.03 780 663 c 25
594 651 m 25
 617.4 619.41 638.033 605.925 654 570 c 24
 666.97 540.817 683.714 515.571 666 489 c 24
 650.303 465.454 615.603 461.721 594 480 c 24
 571.6 498.954 588 525.656 588 555 c 24
 588 592.513 591.66 613.56 594 651 c 25
403.68 636.24 m 25
 433.352 618.081 456.545 615.587 479.76 589.68 c 24
 500.195 566.874 511.172 547.928 510.24 517.32 c 24
 509.482 492.457 497.893 475.219 475.92 463.56 c 24
 460.144 455.189 441.519 460.723 431.76 475.68 c 24
 415.664 500.354 424.476 521.181 419.4 550.2 c 24
 413.523 583.801 409.811 602.685 403.68 636.24 c 25
855 798 m 25
 878.4 759.39 906.383 743.317 915 699 c 24
 917.979 683.678 891.397 692.566 876 690 c 24
 821.16 680.86 790.415 673.493 735 669 c 24
 573.798 655.93 482.46 654.36 321 645 c 25
 388.86 666.06 426.584 679.823 495 699 c 24
 581.071 723.126 630.811 732.298 717 756 c 24
 771.244 770.917 801.18 781.62 855 798 c 25
EndSplineSet
EndChar
