Width: 1000
Flags: H
TeX: 117 0
LayerCount: 2
Fore
SplineSet
549 126 m 26
 549 276 l 25
 549 276 628 260 660 225 c 24
 674 210 647 196 639 177 c 25
 639 120 l 18
 639 75 628 50 606 11 c 24
 584 -28 565 -46 531 -75 c 24
 497 -104 474 -118 433 -135 c 24
 394 -151 369 -159 327 -159 c 1
 375 -133 403 -112 444 -73 c 24
 480 -39 501 -18 524 26 c 24
 543 62 549 86 549 126 c 26
795 8 m 10
 795 90 l 25
 342 90 l 25
 342 140 l 25
 795 140 l 25
 811 153 817 178 837 173 c 24
 872 163 889 142 906 110 c 24
 913 97 893 92 885 80 c 25
 885 -16 l 26
 885 -60 872 -88 843 -121 c 24
 819 -148 795 -161 759 -160 c 24
 735 -159 732 -133 714 -118 c 24
 689 -97 674 -87 648 -67 c 25
 747 -67 l 18
 770 -67 795 -47 795 8 c 10
579 528 m 1
 669 528 l 1
 669 267 l 1
 579 267 l 1
 579 528 l 1
396 287 m 1
 867 287 l 1
 867 237 l 1
 396 237 l 1
 396 287 l 1
402 431 m 1
 876 431 l 1
 876 381 l 1
 402 381 l 1
 402 431 l 1
396 558 m 25
 804 558 l 25
 820 571 826 596 846 591 c 24
 881 581 898 560 915 528 c 24
 922 515 902 510 894 498 c 25
 894 267 l 17
 886 238 880 216 849 213 c 1
 825 215 814 239 804 267 c 9
 804 508 l 25
 396 508 l 25
 396 558 l 25
360 592 m 9
 360 592 439 576 471 541 c 24
 485 526 458 512 450 493 c 25
 450 265 l 17
 442 236 436 214 405 211 c 1
 381 213 370 237 360 265 c 1
 360 592 l 9
518 679 m 17
 569 668 600 660 641 628 c 24
 665 609 677 586 673 556 c 24
 670 534 649 524 627 522 c 24
 609 520 598 532 587 547 c 24
 573 566 577 583 566 604 c 24
 550 635 537 650 518 679 c 17
717 697 m 25
 399 697 l 25
 399 747 l 25
 720 747 l 25
 741 759 752 788 774 777 c 24
 814 758 834 730 843 687 c 24
 847 668 816 672 798 663 c 17
 648 570 l 1
 627 588 l 9
 717 697 l 25
66 168 m 25
 153 186 l 25
 169 223 178 245 195 282 c 24
 217 331 229 359 252 408 c 24
 277 459 292 487 318 537 c 25
 288 422 269 358 240 243 c 24
 231 206 219 147 219 147 c 1
 219 147 240 58 246 0 c 24
 251 -50 261 -81 246 -129 c 24
 240 -150 219 -166 198 -159 c 24
 166 -148 147 -127 141 -93 c 24
 128 -13 148 33 153 114 c 25
 66 168 l 25
69 546 m 17
 114 540 137 536 171 511 c 24
 197 493 211 473 213 442 c 24
 215 418 201 399 179 391 c 24
 160 384 145 397 132 412 c 24
 116 430 121 448 111 469 c 24
 96 500 85 516 69 546 c 17
174 772 m 17
 217 768 243 763 280 742 c 24
 309 725 331 711 339 678 c 24
 345 653 332 632 310 620 c 24
 292 610 275 620 260 634 c 24
 240 652 242 673 228 696 c 24
 209 727 195 742 174 772 c 17
EndSplineSet
EndChar
