Width: 1000
Flags: H
TeX: 117 0
LayerCount: 2
Fore
SplineSet
597 54 m 25
 666 54 l 25
 692.91 28.2598 704.258 9.01366 735 -12 c 24
 797.299 -54.584 837.48 -70.5596 903 -108 c 25
 883.11 -119.7 869.778 -123.287 852 -138 c 24
 835.38 -151.755 836.987 -184.997 816 -180 c 24
 772.272 -169.589 759.029 -138.488 726 -108 c 24
 698.01 -82.1631 683.729 -65.7987 660 -36 c 24
 633.311 -2.4834 621.57 18.9004 597 54 c 25
576 66 m 25
 576 216 l 25
 666 216 l 25
 666 48 l 25
 644.94 17.5801 636.158 -1.97653 612 -30 c 24
 577.428 -70.1035 558.821 -94.8573 516 -126 c 24
 480.444 -151.858 456.142 -161.471 414 -174 c 24
 368.639 -187.485 340.8 -184.98 294 -192 c 25
 345.48 -161.58 379.095 -151.088 426 -114 c 24
 480.513 -70.8975 507.511 -41.3869 552 12 c 24
 566.754 29.7051 566.64 44.9404 576 66 c 25
384 96 m 25
 762 96 l 25
 791 124 800 156 825 165 c 1
 851 161 893 108 924 75 c 1
 932 57 915 46 897 46 c 9
 384 46 l 25
 384 96 l 25
423 192 m 25
 497.88 209.55 540.722 217.055 615 237 c 24
 667.175 251.01 747 279 747 279 c 1
 747 279 793.223 236.82 807 201 c 24
 811.2 190.08 788.7 201 777 201 c 25
 747.75 197.49 731.45 192.749 702 192 c 24
 593.226 189.234 531.81 192 423 192 c 25
627 498 m 25
 690 498 l 25
 709.89 461.73 715.159 437.301 741 405 c 24
 772.026 366.217 792.205 344.831 834 318 c 24
 888.188 283.213 925.5 275.91 984 249 c 25
 967.62 236.13 957.539 229.874 942 216 c 24
 924.721 200.572 923.139 172.898 900 174 c 24
 862.312 175.795 845.371 198.314 816 222 c 24
 772.209 257.315 745.786 277.583 714 324 c 24
 671.133 386.6 660.93 430.14 627 498 c 25
438 390 m 25
 792 390 l 25
 821 418 830 450 855 459 c 1
 881 455 923 402 954 369 c 1
 962 351 945 340 927 340 c 9
 438 340 l 25
 438 390 l 25
444 513 m 25
 777 513 l 25
 777 513 800 549 825 558 c 1
 851 554 839 525 870 492 c 1
 878 474 861 463 843 463 c 9
 444 463 l 25
 444 513 l 25
597 588 m 25
 597 786 l 25
 640.29 766.11 675.953 770.251 708 735 c 24
 721.745 719.881 695.19 705.72 687 687 c 25
 687 591 l 17
 675 552 669.859 511.711 648 465 c 9
 627.941 417.215 614.796 390.402 585 348 c 24
 553.549 303.242 532.96 279.259 492 243 c 24
 460.891 215.461 437.1 208.23 402 186 c 25
 446.46 252.69 475.702 287.716 516 357 c 24
 542.582 402.702 555.505 430.107 573 480 c 24
 587.277 520.717 587.64 545.88 597 588 c 25
462 630 m 25
 831 630 l 25
 831 630 854 666 879 675 c 1
 905 671 893 642 924 609 c 1
 932 591 915 580 897 580 c 9
 462 580 l 25
 462 630 l 25
18 96 m 25
 303 96 l 25
 303 96 326 132 351 141 c 1
 377 137 365 108 396 75 c 1
 404 57 387 46 369 46 c 9
 18 46 l 25
 18 96 l 25
66 223 m 1
 366 223 l 1
 366 173 l 1
 66 173 l 1
 66 223 l 1
66 352 m 1
 342 352 l 1
 342 302 l 1
 66 302 l 1
 66 352 l 1
72 492 m 25
 321 492 l 25
 337.38 504.87 342.89 530.435 363 525 c 24
 398.178 515.492 415.287 494.381 432 462 c 24
 438.55 449.309 419.19 443.7 411 432 c 25
 411 207 l 17
 403 178 397 156 366 153 c 1
 342 155 331 179 321 207 c 9
 321 442 l 25
 72 442 l 25
 72 492 l 25
48 522 m 25
 91 502 127 506 159 471 c 24
 173 456 146 442 138 423 c 25
 138 198 l 17
 130 169 124 147 93 144 c 1
 69 146 58 170 48 198 c 9
 48 522 l 25
186 786 m 25
 229 766 265 770 297 735 c 24
 311 720 284 706 276 687 c 25
 276 -138 l 17
 268 -167 262 -189 231 -192 c 1
 207 -190 196 -166 186 -138 c 9
 186 786 l 25
18 636 m 25
 381 636 l 25
 381 636 404 672 429 681 c 1
 455 677 443 648 474 615 c 1
 482 597 465 586 447 586 c 9
 18 586 l 25
 18 636 l 25
EndSplineSet
EndChar
