Width: 1000
Flags: H
TeX: 117 0
LayerCount: 2
Fore
SplineSet
669 252 m 1
 759 252 l 1
 759 -72 l 1
 669 -72 l 1
 669 252 l 1
492 -41 m 1
 912 -41 l 1
 912 -91 l 1
 492 -91 l 1
 492 -41 l 1
504 109 m 1
 900 109 l 1
 900 59 l 1
 504 59 l 1
 504 109 l 1
498 264 m 25
 840 264 l 25
 856.38 276.87 861.891 302.435 882 297 c 24
 917.178 287.492 934.287 266.381 951 234 c 24
 957.55 221.309 938.19 215.7 930 204 c 25
 930 -108 l 17
 922 -137 916 -159 885 -162 c 1
 861 -160 850 -136 840 -108 c 9
 840 214 l 25
 498 214 l 25
 498 264 l 25
476 300 m 25
 519.29 280.11 554.953 284.251 587 249 c 24
 600.745 233.881 574.19 219.72 566 201 c 25
 566 -99 l 17
 558 -128 552 -150 521 -153 c 1
 497 -151 486 -127 476 -99 c 9
 476 300 l 25
546 400 m 1
 822 400 l 1
 822 350 l 1
 546 350 l 1
 546 400 l 1
546 582 m 25
 774 582 l 25
 790.38 594.87 795.891 620.435 816 615 c 24
 851.178 605.492 868.287 584.381 885 552 c 24
 891.55 539.309 872.19 533.7 864 522 c 25
 864 396 l 17
 856 367 850 345 819 342 c 1
 795 344 784 368 774 396 c 9
 774 532 l 25
 546 532 l 25
 546 582 l 25
522 618 m 25
 565.29 598.11 600.953 602.251 633 567 c 24
 646.745 551.881 620.19 537.72 612 519 c 25
 612 384 l 17
 604 355 598 333 567 330 c 1
 543 332 532 356 522 384 c 9
 522 618 l 25
468 714 m 25
 843 714 l 25
 843 714 866 750 891 759 c 1
 917 755 905 726 936 693 c 1
 944 675 927 664 909 664 c 9
 468 664 l 25
 468 714 l 25
108 235 m 1
 414 235 l 1
 414 185 l 1
 108 185 l 1
 108 235 l 1
96 371 m 1
 402 371 l 1
 402 321 l 1
 96 321 l 1
 96 371 l 1
102 504 m 25
 366 504 l 25
 382.38 516.87 387.891 542.435 408 537 c 24
 443.178 527.492 460.287 506.381 477 474 c 24
 483.55 461.309 464.19 455.7 456 444 c 25
 456 213 l 17
 448 184 442 162 411 159 c 1
 387 161 376 185 366 213 c 9
 366 454 l 25
 102 454 l 25
 102 504 l 25
60 537 m 25
 103.29 517.11 138.953 521.251 171 486 c 24
 184.745 470.881 158.19 456.72 150 438 c 25
 150 204 l 17
 142 175 136 153 105 150 c 1
 81 152 70 176 60 204 c 9
 60 537 l 25
18 102 m 25
 369 102 l 25
 369 102 392 138 417 147 c 1
 443 143 431 114 462 81 c 1
 470 63 453 52 435 52 c 9
 18 52 l 25
 18 102 l 25
30 648 m 25
 396 648 l 25
 396 648 419 684 444 693 c 1
 470 689 458 660 489 627 c 1
 497 609 480 598 462 598 c 9
 30 598 l 25
 30 648 l 25
216 786 m 25
 259.29 766.11 294.953 770.251 327 735 c 24
 340.745 719.881 314.19 705.72 306 687 c 25
 306 -105 l 17
 298 -134 292 -156 261 -159 c 1
 237 -157 226 -133 216 -105 c 9
 216 786 l 25
EndSplineSet
EndChar
