Width: 1000
Flags: H
TeX: 117 0
LayerCount: 2
Fore
SplineSet
414 279 m 25
 834 279 l 25
 834 252 l 25
 414 252 l 29
 414 279 l 25
561 765 m 25
 561 765 640 749 672 714 c 24
 686 699 659 685 651 666 c 25
 651 54 l 17
 643 25 637 3 606 0 c 1
 582 2 571 26 561 54 c 9
 561 765 l 25
402 573 m 25
 765 573 l 25
 781 586 787 611 807 606 c 24
 842 596 859 575 876 543 c 24
 883 530 863 525 855 513 c 25
 855 279 l 17
 847 250 841 228 810 225 c 1
 786 227 775 251 765 279 c 9
 765 523 l 25
 402 523 l 25
 402 573 l 25
381 597 m 25
 381 597 460 581 492 546 c 24
 506 531 479 517 471 498 c 25
 471 246 l 17
 463 217 457 195 426 192 c 1
 402 194 391 218 381 246 c 9
 381 597 l 25
194 30 m 25
 194 217 l 25
 78 217 l 25
 78 267 l 25
 194 267 l 25
 210.38 279.87 215.89 305.435 236 300 c 24
 271.178 290.492 288.287 269.381 305 237 c 24
 311.55 224.309 292.19 218.7 284 207 c 25
 284 36 l 17
 306 12 316.505 -5.42743 342 -27 c 24
 367.599 -48.6602 385.92 -55.6699 414 -74 c 25
 795 -74 l 25
 948 -48 l 25
 923.43 -69.0596 907.2 -78.4547 885 -102 c 24
 868.298 -119.714 863.04 -133.11 849 -153 c 25
 402 -153 l 25
 376.26 -131.94 361.111 -120.806 336 -99 c 24
 316.626 -82.1748 308.29 -69.7083 288 -54 c 24
 271.816 -41.4707 260.55 -37.5303 243 -27 c 25
 221.94 -52.7402 214.641 -71.8185 189 -93 c 24
 159.91 -117.03 142.369 -135.786 105 -141 c 24
 84.1104 -143.915 69.4326 -129.865 60 -111 c 24
 49.5352 -90.0703 43.88 -67.9621 60 -51 c 24
 102.067 -6.73535 141.74 -1.58984 194 30 c 25
96 516 m 25
 128.76 506.64 150.159 508.442 180 492 c 24
 209.019 476.01 243 468.042 243 435 c 24
 243 402.73 221.346 372 189 372 c 24
 157.86 372 160.902 411.83 144 438 c 24
 124.622 468.005 114.72 485.58 96 516 c 25
168 720 m 25
 205.44 711.81 229.867 716.43 264 699 c 24
 287.624 686.937 309 674.471 309 648 c 24
 309 622.287 283.755 606 258 606 c 24
 232.352 606 225.9 630.859 210 651 c 24
 190.479 675.727 184.38 693.09 168 720 c 25
EndSplineSet
EndChar
