Width: 1000
Flags: H
TeX: 117 0
LayerCount: 2
Fore
SplineSet
669 176 m 1
 867 176 l 1
 867 126 l 1
 669 126 l 1
 669 176 l 1
669 612 m 25
 798 612 l 25
 814 625 820 650 840 645 c 24
 875 635 892 614 909 582 c 24
 916 569 896 564 888 552 c 25
 888 117 l 17
 880 88 874 66 843 63 c 1
 819 65 808 89 798 117 c 9
 798 562 l 25
 669 562 l 25
 669 612 l 25
630 639 m 25
 673 619 709 623 741 588 c 24
 755 573 728 559 720 540 c 25
 720 90 l 17
 712 61 706 39 675 36 c 1
 651 38 640 62 630 90 c 9
 630 639 l 25
354 255 m 25
 354 768 l 25
 397.29 748.11 432.953 752.251 465 717 c 24
 478.745 701.881 452.19 687.72 444 669 c 25
 444 333 l 25
 436.98 281.52 444.468 249.563 426 201 c 24
 411.775 163.594 392.326 147.231 363 120 c 24
 342.263 100.744 324.57 98.04 300 84 c 25
 312.87 112.08 323.698 126.545 333 156 c 24
 344.886 193.637 345.81 216.39 354 255 c 25
489 123 m 25
 489 523 l 25
 264 523 l 25
 264 573 l 25
 489 573 l 25
 505.38 585.87 510.891 611.435 531 606 c 24
 566.178 596.492 583.287 575.381 600 543 c 24
 606.55 530.309 587.19 524.7 579 513 c 25
 579 108 l 25
 554.43 81.0898 551.11 48.7529 516 39 c 24
 493.623 32.7842 488.478 62.707 471 78 c 24
 451.037 95.4678 439.89 105.45 420 123 c 25
 489 123 l 25
162 36 m 25
 162 232 l 25
 45 232 l 25
 45 282 l 25
 162 282 l 25
 178.38 294.87 183.891 320.435 204 315 c 24
 239.178 305.492 256.287 284.381 273 252 c 24
 279.55 239.309 260.19 233.7 252 222 c 25
 252 87 l 25
 282.42 60.0898 295.522 39.4668 330 18 c 24
 358.597 0.194336 379.41 -0.299805 411 -12 c 25
 858 -12 l 25
 975 0 l 25
 948.09 -22.2305 931.376 -33.0342 906 -57 c 24
 889.116 -72.9463 882.21 -84.4502 867 -102 c 25
 402 -102 l 25
 364.56 -79.7695 341.473 -70.252 306 -45 c 24
 272.193 -20.9336 256.59 -2.91016 225 24 c 25
 208.62 -5.25 207.25 -27.8525 183 -51 c 24
 153.817 -78.8564 132.027 -91.7783 93 -102 c 24
 77.8154 -105.977 64.0195 -98.04 57 -84 c 24
 46.5225 -63.0439 38.5713 -41.6318 54 -24 c 24
 85.7295 12.2617 119.88 12.5996 162 36 c 25
66 531 m 25
 95.25 527.49 115.386 536.554 141 522 c 24
 170.57 505.198 188.446 488.642 198 456 c 24
 204.654 433.263 194.93 414.485 177 399 c 24
 163.718 387.529 144.986 387.194 132 399 c 24
 113.655 415.677 122.087 436.825 111 459 c 24
 96.1914 488.617 83.5498 502.92 66 531 c 25
117 705 m 25
 150.93 697.98 174.289 704.826 204 687 c 24
 235.994 667.803 264.277 652.212 267 615 c 24
 269.114 586.109 241.758 560.515 213 564 c 24
 183.025 567.633 184.993 602.041 168 627 c 24
 147.545 657.043 136.89 674.58 117 705 c 25
EndSplineSet
EndChar
