Width: 1000
Flags: HW
TeX: 117 0
LayerCount: 2
Fore
SplineSet
453 648 m 25
 552 674 608 685 706 714 c 24
 745 726 765 738 802 753 c 25
 835 716 867 703 886 657 c 24
 892 642 860 653 844 651 c 25
 454 600 l 25
 453 648 l 25
739 438 m 25
 739 27 l 17
 731 -2 725 -24 694 -27 c 1
 670 -25 659 -1 649 27 c 9
 649 438 l 25
 739 438 l 25
463 474 m 25
 853 474 l 25
 853 474 875 505 899 514 c 1
 918 507 942 479 961 453 c 1
 969 435 953 424 935 424 c 9
 463 424 l 25
 463 474 l 25
412 291 m 9
 412 690 l 25
 455 670 491 674 523 639 c 24
 537 624 510 610 502 591 c 25
 502 264 l 17
 493 216 486 186 460 144 c 16
 424 87 375 54 322 30 c 9
 344 73 362 95 378 141 c 24
 398 198 408 231 412 291 c 9
922 -62 m 24
 908 -75 917 -96 889 -98 c 1
 442 -98 l 1
 373 -87 359 -80 310 -57 c 24
 277 -41 264 -22 235 0 c 25
 214 -29 209 -52 181 -75 c 24
 154 -98 135 -115 100 -114 c 24
 77 -113 60 -95 60 -72 c 24
 60 -40 78 -24 100 0 c 24
 129 31 153 40 187 66 c 25
 187 319 l 25
 19 319 l 25
 19 369 l 25
 187 369 l 25
 203 382 209 407 229 402 c 24
 264 392 281 371 298 339 c 24
 305 326 285 321 277 309 c 25
 277 48 l 25
 277 48 358 -11 418 -18 c 1
 979 -18 l 25
 957 -35 943 -43 922 -62 c 24
130 741 m 17
 193 717 231 704 274 654 c 24
 297 627 303 593 283 564 c 24
 267 541 234 547 211 564 c 24
 183 585 187 613 172 645 c 24
 155 682 146 704 130 741 c 17
EndSplineSet
EndChar
