Width: 1000
Flags: H
TeX: 117 0
LayerCount: 2
Fore
SplineSet
195 60 m 25
 195 277 l 25
 78 277 l 25
 78 327 l 25
 195 327 l 25
 211 340 217 365 237 360 c 24
 272 350 289 329 306 297 c 24
 313 284 293 279 285 267 c 25
 285 84 l 25
 310 57 319 37 348 15 c 24
 381 -10 405 -16 441 -36 c 25
 795 -36 l 25
 933 0 l 25
 901 -35 880 -52 852 -90 c 24
 842 -104 843 -116 837 -132 c 25
 450 -132 l 25
 414 -114 391 -109 357 -87 c 24
 312 -57 291 -34 249 0 c 25
 213 -39 201 -70 156 -99 c 24
 137 -111 117 -109 99 -96 c 24
 82 -84 70 -63 81 -45 c 24
 113 6 151 19 195 60 c 25
117 672 m 25
 161.46 659.13 192.92 665.311 231 639 c 24
 261.713 617.78 276.384 594.905 282 558 c 24
 285.779 533.165 275.586 509.648 252 501 c 24
 228.338 492.324 208.306 505.783 192 525 c 24
 172.131 548.418 181.957 572.644 168 600 c 24
 152.361 630.651 136.89 643.92 117 672 c 25
642 379 m 25
 465 379 l 25
 465 429 l 25
 684 429 l 25
 710.91 440.7 725.755 469.898 753 459 c 24
 782.149 447.341 790.958 418.333 789 387 c 24
 787.823 368.171 762.697 373.465 747 363 c 24
 685.431 321.954 646.642 303.781 591 255 c 24
 560.208 228.004 535.234 211.306 528 171 c 24
 524.32 150.496 555 141 570 138 c 9
 774 138 l 25
 792.72 154.38 807.005 160.153 822 180 c 24
 847.283 213.463 854.94 236.73 876 273 c 25
 871.32 223.86 858.085 196.007 864 147 c 24
 866.722 124.446 897.873 121.7 897 99 c 24
 896.298 80.7373 875.04 80.7002 861 69 c 25
 495 69 l 17
 468 81 449 87 438 111 c 8
 422.031 145.84 435.787 176.504 459 207 c 24
 518.324 284.936 570.63 311.92 642 379 c 25
435 615 m 25
 816 615 l 25
 816 615 839 651 864 660 c 1
 890 656 878 627 909 594 c 1
 917 576 900 565 882 565 c 1
 435 565 l 9
 435 615 l 25
444 768 m 25
 483.78 745.77 515.455 744.817 546 711 c 24
 556.521 699.352 534.56 689.261 528 675 c 24
 507.646 630.751 498.782 604.564 477 561 c 24
 451.944 510.889 443.285 478.519 408 435 c 24
 371.954 390.543 340.29 376.44 297 339 c 25
 320.4 386.97 337.265 412.409 357 462 c 24
 382.993 527.315 394.775 565.383 414 633 c 24
 428.75 684.878 432.3 715.35 444 768 c 25
EndSplineSet
EndChar
