Width: 1000
Flags: H
TeX: 117 0
LayerCount: 2
Fore
SplineSet
489 516 m 25
 792 516 l 25
 792 516 814 547 838 556 c 1
 857 549 881 521 900 495 c 1
 908 477 892 466 874 466 c 9
 489 466 l 25
 489 516 l 25
525 -72 m 25
 849 -72 l 25
 849 -122 l 25
 525 -122 l 25
 525 -72 l 25
543 138 m 25
 798 138 l 25
 814 151 820 176 840 171 c 24
 875 161 892 140 909 108 c 24
 916 95 896 90 888 78 c 25
 888 -96 l 17
 880 -125 874 -147 843 -150 c 1
 819 -148 808 -124 798 -96 c 9
 798 88 l 25
 543 88 l 25
 543 138 l 25
501 168 m 25
 544 148 580 152 612 117 c 24
 626 102 599 88 591 69 c 25
 591 -96 l 17
 583 -125 577 -147 546 -150 c 1
 522 -148 511 -124 501 -96 c 9
 501 168 l 25
645 228 m 9
 645 606 l 25
 688 586 724 590 756 555 c 24
 770 540 743 526 735 507 c 25
 735 228 l 17
 645 228 l 9
447 270 m 25
 861 270 l 25
 861 270 883 301 907 310 c 1
 926 303 950 275 969 249 c 1
 977 231 961 220 943 220 c 9
 447 220 l 25
 447 270 l 25
504 396 m 25
 792 396 l 25
 792 396 814 427 838 436 c 1
 857 429 881 401 900 375 c 1
 908 357 892 346 874 346 c 9
 504 346 l 25
 504 396 l 25
645 621 m 25
 645 768 l 25
 688 748 724 752 756 717 c 24
 770 702 743 688 735 669 c 25
 735 621 l 25
 645 621 l 25
876 589 m 25
 492 589 l 25
 492 639 l 25
 870 639 l 25
 889.89 650.7 900.803 680.161 921 669 c 24
 959.343 647.811 969.121 617.204 984 576 c 24
 987.749 565.618 969.36 566.85 960 561 c 25
 867 498 l 25
 876 589 l 25
501 693 m 25
 510 652 528 630 525 588 c 24
 523 551 518 523 489 501 c 24
 470 487 447 501 432 519 c 24
 419 534 423 551 429 570 c 24
 436 592 453 598 465 618 c 24
 481 646 487 664 501 693 c 25
24 108 m 25
 380 108 l 25
 380 108 402 139 426 148 c 1
 445 141 469 113 488 87 c 1
 496 69 480 58 462 58 c 9
 24 58 l 25
 24 108 l 25
102 236 m 25
 387 236 l 25
 387 186 l 25
 102 186 l 25
 102 236 l 25
105 387 m 25
 375 387 l 25
 375 337 l 25
 105 337 l 25
 105 387 l 25
102 519 m 25
 339 519 l 25
 355 532 361 557 381 552 c 24
 416 542 433 521 450 489 c 24
 457 476 437 471 429 459 c 25
 429 225 l 17
 421 196 415 174 384 171 c 1
 360 173 349 197 339 225 c 9
 339 469 l 25
 102 469 l 25
 102 519 l 25
57 552 m 25
 100 532 136 536 168 501 c 24
 182 486 155 472 147 453 c 25
 147 216 l 17
 139 187 133 165 102 162 c 1
 78 164 67 188 57 216 c 9
 57 552 l 25
33 651 m 25
 351 651 l 25
 351 651 373 682 397 691 c 1
 416 684 440 656 459 630 c 1
 467 612 451 601 433 601 c 9
 33 601 l 25
 33 651 l 25
195 771 m 25
 238 751 274 755 306 720 c 24
 320 705 293 691 285 672 c 25
 285 -114 l 17
 277 -143 271 -165 240 -168 c 1
 216 -166 205 -142 195 -114 c 9
 195 771 l 25
EndSplineSet
EndChar
