Width: 1000
Flags: H
TeX: 117 0
LayerCount: 2
Fore
SplineSet
702 180 m 24
 648 252 576 372 576 372 c 25
 606 459 l 25
 606 459 640 396 669 360 c 24
 732 282 769 238 841 168 c 24
 885 125 967 72 967 72 c 25
 967 72 912 62 880 48 c 24
 862 40 856 7 841 18 c 24
 774 68 752 113 702 180 c 24
564 474 m 10
 564 616 l 25
 370 616 l 25
 370 666 l 25
 564 666 l 25
 580.38 678.87 585.891 704.435 606 699 c 24
 641.178 689.492 658.287 668.381 675 636 c 24
 681.55 623.309 662.19 617.7 654 606 c 25
 654 486 l 26
 654 415.314 642.606 374.072 615 309 c 24
 587.076 243.18 562.314 208.706 514 156 c 24
 466.709 104.41 432.303 82.1631 373 45 c 24
 343.523 26.5273 325 22 289 15 c 1
 340 65 367.909 94.0613 412 150 c 24
 456.663 206.664 479 241 516 303 c 0
 543 348 564 413 564 474 c 10
163 45 m 9
 163 304 l 25
 7 304 l 25
 7 354 l 25
 163 354 l 25
 179 367 185 392 205 387 c 24
 240 377 257 356 274 324 c 24
 281 311 261 306 253 294 c 25
 253 39 l 25
 253 39 295 7 325 -6 c 24
 371 -26 421 -44 447 -45 c 2
 826 -45 l 10
 973 -36 l 25
 945 -52 927 -58 901 -78 c 24
 881 -93 884 -126 859 -126 c 2
 430 -126 l 2
 406 -126 343 -111 292 -90 c 24
 259 -77 217 -39 217 -39 c 25
 217 -39 171 -102 129 -126 c 24
 104 -141 78 -152 54 -135 c 24
 30 -119 21 -88 36 -63 c 24
 70 -7 109 15 163 45 c 9
74 693 m 17
 130 683 157 676 196 642 c 24
 227 614 245 587 241 545 c 24
 239 520 207 507 184 517 c 24
 149 532 141 565 125 596 c 0
 106 633 94 655 74 693 c 17
EndSplineSet
EndChar
