Width: 1000
Flags: H
TeX: 117 0
LayerCount: 2
Fore
SplineSet
240 -103 m 1
 777 -103 l 1
 777 -153 l 1
 240 -153 l 1
 240 -103 l 1
240 60 m 25
 708 60 l 25
 724 73 730 98 750 93 c 24
 785 83 802 62 819 30 c 24
 826 17 806 12 798 0 c 25
 798 -132 l 17
 790 -161 784 -183 753 -186 c 1
 729 -184 718 -160 708 -132 c 9
 708 10 l 25
 240 10 l 25
 240 60 l 25
213 81 m 25
 256 61 292 65 324 30 c 24
 338 15 311 1 303 -18 c 25
 303 -126 l 17
 295 -155 289 -177 258 -180 c 1
 234 -178 223 -154 213 -126 c 9
 213 81 l 25
879 300 m 25
 907 280 931 277 951 249 c 24
 973 219 986 196 981 159 c 24
 978 139 956 137 936 135 c 24
 922 134 911 140 906 153 c 24
 896 177 905 194 900 219 c 24
 894 251 887 268 879 300 c 25
675 279 m 25
 707 265 735 270 756 243 c 24
 767 228 743 217 735 201 c 25
 712 182 700 169 675 153 c 24
 652 138 637 135 612 123 c 25
 628 158 639 177 654 213 c 24
 664 238 667 253 675 279 c 25
852 354 m 25
 852 159 l 17
 844 130 838 108 807 105 c 1
 783 107 772 131 762 159 c 9
 762 354 l 25
 852 354 l 25
903 468 m 25
 931 433 954 418 975 378 c 24
 985 358 988 342 981 321 c 24
 975 304 963 290 945 291 c 24
 924 292 913 306 903 324 c 24
 896 336 906 346 906 360 c 24
 906 402 904 426 903 468 c 25
726 300 m 24
 712 297 698 289 690 300 c 24
 670 326 675 349 666 381 c 25
 933 381 l 25
 933 345 l 25
 897 339 876 338 840 330 c 24
 795 320 771 309 726 300 c 24
843 597 m 25
 878 576 910 577 933 543 c 24
 943 528 915 521 903 507 c 25
 880 481 863 469 843 441 c 24
 816 404 806 381 783 342 c 25
 726 342 l 25
 752 398 766 430 792 486 c 24
 812 529 823 554 843 597 c 25
678 585 m 25
 701 577 717 577 738 564 c 24
 764 547 783 538 795 510 c 24
 806 483 812 457 792 435 c 24
 777 418 753 430 735 444 c 24
 719 457 725 475 717 495 c 24
 703 530 693 550 678 585 c 25
780 756 m 25
 816 734 843 730 873 699 c 24
 881 691 864 684 858 675 c 25
 839 652 828 639 810 615 c 24
 786 584 773 566 750 534 c 25
 726 546 l 25
 740 596 749 624 762 675 c 24
 770 706 773 724 780 756 c 25
381 384 m 1
 636 384 l 1
 636 334 l 1
 381 334 l 1
 381 384 l 1
381 476 m 1
 615 476 l 1
 615 426 l 1
 381 426 l 1
 381 476 l 1
372 558 m 25
 591 558 l 25
 607.38 570.87 612.891 596.435 633 591 c 24
 668.178 581.492 685.287 560.381 702 528 c 24
 708.55 515.309 689.19 509.7 681 498 c 25
 681 375 l 17
 673 346 667 324 636 321 c 1
 612 323 601 347 591 375 c 9
 591 508 l 25
 372 508 l 25
 372 558 l 25
321 582 m 25
 364.29 562.11 399.953 566.251 432 531 c 24
 445.745 515.881 419.19 501.72 411 483 c 25
 411 372 l 17
 403 343 397 321 366 318 c 1
 342 320 331 344 321 372 c 9
 321 582 l 25
351 276 m 25
 594 276 l 25
 594 276 617 312 642 321 c 1
 668 317 656 288 687 255 c 1
 695 237 678 226 660 226 c 9
 351 226 l 25
 351 276 l 25
459 774 m 25
 502 754 538 758 570 723 c 24
 584 708 557 694 549 675 c 25
 549 138 l 17
 541 109 535 87 504 84 c 1
 480 86 469 110 459 138 c 9
 459 774 l 25
351 657 m 25
 582 657 l 25
 582 657 605 693 630 702 c 1
 656 698 644 669 675 636 c 1
 683 618 666 607 648 607 c 9
 351 607 l 25
 351 657 l 25
258 291 m 25
 296.61 268.77 326.656 266.62 357 234 c 24
 376.922 212.584 384.182 190.59 378 162 c 24
 373.092 139.301 356.209 122.171 333 123 c 24
 310.661 123.798 304.237 145.129 294 165 c 24
 283.597 185.195 288.241 200.157 282 222 c 24
 274.173 249.396 267.36 264.09 258 291 c 25
72 279 m 25
 108.27 264.96 137.499 270.501 165 243 c 24
 176.493 231.507 152.19 221.04 144 207 c 25
 127.62 189.45 118.694 179.251 102 162 c 24
 83.5898 142.976 75.2615 129.775 54 114 c 24
 38.4463 102.46 26.5498 101.19 9 93 c 25
 24.21 130.44 35.0358 150.725 48 189 c 24
 59.6543 223.406 62.6396 243.9 72 279 c 25
246 360 m 25
 246 117 l 17
 238 88 232 66 201 63 c 1
 177 65 166 89 156 117 c 9
 156 360 l 25
 246 360 l 25
273 456 m 25
 292 436 308 429 321 405 c 24
 337 377 350 358 345 327 c 24
 342 307 323 301 303 297 c 24
 291 295 283 304 279 315 c 24
 273 332 282 342 282 360 c 24
 282 398 273 419 273 456 c 25
27 393 m 25
 306 393 l 25
 306 336 l 25
 229.95 326.64 186.943 322.188 111 312 c 24
 90.9824 309.314 74.5389 288.98 60 303 c 24
 33.0889 328.95 39.8701 357.9 27 393 c 25
252 603 m 25
 285.93 583.11 322.307 587.612 339 552 c 24
 349.189 530.264 313.38 524.55 297 507 c 25
 274.77 475.41 262.021 457.736 240 426 c 24
 222.24 400.404 212.55 385.74 195 360 c 25
 126 360 l 25
 163.44 432.54 184.423 473.53 222 546 c 24
 233.563 568.301 240.3 580.77 252 603 c 25
57 615 m 25
 104.97 597.45 141.007 602.994 180 570 c 24
 207.702 546.56 211.314 519.25 213 483 c 24
 213.904 463.549 205.322 443.415 186 441 c 24
 164.405 438.301 154.323 456.791 141 474 c 24
 125.292 494.29 127.133 511.955 114 534 c 24
 94.2305 567.186 79.2305 583.41 57 615 c 25
162 540 m 25
 126 582 l 25
 201 744 l 25
 241 728 272 732 303 702 c 24
 314 691 288 682 279 669 c 25
 162 540 l 25
EndSplineSet
EndChar
