Width: 1000
Flags: H
TeX: 117 0
LayerCount: 2
Fore
SplineSet
579 0 m 1
 669 0 l 1
 669 -153 l 1
 579 -153 l 1
 579 0 l 1
435 -12 m 1
 525 -12 l 1
 525 -156 l 1
 435 -156 l 1
 435 -12 l 1
708 -159 m 25
 708 -44 l 25
 318 -44 l 25
 318 6 l 25
 708 6 l 25
 724 19 730 44 750 39 c 24
 785 29 802 8 819 -24 c 24
 826 -37 806 -42 798 -54 c 25
 798 -159 l 25
 708 -159 l 25
123 -126 m 25
 819 -126 l 25
 848 -98 857 -66 882 -57 c 1
 908 -61 950 -114 981 -147 c 1
 989 -165 972 -176 954 -176 c 9
 123 -176 l 25
 123 -126 l 25
291 -153 m 25
 291 36 l 25
 334.29 16.1104 369.953 20.2512 402 -15 c 24
 415.745 -30.1191 389.19 -44.2803 381 -63 c 25
 381 -153 l 25
 291 -153 l 25
336 198 m 1
 765 198 l 1
 765 148 l 1
 336 148 l 1
 336 198 l 1
492 282 m 1
 582 282 l 1
 582 66 l 1
 492 66 l 1
 492 282 l 1
324 104 m 1
 756 104 l 1
 756 54 l 1
 324 54 l 1
 324 104 l 1
318 288 m 17
 693 288 l 9
 709.38 300.87 714.891 326.435 735 321 c 24
 770.178 311.492 787.287 290.381 804 258 c 24
 810.55 245.309 791.19 239.7 783 228 c 25
 783 93 l 17
 775 64 769 42 738 39 c 1
 714 41 703 65 693 93 c 9
 693 238 l 25
 318 238 l 25
 318 288 l 17
303 333 m 25
 346.29 313.11 381.953 317.251 414 282 c 24
 427.745 266.881 401.19 252.72 393 234 c 25
 393 93 l 17
 385 64 379 42 348 39 c 1
 324 41 313 65 303 93 c 9
 303 333 l 25
258 423 m 25
 648 474 l 25
 665.55 486.87 671.503 510.395 693 507 c 24
 726.054 501.781 740.578 481.707 762 456 c 24
 767.704 449.154 756.51 443.19 753 435 c 25
 264 372 l 25
 258 423 l 25
822 502 m 25
 174 502 l 25
 174 552 l 25
 795 552 l 25
 810.21 563.7 816.516 589.909 834 582 c 24
 877.719 562.223 904.861 540.188 921 495 c 24
 928.518 473.949 895.38 471.21 879 456 c 25
 774 423 l 25
 822 502 l 25
144 198 m 25
 144 588 l 25
 187.29 568.11 222.953 572.251 255 537 c 24
 268.745 521.881 242.19 507.72 234 489 c 25
 234 186 l 25
 230.49 143.88 235.708 118.887 225 78 c 24
 209.697 19.5713 208.405 -21.1054 168 -66 c 24
 129.497 -108.781 87.4805 -106.26 36 -132 c 25
 59.4004 -103.92 79.6533 -92.6934 96 -60 c 24
 120.16 -11.6807 128.119 18.8887 138 72 c 24
 146.998 120.366 141.66 148.86 144 198 c 25
456 621 m 25
 675 621 l 25
 675 621 698 657 723 666 c 1
 749 662 737 633 768 600 c 1
 776 582 759 571 741 571 c 9
 456 571 l 25
 456 621 l 25
429 345 m 9
 429 672 l 25
 472.29 652.11 507.953 656.251 540 621 c 24
 553.745 605.881 527.19 591.72 519 573 c 25
 519 408 l 17
 516 390 528.722 388.803 543 381 c 9
 741 381 l 25
 804 447 l 25
 809.85 417.75 809.303 400.209 819 372 c 24
 822.507 361.799 839.745 361.432 837 351 c 24
 832.153 332.581 816.87 329.04 804 315 c 25
 477 315 l 17
 463.79 322.969 434.907 324.773 429 345 c 9
561 799 m 25
 604.29 774.04 638.387 771.975 672 735 c 24
 682.708 723.222 659.19 713.65 651 700 c 25
 651 642 l 17
 643 613 637 591 606 588 c 1
 582 590 571 614 561 642 c 9
 561 799 l 25
282 798 m 25
 325.29 778.11 360.953 782.251 393 747 c 24
 406.745 731.881 380.19 717.72 372 699 c 25
 372 633 l 17
 364 604 358 582 327 579 c 1
 303 581 292 605 282 633 c 9
 282 798 l 25
72 720 m 25
 774 720 l 25
 803 748 812 780 837 789 c 1
 863 785 905 732 936 699 c 1
 944 681 927 670 909 670 c 9
 72 670 l 25
 72 720 l 25
EndSplineSet
EndChar
