Width: 1000
Flags: HW
LayerCount: 2
Fore
SplineSet
312 144 m 17
 357 102 377 89 399 42 c 24
 415 7 419 -21 405 -57 c 24
 397 -76 373 -80 354 -72 c 24
 334 -64 333 -45 327 -24 c 24
 323 -12 331 -4 330 9 c 24
 325 62 319 91 312 144 c 17
102 -93 m 24
 89 -97 77 -109 69 -99 c 24
 43 -65 43 -37 27 3 c 25
 354 33 l 25
 372 -12 l 25
 267 -44 208 -63 102 -93 c 24
192 -21 m 25
 192 774 l 25
 235 754 271 758 303 723 c 24
 317 708 290 694 282 675 c 25
 282 -21 l 25
 192 -21 l 25
75 274 m 1
 357 274 l 1
 357 224 l 1
 75 224 l 1
 75 274 l 1
75 567 m 25
 336 567 l 25
 352 580 358 605 378 600 c 24
 413 590 430 569 447 537 c 24
 454 524 434 519 426 507 c 25
 426 237 l 17
 418 208 412 186 381 183 c 1
 357 185 346 209 336 237 c 9
 336 517 l 25
 75 517 l 25
 75 567 l 25
45 600 m 25
 88 580 124 584 156 549 c 24
 170 534 143 520 135 501 c 25
 135 231 l 17
 127 202 121 180 90 177 c 1
 66 179 55 203 45 231 c 9
 45 600 l 25
786 -57 m 17
 813 -57 834 -27 831 0 c 1
 831 244 l 9
 657 244 l 25
 657 294 l 25
 831 294 l 25
 847 307 853 332 873 327 c 24
 908 317 925 296 942 264 c 24
 949 251 929 246 921 234 c 17
 921 -15 l 1
 921 -15 911 -72 888 -99 c 24
 863 -129 843 -150 804 -153 c 24
 782 -155 785 -123 768 -108 c 24
 741 -85 722 -77 693 -57 c 25
 786 -57 l 17
624 126 m 9
 624 477 l 25
 714 477 l 25
 714 111 l 17
 714 63 686 -23 633 -87 c 24
 593 -135 555 -144 489 -159 c 9
 528 -109 561 -87 588 -30 c 24
 615 26 621 63 624 126 c 9
489 501 m 25
 855 501 l 25
 855 501 877 532 901 541 c 1
 920 534 944 506 963 480 c 1
 971 462 955 451 937 451 c 9
 489 451 l 25
 489 501 l 25
483 699 m 9
 858 699 l 25
 858 699 880 730 904 739 c 1
 923 732 947 704 966 678 c 1
 974 660 958 649 940 649 c 9
 483 649 l 17
 483 699 l 9
462 117 m 9
 462 732 l 25
 505 712 541 716 573 681 c 24
 587 666 560 652 552 633 c 25
 552 105 l 17
 543 45 525 -13 480 -72 c 24
 441 -123 402 -147 345 -165 c 1
 387 -117 405 -85 429 -27 c 24
 451 26 459 84 462 117 c 9
EndSplineSet
EndChar
