Width: 1000
Flags: H
TeX: 117 0
LayerCount: 2
Fore
SplineSet
300 -72 m 25
 822 -72 l 25
 851 -44 860 -12 885 -3 c 1
 911 -7 953 -60 984 -93 c 1
 992 -111 975 -122 957 -122 c 9
 300 -122 l 25
 300 -72 l 25
450 186 m 25
 819 186 l 25
 819 186 842 222 867 231 c 1
 893 227 881 198 912 165 c 1
 920 147 903 136 885 136 c 9
 450 136 l 25
 450 186 l 25
636 -90 m 25
 636 396 l 25
 679 376 715 380 747 345 c 24
 761 330 734 316 726 297 c 25
 726 -90 l 25
 636 -90 l 25
756 570 m 25
 802.8 534.9 834.635 521.365 876 480 c 24
 901.257 454.743 914.984 436.562 924 402 c 24
 930.023 378.909 930.008 357.658 912 342 c 24
 895.225 327.413 875.145 332.6 855 342 c 24
 836.123 350.81 830.507 364.984 822 384 c 24
 810.18 410.421 813.679 428.723 804 456 c 24
 787.868 501.463 774.72 525.54 756 570 c 25
432 426 m 25
 486.99 428.34 518.053 428.814 573 432 c 24
 679.522 438.175 739.53 442.98 846 450 c 25
 861 414 l 25
 726.45 382.41 649.891 367.276 516 333 c 24
 503.328 329.756 494.768 308.293 486 318 c 24
 454.436 352.947 453.06 383.88 432 426 c 25
582 666 m 25
 690 666 l 25
 675.96 613.35 670.188 583.03 654 531 c 24
 637.4 477.644 624.72 448.65 606 396 c 25
 552 396 l 25
 582 666 l 25
396 690 m 25
 774 690 l 25
 803 718 812 750 837 759 c 1
 863 755 905 702 936 669 c 1
 944 651 927 640 909 640 c 9
 396 640 l 25
 396 690 l 25
330 180 m 25
 367.44 146.07 395.125 132.997 426 93 c 24
 447.779 64.7861 463.516 44.6094 462 9 c 24
 460.826 -18.5879 446.551 -40.4141 420 -48 c 24
 399.971 -53.7227 387.506 -33.5361 378 -15 c 24
 362.712 14.8125 368.008 36.4678 360 69 c 24
 349.281 112.543 341.7 136.71 330 180 c 25
48 54 m 25
 106.5 58.6797 139.447 62.0303 198 66 c 24
 277.515 71.3906 322.44 73.3203 402 78 c 25
 402 18 l 25
 362.22 10.9805 338.961 10.668 300 0 c 24
 240.404 -16.3174 208.618 -31.4609 150 -51 c 24
 131.394 -57.2021 115.666 -80.0674 102 -66 c 24
 66.2412 -29.1895 69.0596 7.2002 48 54 c 25
108 319 m 1
 366 319 l 1
 366 269 l 1
 108 269 l 1
 108 319 l 1
197 6 m 25
 197 738 l 25
 240.29 718.11 275.953 722.251 308 687 c 24
 321.745 671.881 295.19 657.72 287 639 c 25
 287 6 l 25
 197 6 l 25
96 546 m 25
 330 546 l 25
 346.38 558.87 351.891 584.435 372 579 c 24
 407.178 569.492 424.287 548.381 441 516 c 24
 447.55 503.309 428.19 497.7 420 486 c 25
 420 294 l 17
 412 265 406 243 375 240 c 1
 351 242 340 266 330 294 c 9
 330 496 l 25
 96 496 l 25
 96 546 l 25
54 576 m 25
 97.29 556.11 132.953 560.251 165 525 c 24
 178.745 509.881 152.19 495.72 144 477 c 25
 144 261 l 17
 136 232 130 210 99 207 c 1
 75 209 64 233 54 261 c 9
 54 576 l 25
EndSplineSet
EndChar
