Width: 1000
Flags: H
TeX: 117 0
LayerCount: 2
Fore
SplineSet
465 -20 m 1
 825 -20 l 1
 825 -70 l 1
 465 -70 l 1
 465 -20 l 1
471 255 m 25
 759 255 l 25
 775 268 781 293 801 288 c 24
 836 278 853 257 870 225 c 24
 877 212 857 207 849 195 c 25
 849 -57 l 17
 841 -86 835 -108 804 -111 c 1
 780 -109 769 -85 759 -57 c 9
 759 205 l 25
 471 205 l 25
 471 255 l 25
447 279 m 25
 447 279 526 263 558 228 c 24
 572 213 545 199 537 180 c 25
 537 -70 l 17
 529 -99 523 -121 492 -124 c 1
 468 -122 457 -98 447 -70 c 9
 447 279 l 25
471 420 m 25
 753 420 l 25
 753 420 775 451 799 460 c 1
 818 453 842 425 861 399 c 1
 869 381 853 370 835 370 c 9
 471 370 l 25
 471 420 l 25
615 714 m 25
 615 714 681 651 723 612 c 24
 779 560 808 528 867 480 c 24
 909 446 981 402 981 402 c 25
 981 402 950 378 933 360 c 24
 919 345 921 309 903 318 c 0
 882 328 842 369 807 405 c 24
 774 439 758 461 729 498 c 24
 674 567 591 678 591 678 c 25
 615 714 l 25
570 756 m 17
 570 756 642 737 675 702 c 8
 683 694 668 686 664 676 c 25
 634 626 619 596 588 547 c 24
 562 506 546 483 516 444 c 24
 490 411 476 390 445 362 c 24
 412 332 399 321 351 294 c 9
 392 362 419 398 456 468 c 24
 489 530 505 567 531 633 c 24
 550 680 570 756 570 756 c 17
307 158 m 1
 343 130 364 113 389 75 c 24
 408 46 415 25 417 -9 c 24
 418 -32 414 -50 396 -63 c 24
 383 -73 366 -66 354 -55 c 24
 338 -40 335 -25 330 -4 c 24
 324 24 331 41 327 69 c 24
 322 104 318 120 307 158 c 1
67 -84 m 24
 34 -45 22 39 22 39 c 25
 367 54 l 25
 367 0 l 25
 367 0 207 -32 106 -60 c 24
 89 -65 79 -98 67 -84 c 24
75 271 m 1
 351 271 l 1
 351 221 l 1
 75 221 l 1
 75 271 l 1
69 546 m 25
 294 546 l 25
 310 559 316 584 336 579 c 24
 371 569 388 548 405 516 c 24
 412 503 392 498 384 486 c 25
 384 252 l 17
 376 223 370 201 339 198 c 1
 315 200 304 224 294 252 c 9
 294 496 l 25
 69 496 l 25
 69 546 l 25
24 576 m 25
 24 576 103 560 135 525 c 24
 149 510 122 496 114 477 c 25
 114 204 l 17
 106 175 100 153 69 150 c 1
 45 152 34 176 24 204 c 9
 24 576 l 25
159 3 m 25
 159 735 l 25
 159 735 238 719 270 684 c 24
 284 669 257 655 249 636 c 25
 249 3 l 25
 159 3 l 25
EndSplineSet
EndChar
