Width: 1000
Flags: H
TeX: 117 0
LayerCount: 2
Fore
SplineSet
520 351 m 1
 610 351 l 1
 610 156 l 1
 520 156 l 1
 520 351 l 1
372 182 m 1
 771 182 l 1
 771 132 l 1
 372 132 l 1
 372 182 l 1
486 69 m 25
 486 156 l 25
 576 156 l 25
 576 78 l 17
 561 36 554.165 11.1824 525 -21 c 24
 484.616 -65.5615 455.179 -85.9169 402 -114 c 24
 349.653 -141.644 315.818 -149.293 258 -162 c 24
 208.65 -172.846 179.31 -169.32 129 -174 c 25
 202.71 -141.24 248.775 -131.405 318 -90 c 24
 375.083 -55.8564 401.69 -27.7216 450 18 c 24
 467.683 34.7354 471.96 49.1104 486 69 c 25
718 28 m 25
 267 28 l 25
 267 78 l 25
 732 78 l 25
 754.23 88.5303 765.864 113.355 789 105 c 24
 819.596 93.9512 830.014 69.958 840 39 c 24
 844.096 26.3037 827.19 22.5303 819 12 c 17
 807 -15 795.851 -35.2784 777 -63 c 24
 755.937 -93.9756 745.068 -113.195 717 -138 c 24
 693.838 -158.469 678.896 -176.035 648 -177 c 24
 630.459 -177.548 633.19 -153.626 621 -141 c 24
 600.281 -119.541 586.23 -109.89 564 -90 c 25
 624 -90 l 25
 643.89 -71.2803 657.981 -63.364 675 -42 c 24
 694.963 -16.9404 701.23 0.700195 718 28 c 25
360 363 m 25
 717 363 l 25
 733.38 375.87 738.891 401.435 759 396 c 24
 794.178 386.492 811.287 365.381 828 333 c 24
 834.55 320.309 815.19 314.7 807 303 c 25
 807 168 l 17
 799 139 793 117 762 114 c 1
 738 116 727 140 717 168 c 9
 717 313 l 25
 360 313 l 25
 360 363 l 25
327 399 m 25
 370.29 379.11 405.953 383.251 438 348 c 24
 451.745 332.881 425.19 318.72 417 300 c 25
 417 165 l 17
 409 136 403 114 372 111 c 1
 348 113 337 137 327 165 c 9
 327 399 l 25
777 217 m 9
 366 217 l 25
 366 267 l 25
 777 267 l 25
 777 217 l 9
369 438 m 9
 369 618 l 25
 459 618 l 25
 459 480 l 17
 465 465 480 468 498 465 c 9
 714 465 l 25
 722.19 479.04 727.731 486.462 735 501 c 24
 745.307 521.613 749.64 533.94 759 555 c 25
 767.19 521.07 764.088 499.066 780 468 c 24
 789.835 448.799 817.003 452.987 822 432 c 24
 825.449 417.514 805.53 415.53 795 405 c 25
 414 405 l 17
 378.272 408.845 370.275 413.527 369 438 c 9
252 516 m 25
 609 564 l 17
 645 585 639 612 657 615 c 1
 694.562 583.307 711.677 574.768 726 546 c 1
 721.404 534.838 708.202 527.119 696 519 c 9
 243 459 l 25
 252 516 l 25
456 729 m 25
 705 729 l 25
 705 729 728 765 753 774 c 1
 779 770 767 741 798 708 c 1
 806 690 789 679 771 679 c 9
 456 679 l 25
 456 729 l 25
429 621 m 25
 429 800 l 25
 472.29 780.11 507.953 784.251 540 749 c 24
 553.745 733.881 527.19 719.72 519 701 c 25
 519 621 l 25
 429 621 l 25
834 586 m 25
 171 586 l 25
 171 636 l 25
 831 636 l 25
 848.55 647.7 856.084 672.947 876 666 c 24
 917.467 651.535 939.047 629.598 960 591 c 24
 967.51 577.166 943.53 572.7 933 561 c 25
 804 486 l 25
 834 586 l 25
141 138 m 9
 141 687 l 25
 184.29 667.11 219.953 671.251 252 636 c 24
 265.745 620.881 239.19 606.72 231 588 c 25
 231 129 l 25
 219.3 85.71 222.26 57.4832 201 18 c 24
 180.179 -20.668 162.006 -40.8532 126 -66 c 24
 86.4502 -93.6221 56.46 -95.2803 12 -114 c 25
 44.7598 -75.3896 71.543 -59.3379 96 -15 c 16
 126.54 40.3652 142.752 78.3301 141 138 c 9
EndSplineSet
EndChar
