Width: 1000
Flags: H
TeX: 117 0
LayerCount: 2
Fore
SplineSet
732 529 m 1
 837 529 l 1
 837 479 l 1
 732 479 l 1
 732 529 l 1
714 628 m 1
 843 628 l 1
 843 578 l 1
 714 578 l 1
 714 628 l 1
639 -114 m 9
 639 84 l 25
 729 84 l 25
 729 -42 l 17
 756 -66 l 9
 864 -66 l 25
 873 -48 879 -39 888 -21 c 24
 902 8 908 25 921 54 c 25
 922 5 912 -24 924 -72 c 24
 928 -90 959 -84 960 -102 c 24
 962 -123 948 -138 930 -147 c 9
 678 -147 l 17
 665 -138 645 -144 639 -114 c 9
522 81 m 25
 612 81 l 25
 612 21 l 17
 600 -30 584 -46 555 -81 c 24
 529 -112 511 -130 474 -147 c 24
 437 -164 412 -158 372 -165 c 25
 407 -135 433 -123 462 -87 c 24
 492 -49 507 -24 522 21 c 9
 522 81 l 25
468 98 m 1
 780 98 l 1
 780 48 l 1
 468 48 l 1
 468 98 l 1
468 185 m 1
 786 185 l 1
 786 135 l 1
 468 135 l 1
 468 185 l 1
474 259 m 1
 783 259 l 1
 783 209 l 1
 474 209 l 1
 474 259 l 1
459 333 m 25
 738 333 l 25
 754 346 760 372 780 366 c 24
 817 354 834 332 852 297 c 24
 858 285 837 282 828 273 c 25
 828 90 l 17
 820 61 814 39 783 36 c 1
 759 38 748 62 738 90 c 9
 738 283 l 25
 459 283 l 25
 459 333 l 25
426 360 m 25
 469 340 505 344 537 309 c 24
 551 294 524 280 516 261 c 25
 516 84 l 17
 508 55 502 33 471 30 c 1
 447 32 436 56 426 84 c 9
 426 360 l 25
570 585 m 25
 616 562 647 557 687 525 c 24
 708 508 717 492 720 465 c 24
 722 449 711 437 696 432 c 24
 683 428 673 437 663 447 c 24
 641 471 636 489 618 516 c 24
 600 543 589 558 570 585 c 25
675 591 m 25
 703 573 725 570 747 546 c 24
 753 539 738 536 732 529 c 25
 714 511 706 499 687 483 c 24
 665 464 653 452 627 438 c 24
 601 424 583 423 555 414 c 25
 587 456 606 478 636 522 c 24
 653 548 660 564 675 591 c 25
546 717 m 25
 586 702 611 700 648 678 c 24
 672 664 686 652 699 627 c 24
 707 612 701 601 696 585 c 0
 690 567 662 569 645 579 c 24
 622 592 622 614 606 636 c 24
 583 668 569 685 546 717 c 25
648 774 m 25
 676 756 701 756 720 729 c 24
 728 718 704 716 693 708 c 25
 682 686 679 672 666 651 c 24
 657 637 654 626 639 618 c 24
 599 597 573 594 531 579 c 25
 560 623 579 647 606 693 c 24
 624 724 632 742 648 774 c 25
441 537 m 25
 504 537 l 25
 504 537 527 573 552 582 c 1
 578 578 566 549 597 516 c 1
 605 498 588 487 570 487 c 9
 441 487 l 25
 441 537 l 25
435 624 m 25
 501 624 l 25
 501 624 524 660 549 669 c 1
 575 665 563 636 594 603 c 1
 602 585 585 574 567 574 c 9
 435 574 l 25
 435 624 l 25
777 405 m 25
 777 670 l 25
 684 670 l 25
 684 720 l 25
 777 720 l 25
 793 733 799 758 819 753 c 24
 854 743 871 722 888 690 c 24
 895 677 875 672 867 660 c 25
 867 405 l 25
 777 405 l 25
528 795 m 25
 554 768 587 763 594 726 c 24
 598 706 565 713 546 705 c 25
 438 651 l 25
 423 687 l 25
 438 703 446 713 462 729 c 24
 487 755 502 769 528 795 c 25
882 376 m 25
 354 376 l 25
 354 426 l 25
 882 426 l 25
 898 438 905 463 924 456 c 24
 958 443 972 420 987 387 c 24
 992 376 976 371 969 360 c 25
 873 273 l 25
 882 376 l 25
354 456 m 25
 372 422 392 406 399 369 c 24
 405 338 403 316 387 288 c 24
 377 270 358 261 339 267 c 24
 317 274 309 292 306 315 c 24
 303 340 319 352 327 375 c 24
 338 407 343 424 354 456 c 25
411 408 m 25
 411 711 l 25
 454 691 490 695 522 660 c 24
 536 645 509 631 501 612 c 25
 501 408 l 25
 411 408 l 25
72 573 m 25
 288 573 l 25
 288 573 311 609 336 618 c 1
 362 614 350 585 381 552 c 1
 389 534 372 523 354 523 c 9
 72 523 l 25
 72 573 l 25
54 357 m 25
 103 369 131 376 180 387 c 24
 248 403 286 411 354 426 c 25
 278 363 236 325 159 264 c 24
 146 254 135 232 123 243 c 24
 84 277 81 313 54 357 c 25
198 -57 m 25
 198 768 l 25
 241 748 277 752 309 717 c 24
 323 702 296 688 288 669 c 25
 288 -96 l 17
 276 -123 257 -161 219 -168 c 24
 193 -173 193 -135 174 -117 c 24
 147 -92 128 -80 99 -57 c 25
 198 -57 l 25
EndSplineSet
EndChar
