Width: 1000
Flags: HW
LayerCount: 2
Fore
SplineSet
279 -11 m 25
 750 -11 l 25
 750 -61 l 25
 279 -61 l 25
 279 -11 l 25
264 363 m 25
 747 363 l 25
 747 313 l 25
 264 313 l 25
 264 363 l 25
264 707 m 25
 723 707 l 25
 739 720 745 745 765 740 c 24
 800 730 817 709 834 677 c 24
 841 664 821 659 813 647 c 25
 813 -79 l 17
 805 -108 799 -130 768 -133 c 1
 744 -131 733 -107 723 -79 c 9
 723 657 l 25
 264 657 l 25
 264 707 l 25
231 741 m 25
 231 741 310 725 342 690 c 24
 356 675 329 661 321 642 c 25
 321 -76 l 17
 313 -105 307 -127 276 -130 c 1
 252 -128 241 -104 231 -76 c 9
 231 741 l 25
EndSplineSet
EndChar
