Width: 1000
Flags: H
TeX: 117 0
LayerCount: 2
Fore
SplineSet
561 498 m 25
 594 540 l 25
 606.87 458.1 599.226 408.114 627 330 c 24
 656.316 247.549 687.137 206.208 738 135 c 24
 769.737 90.5684 791.484 66.1615 837 36 c 24
 890.277 0.696289 928.5 -4.25977 987 -30 c 25
 954.24 -40.5303 930.127 -35.8279 903 -57 c 24
 878.633 -76.0186 894.732 -122.678 864 -126 c 24
 828.394 -129.85 816.667 -94.965 792 -69 c 24
 749.588 -24.3564 725.54 1.72193 693 54 c 24
 653.736 117.08 637.218 156.265 609 225 c 24
 591.422 267.817 584.015 293.414 576 339 c 24
 565.214 400.345 566.85 435.99 561 498 c 25
777 273 m 24
 758.812 216.702 744.612 185.628 714 135 c 24
 683.364 84.333 661.78 57.9267 621 15 c 24
 572.482 -36.0713 546.243 -68.4891 486 -105 c 24
 428.382 -139.92 387.18 -141.6 324 -165 c 25
 371.97 -125.22 401.934 -106.041 447 -63 c 24
 506.258 -6.40527 545.174 22.07 591 90 c 24
 645.721 171.115 668.409 223.1 702 315 c 24
 730.842 393.906 731.28 443.1 750 525 c 25
 840 525 l 25
 815.43 426.72 808.144 369.399 777 273 c 24
579 558 m 25
 861 558 l 25
 861 558 884 594 909 603 c 1
 935 599 923 570 954 537 c 1
 962 519 945 508 927 508 c 9
 579 508 l 25
 579 558 l 25
582 783 m 25
 628.8 760.77 663.663 760.852 702 726 c 24
 713.288 715.738 689.19 705.87 681 693 c 25
 654.09 638.01 637.485 607.665 612 552 c 24
 593.005 510.512 593.245 481.326 567 444 c 24
 539.384 404.725 512.1 392.76 477 360 c 25
 496.89 418.5 511.196 450.54 528 510 c 24
 541.667 558.361 545.248 586.699 555 636 c 24
 566.311 693.182 571.47 725.67 582 783 c 25
45 117 m 25
 137.43 124.02 189.786 125.556 282 135 c 24
 384.066 145.452 441.21 155.13 543 168 c 25
 465.78 134.07 424.896 108.033 345 81 c 24
 268.657 55.1699 221.64 54.6212 144 33 c 24
 128.878 28.7891 119.969 4.84423 108 15 c 24
 72.3477 45.25 69.5703 77.2197 45 117 c 25
234 -57 m 25
 234 237 l 25
 277.29 217.11 312.953 221.251 345 186 c 24
 358.745 170.881 332.19 156.72 324 138 c 25
 324 -102 l 17
 300 -132 286.354 -159.198 249 -162 c 24
 222.549 -163.983 223.019 -129.49 204 -111 c 24
 180.798 -88.4424 165.57 -78.0596 141 -57 c 25
 234 -57 l 25
306 156 m 25
 279 204 l 25
 369 259 l 25
 87 259 l 25
 87 309 l 25
 390 309 l 25
 409.89 318.36 422.15 344.31 441 333 c 24
 475.243 312.454 486.947 285.114 495 246 c 24
 497.851 232.153 474.87 236.85 462 231 c 25
 306 156 l 25
153 425 m 1
 405 425 l 1
 405 375 l 1
 153 375 l 1
 153 425 l 1
144 552 m 25
 363 552 l 25
 379.38 564.87 384.89 590.435 405 585 c 24
 440.178 575.492 457.287 554.381 474 522 c 24
 480.55 509.309 461.19 503.7 453 492 c 25
 453 414 l 17
 445 385 439 363 408 360 c 1
 384 362 373 386 363 414 c 9
 363 502 l 25
 144 502 l 25
 144 552 l 25
102 582 m 25
 145.29 562.11 180.953 566.251 213 531 c 24
 226.745 515.881 200.19 501.72 192 483 c 25
 192 411 l 17
 184 382 178 360 147 357 c 1
 123 359 112 383 102 411 c 9
 102 582 l 25
42 663 m 25
 426 663 l 25
 426 663 449 699 474 708 c 1
 500 704 488 675 519 642 c 1
 527 624 510 613 492 613 c 9
 42 613 l 25
 42 663 l 25
237 642 m 25
 237 795 l 25
 280 775 316 779 348 744 c 24
 362 729 335 715 327 696 c 25
 327 642 l 25
 237 642 l 25
EndSplineSet
EndChar
