Width: 1000
Flags: HW
TeX: 117 0
LayerCount: 2
Fore
SplineSet
546 335 m 25
 546 -123 l 17
 538 -152 532 -174 501 -177 c 1
 477 -175 466 -151 456 -123 c 9
 456 335 l 25
 546 335 l 25
54 178 m 25
 777 178 l 25
 806 206 815 238 840 247 c 1
 866 243 908 190 939 157 c 1
 947 139 930 128 912 128 c 9
 54 128 l 25
 54 178 l 25
243 370 m 25
 765 370 l 25
 765 320 l 25
 243 320 l 25
 243 370 l 25
243 546 m 25
 780 546 l 25
 780 496 l 25
 243 496 l 25
 243 546 l 25
226 710 m 25
 717 710 l 25
 733 723 739 748 759 743 c 24
 794 733 811 712 828 680 c 24
 835 667 815 662 807 650 c 25
 807 332 l 17
 799 303 793 281 762 278 c 1
 738 280 727 304 717 332 c 9
 717 660 l 25
 226 660 l 25
 226 710 l 25
201 746 m 25
 201 746 280 730 312 695 c 24
 326 680 299 666 291 647 c 25
 291 329 l 17
 283 300 277 278 246 275 c 1
 222 277 211 301 201 329 c 9
 201 746 l 25
EndSplineSet
EndChar
