Width: 1000
Flags: H
TeX: 117 0
LayerCount: 2
Fore
SplineSet
555 546 m 25
 597 546 l 25
 616 451 614 394 645 303 c 24
 675 214 697 163 753 87 c 24
 803 20 847 -4 912 -57 c 24
 928 -70 941 -72 960 -81 c 25
 928 -95 910 -102 879 -117 c 24
 861 -126 851 -155 834 -144 c 24
 778 -106 757 -70 723 -12 c 24
 661 96 630 161 591 279 c 24
 564 360 566 410 555 495 c 24
 552 515 555 526 555 546 c 25
732 387 m 24
 752 452 765 558 765 558 c 9
 855 558 l 25
 844 501 842 467 828 411 c 24
 811 343 803 304 774 240 c 24
 733 150 710 97 651 18 c 24
 605 -44 572 -76 507 -117 c 24
 453 -151 417 -156 351 -168 c 9
 411 -119 451 -99 504 -42 c 24
 563 22 595 61 636 138 c 24
 685 230 701 288 732 387 c 24
558 579 m 25
 849 579 l 25
 849 579 871 610 895 619 c 1
 914 612 938 584 957 558 c 1
 965 540 949 529 931 529 c 9
 558 529 l 25
 558 579 l 25
576 798 m 25
 618 783 650 788 684 759 c 24
 696 749 671 738 666 723 c 24
 644 663 639 626 615 567 c 24
 591 510 577 478 543 426 c 24
 524 396 505 386 480 360 c 25
 493 407 502 433 513 480 c 24
 528 544 536 580 549 645 c 24
 561 704 565 738 576 798 c 25
366 54 m 1
 366 328 l 25
 231 328 l 25
 231 378 l 25
 366 378 l 25
 382 391 388 416 408 411 c 24
 443 401 460 380 477 348 c 24
 484 335 464 330 456 318 c 25
 456 162 l 1
 444 79 461 92 441 0 c 8
 432 -40 424 -63 399 -96 c 24
 377 -126 361 -155 324 -156 c 24
 298 -157 310 -116 291 -99 c 24
 266 -76 245 -73 216 -57 c 25
 321 -57 l 17
 340 -50 363 0 366 54 c 1
204 570 m 25
 204 789 l 25
 247 769 283 773 315 738 c 24
 329 723 302 709 294 690 c 25
 294 570 l 25
 204 570 l 25
189 294 m 17
 189 555 l 25
 279 555 l 25
 279 303 l 1
 276 222 270 163 246 78 c 24
 228 13 211 -23 171 -78 c 24
 144 -116 123 -129 78 -153 c 1
 105 -102 121 -61 141 0 c 24
 159 55 168 87 177 144 c 24
 186 202 184 236 189 294 c 17
39 588 m 25
 375 588 l 25
 375 588 397 619 421 628 c 1
 440 621 464 593 483 567 c 1
 491 549 475 538 457 538 c 9
 39 538 l 25
 39 588 l 25
EndSplineSet
EndChar
