Width: 1000
Flags: HW
TeX: 117 0
LayerCount: 2
Fore
SplineSet
917 -141 m 9
 728 -141 l 17
 700 -136 676 -118 671 -93 c 9
 671 303 l 25
 761 303 l 25
 761 -25 l 17
 761 -46 781 -60 797 -61 c 9
 860 -61 l 25
 871 -23 878 -11 887 12 c 24
 901 47 907 67 920 102 c 25
 920 36 918 -1 929 -66 c 24
 932 -85 959 -89 956 -108 c 24
 953 -128 935 -135 917 -141 c 9
514 651 m 25
 604 651 l 25
 604 309 l 25
 514 309 l 25
 514 651 l 25
692 408 m 9
 692 654 l 25
 782 654 l 25
 782 390 l 17
 779 321 749 249 698 165 c 0
 668 116 660 103 632 66 c 24
 598 22 580 -4 539 -42 c 24
 496 -81 470 -102 419 -129 c 24
 382 -148 363 -153 317 -159 c 9
 371 -113 406 -93 456 -42 c 24
 501 4 522 34 558 87 c 24
 596 143 621 174 647 237 c 24
 674 301 692 354 692 408 c 9
428 324 m 25
 836 324 l 25
 836 324 858 355 882 364 c 1
 901 357 925 329 944 303 c 1
 952 285 936 274 918 274 c 9
 428 274 l 25
 428 324 l 25
437 684 m 25
 821 684 l 25
 821 684 843 715 867 724 c 1
 886 717 910 689 929 663 c 1
 937 645 921 634 903 634 c 9
 437 634 l 25
 437 684 l 25
140 316 m 1
 368 316 l 1
 368 266 l 1
 140 266 l 1
 140 316 l 1
140 523 m 1
 389 523 l 1
 389 473 l 1
 140 473 l 1
 140 523 l 1
116 705 m 25
 326 705 l 25
 342 718 348 743 368 738 c 24
 403 728 420 707 437 675 c 24
 444 662 424 657 416 645 c 25
 416 288 l 17
 408 259 402 237 371 234 c 1
 347 236 336 260 326 288 c 9
 326 655 l 25
 116 655 l 25
 116 705 l 25
293 216 m 25
 335 177 370 165 401 117 c 24
 429 73 441 41 440 -12 c 24
 440 -42 427 -71 398 -75 c 24
 372 -79 364 -48 353 -24 c 24
 336 12 339 36 329 75 c 24
 315 130 307 161 293 216 c 25
47 -24 m 25
 120 -6 162 -0 233 21 c 24
 290 38 321 54 377 75 c 25
 377 6 l 25
 285 -41 232 -66 140 -114 c 24
 126 -121 118 -146 107 -135 c 24
 72 -101 70 -67 47 -24 c 25
95 -63 m 25
 95 735 l 25
 138 715 174 719 206 684 c 24
 220 669 193 655 185 636 c 25
 185 -63 l 25
 95 -63 l 25
EndSplineSet
EndChar
