Width: 1000
Flags: HW
TeX: 117 0
LayerCount: 2
Fore
SplineSet
540 171 m 25
 864 316 l 25
 864 316 878 380 897 399 c 1
 923 406 946 357 975 336 c 1
 990 323 961 304 945 297 c 9
 540 120 l 25
 540 171 l 25
708 789 m 25
 751 769 787 773 819 738 c 24
 833 723 806 709 798 690 c 25
 798 -132 l 17
 790 -161 784 -183 753 -186 c 1
 729 -184 718 -160 708 -132 c 9
 708 789 l 25
552 453 m 25
 587.1 430.77 616.046 428.443 642 396 c 24
 665.808 366.241 683.779 339.244 672 303 c 24
 663.068 275.519 628.337 262.106 603 276 c 24
 575.094 291.304 587.812 323.417 579 354 c 24
 567.92 392.456 562.53 414.39 552 453 c 25
540 720 m 25
 572.76 697.77 597.846 692.721 624 663 c 24
 650.964 632.358 680.005 610.023 672 570 c 24
 666.118 540.593 626.823 529.588 600 543 c 24
 570.849 557.576 580.464 590.133 570 621 c 24
 557.048 659.208 551.7 681.39 540 720 c 25
396 174 m 25
 433.44 145.92 465.361 140.478 492 102 c 24
 510.837 74.792 516.6 48.5995 504 18 c 24
 495.548 -2.52734 466.268 -15.1055 450 0 c 24
 421.256 26.6914 431.626 58.5372 420 96 c 24
 410.566 126.397 405.36 143.58 396 174 c 25
75 279 m 25
 411 279 l 25
 411 279 434 315 459 324 c 1
 485 320 473 291 504 258 c 1
 512 240 495 229 477 229 c 9
 75 229 l 25
 75 279 l 25
258 -51 m 25
 258 417 l 25
 348 417 l 25
 348 -93 l 25
 327 -116 325 -152 294 -153 c 24
 267 -154 276 -113 255 -96 c 24
 226 -72 204 -69 171 -51 c 25
 258 -51 l 25
150 216 m 25
 182.76 189.09 212.026 183.257 234 147 c 24
 241.766 134.187 219.514 128.575 210 117 c 24
 149.312 43.1641 114.84 1.70996 54 -72 c 25
 79.7402 -0.629883 96.0078 39.0234 120 111 c 24
 133.468 151.403 138.3 175.05 150 216 c 25
159 441 m 25
 348 441 l 25
 348 441 371 477 396 486 c 1
 422 482 410 453 441 420 c 1
 449 402 432 391 414 391 c 9
 159 391 l 25
 159 441 l 25
315 717 m 25
 374.67 673.71 413.28 655.4 468 606 c 24
 498.396 578.56 527.118 562.766 531 522 c 24
 533.443 496.35 504.896 473.361 480 480 c 24
 436.804 491.519 425.764 524.643 396 558 c 24
 357.672 600.954 341.1 629.37 306 675 c 25
 315 717 l 25
282 771 m 25
 316 750 347 750 369 717 c 24
 379 702 355 693 345 678 c 24
 315 635 302 609 267 570 c 24
 224 522 201 492 147 456 c 24
 105 428 74 429 27 411 c 25
 82 470 118 498 168 561 c 24
 212 616 234 649 267 711 c 24
 279 732 276 748 282 771 c 25
EndSplineSet
EndChar
