Width: 1000
Flags: H
TeX: 117 0
LayerCount: 2
Fore
SplineSet
489 468 m 25
 522 504 l 25
 534.87 458.37 538.61 431.487 555 387 c 24
 579.644 320.111 591.408 280.763 627 219 c 24
 671.413 141.931 697.565 97.3264 759 33 c 24
 798.67 -8.53711 831.064 -21.4561 882 -48 c 24
 914.811 -65.0986 936.9 -66.2998 972 -78 c 25
 932.22 -90.8701 908.04 -93.6484 870 -111 c 24
 840.771 -124.333 832.768 -160.795 801 -156 c 24
 757.267 -149.398 739.908 -120.473 711 -87 c 24
 672.171 -42.04 657.147 -10.84 630 42 c 24
 591.456 117.023 572.386 160.938 543 240 c 24
 523.122 293.48 517.149 325.481 504 381 c 24
 496.064 414.504 494.85 434.07 489 468 c 25
723 519 m 25
 834 519 l 1
 834 519 825.613 453.811 813 414 c 24
 788.06 335.282 776.74 288.923 738 216 c 24
 696.584 138.04 667.649 95.9805 609 30 c 24
 563.716 -20.9453 531.557 -44.4855 474 -81 c 24
 421.834 -114.095 389.379 -129.951 330 -147 c 24
 269.881 -164.262 233.01 -159.81 171 -168 c 25
 269.28 -111.84 329.154 -87.2915 423 -24 c 24
 480.763 14.9561 511.904 40.758 558 93 c 24
 600.512 141.181 620.588 172.887 648 231 c 24
 679.568 297.926 689.352 339.391 708 411 c 24
 718.717 452.151 717.15 476.88 723 519 c 25
507 543 m 25
 831 543 l 25
 831 543 854 579 879 588 c 1
 905 584 893 555 924 522 c 1
 932 504 915 493 897 493 c 9
 507 493 l 25
 507 543 l 25
525 783 m 25
 574.14 756.09 611.384 753.616 651 714 c 24
 662.131 702.869 628.955 700.582 621 687 c 24
 580.539 617.92 567.393 573.695 528 504 c 24
 491.263 439.004 475.759 397.662 426 342 c 24
 404.377 317.811 380.25 320.04 351 306 c 25
 381.42 364.5 402.426 395.655 429 456 c 24
 458.691 523.425 474.247 562.311 495 633 c 24
 511.806 690.242 513.3 724.5 525 783 c 25
210 540 m 25
 300 540 l 25
 300 105 l 25
 210 105 l 25
 210 540 l 25
36 102 m 25
 131.94 112.53 186.564 114.595 282 129 c 24
 372.756 142.699 422.91 156.45 513 174 c 25
 455.67 144.75 424.623 125.564 366 99 c 24
 274.76 57.6572 221.522 38.3869 129 0 c 24
 111.541 -7.24316 96.7353 -31.9678 84 -18 c 24
 50.0391 19.2471 54.7197 55.2002 36 102 c 25
45 564 m 25
 348 564 l 25
 348 564 371 600 396 609 c 1
 422 605 410 576 441 543 c 1
 449 525 432 514 414 514 c 9
 45 514 l 25
 45 564 l 25
EndSplineSet
EndChar
