Width: 1000
Flags: HW
LayerCount: 2
Fore
SplineSet
642 507 m 25
 661.89 409.89 661.654 352.039 693 258 c 24
 719.474 178.578 744.189 136.717 789 66 c 24
 819.635 17.6543 842.145 -7.06243 885 -45 c 24
 914.449 -71.0693 938.07 -76.1104 972 -96 c 25
 936.9 -113.55 913.67 -117.827 882 -141 c 24
 864.437 -153.852 868.025 -196.569 849 -186 c 24
 805.01 -161.561 798.372 -125.027 774 -81 c 24
 725.592 6.44629 697.802 56.3036 663 150 c 24
 636.618 221.029 634.28 264.999 618 339 c 24
 608.533 382.029 605.19 406.71 597 450 c 25
 642 507 l 25
756 327 m 1
 756 507 l 9
 846 507 l 25
 846 297 l 17
 840 237 829.554 192.849 798 135 c 24
 758.1 61.8496 726.769 24.0102 666 -33 c 24
 611.805 -83.8428 574.627 -107.2 507 -138 c 24
 454.566 -161.881 419.16 -158.13 363 -171 c 25
 433.2 -125.37 478.092 -106.888 543 -54 c 24
 605.216 -3.30566 638.733 28.8836 687 93 c 24
 718.161 134.394 729.346 163.304 744 213 c 24
 756.645 255.88 758.654 266.816 756 327 c 1
618 549 m 25
 873 549 l 25
 873 549 896 585 921 594 c 1
 947 590 935 561 966 528 c 1
 974 510 957 499 939 499 c 9
 618 499 l 25
 618 549 l 25
636 747 m 25
 676.95 720.09 719.497 722.03 741 678 c 24
 753.534 652.334 713.311 642.72 699 618 c 24
 661.758 553.673 646.452 514.204 609 450 c 24
 589.052 415.803 578.695 395.237 552 366 c 24
 528.959 340.765 509.91 333.06 483 312 c 25
 511.08 378.69 529.928 415.122 555 483 c 24
 577.95 545.134 586.571 581.677 606 645 c 24
 618.162 684.641 624.3 707.22 636 747 c 25
162 -39 m 24
 134 -17 114 39 114 39 c 1
 570 132 l 25
 528 105 507 84 462 63 c 24
 407 37 372 32 315 12 c 24
 271 -3 246 -12 201 -27 c 24
 186 -32 175 -49 162 -39 c 24
282 -96 m 25
 282 216 l 25
 325 196 361 200 393 165 c 24
 407 150 380 136 372 117 c 25
 372 -138 l 25
 345 -154 334 -178 303 -180 c 24
 281 -181 276 -157 258 -144 c 24
 231 -124 214 -115 186 -96 c 25
 282 -96 l 25
405 238 m 25
 81 238 l 25
 81 288 l 25
 408 288 l 25
 424 296 434 319 450 309 c 24
 485 287 500 262 513 222 c 24
 517 209 496 208 483 204 c 24
 424 184 390 177 330 159 c 25
 312 186 l 25
 405 238 l 25
249 507 m 25
 291 489 325 495 357 462 c 24
 370 449 335 442 327 426 c 24
 301 375 296 342 270 291 c 24
 235 223 211 188 171 123 c 24
 150 89 141 68 114 39 c 24
 88 10 66 1 36 -24 c 25
 64 33 81 65 108 123 c 24
 149 209 177 256 210 345 c 24
 232 406 234 444 249 507 c 25
39 408 m 25
 420 408 l 25
 420 408 443 444 468 453 c 1
 494 449 482 420 513 387 c 1
 521 369 504 358 486 358 c 9
 39 358 l 25
 39 408 l 25
99 744 m 25
 189 704 243 689 330 642 c 24
 393 608 436 593 480 537 c 24
 496 516 490 480 465 471 c 24
 436 460 418 486 393 504 c 24
 341 542 320 574 270 615 c 24
 205 668 166 694 99 744 c 25
402 789 m 25
 441 760 474 754 501 714 c 24
 510 701 487 693 474 684 c 24
 385 619 336 580 240 525 c 24
 194 499 164 492 114 477 c 24
 94 471 81 473 60 471 c 25
 124 512 165 528 225 576 c 24
 284 624 314 655 363 714 c 24
 384 739 387 760 402 789 c 25
EndSplineSet
EndChar
