Width: 1000
Flags: HW
LayerCount: 2
Fore
SplineSet
21 300 m 1
 21 300 107 313 159 330 c 24
 253 360 304 385 396 420 c 25
 347 377 323 347 270 309 c 24
 210 266 171 251 108 213 c 24
 94 204 84 177 72 189 c 24
 38 223 21 300 21 300 c 1
42 549 m 25
 291 549 l 25
 291 549 314 585 339 594 c 1
 365 590 353 561 384 528 c 1
 392 510 375 499 357 499 c 9
 42 499 l 25
 42 549 l 25
180 -69 m 25
 180 771 l 25
 223.29 751.11 258.953 755.251 291 720 c 24
 304.745 704.881 278.19 690.72 270 672 c 25
 270 -87 l 17
 261 -120 243.595 -158.369 204 -168 c 24
 177.362 -174.479 180.355 -131.189 159 -114 c 24
 131.642 -91.9795 111.42 -86.5498 81 -69 c 25
 180 -69 l 25
369 66 m 25
 425 66 l 25
 453.47 54.2998 469.155 46.7442 498 36 c 24
 585.396 3.44629 633.023 -20.4609 723 -45 c 24
 800.942 -66.2568 847.44 -66.96 927 -81 c 25
 911.79 -98.5498 901.868 -107.371 888 -126 c 24
 875.657 -142.58 880.67 -171 860 -171 c 24
 804.872 -171 776.837 -147.324 726 -126 c 24
 648.302 -93.4092 605.205 -72.9085 531 -33 c 24
 465.789 2.07129 432.18 27.3896 369 66 c 25
687 37 m 25
 345 37 l 25
 345 87 l 25
 711 87 l 25
 735.57 101.04 747.22 132.144 774 123 c 24
 810.32 110.598 821.524 81.2941 834 45 c 24
 838.114 33.0322 817.53 34.0195 807 27 c 25
 755.52 -4.58984 729.299 -27.5468 675 -54 c 24
 591.986 -94.4424 544.788 -118.632 456 -144 c 24
 387.903 -163.456 346.2 -158.64 276 -168 c 25
 364.53 -131.73 417.387 -117.702 503 -75 c 24
 578.176 -37.5029 615.24 -6.67969 687 37 c 25
437 252 m 25
 757 252 l 25
 757 252 780 288 805 297 c 1
 831 293 819 264 850 231 c 1
 858 213 841 202 823 202 c 9
 437 202 l 25
 437 252 l 25
434 321 m 25
 757 321 l 25
 757 321 780 357 805 366 c 1
 831 362 819 333 850 300 c 1
 858 282 841 271 823 271 c 9
 434 271 l 25
 434 321 l 25
603 381 m 1
 693 381 l 1
 693 165 l 1
 603 165 l 1
 603 381 l 1
625 474 m 25
 662.05 464.64 689.286 472.736 720 450 c 24
 731.783 441.277 709.02 429.87 702 417 c 25
 665 381 l 25
 603 381 l 25
 625 474 l 25
444 396 m 25
 809 396 l 25
 809 396 832 432 857 441 c 1
 883 437 871 408 902 375 c 1
 910 357 893 346 875 346 c 9
 444 346 l 25
 444 396 l 25
429 182 m 25
 783 182 l 25
 783 182 821 242 846 251 c 1
 872 247 914 194 945 161 c 1
 953 143 936 132 918 132 c 9
 429 132 l 25
 429 182 l 25
401 380 m 25
 491 381 l 25
 491 168 l 17
 483 139 477 117 446 114 c 1
 422 116 411 140 401 168 c 9
 401 380 l 25
424 483 m 25
 454.81 464.28 479.184 462.064 503 435 c 24
 510.721 426.227 495.07 418.53 490 408 c 25
 451 371.73 433.955 345.074 390 315 c 24
 365.877 298.495 346.69 300.36 319 291 c 25
 344.35 331.95 360.892 353.744 384 396 c 24
 401.918 428.765 408.4 449.07 424 483 c 25
710 535 m 1
 921 535 l 1
 921 485 l 1
 710 485 l 1
 710 535 l 1
720 598 m 1
 918 598 l 1
 918 548 l 1
 720 548 l 1
 720 598 l 1
707 670 m 1
 901 670 l 1
 901 620 l 1
 707 620 l 1
 707 670 l 1
701 732 m 25
 861 732 l 25
 877 745 883 770 903 765 c 24
 938 755 955 734 972 702 c 24
 979 689 959 684 951 672 c 25
 951 522 l 17
 943 493 937 471 906 468 c 1
 882 470 871 494 861 522 c 9
 861 682 l 25
 701 682 l 25
 701 732 l 25
684 759 m 25
 727.29 739.11 762.953 743.251 795 708 c 24
 808.745 692.881 782.19 678.72 774 660 c 25
 774 516 l 17
 766 487 760 465 729 462 c 1
 705 464 694 488 684 516 c 9
 684 759 l 25
404 527 m 1
 575 527 l 1
 575 477 l 1
 404 477 l 1
 404 527 l 1
408 598 m 1
 595 598 l 1
 595 548 l 1
 408 548 l 1
 408 598 l 1
391 668 m 1
 589 668 l 1
 589 618 l 1
 391 618 l 1
 391 668 l 1
404 735 m 25
 540 735 l 25
 556.38 747.87 561.891 773.435 582 768 c 24
 617.178 758.492 634.287 737.381 651 705 c 24
 657.55 692.309 638.19 686.7 630 675 c 25
 630 504 l 17
 622 475 616 453 585 450 c 1
 561 452 550 476 540 504 c 9
 540 685 l 25
 404 685 l 25
 404 735 l 25
365 768 m 25
 408.29 748.11 443.953 752.251 476 717 c 24
 489.745 701.881 463.19 687.72 455 669 c 25
 455 495 l 17
 447 466 441 444 410 441 c 1
 386 443 375 467 365 495 c 9
 365 768 l 25
EndSplineSet
EndChar
