Width: 1000
Flags: HW
LayerCount: 2
Fore
SplineSet
915 783 m 25
 915 783 968 741 975 702 c 24
 978 685 949 695 933 690 c 25
 600 636 l 25
 600 690 l 25
 915 783 l 25
84 -21 m 25
 411 -21 l 25
 411 -21 433 10 457 19 c 1
 476 12 500 -16 519 -42 c 1
 527 -60 511 -71 493 -71 c 9
 84 -71 l 25
 84 -21 l 25
60 780 m 25
 60 780 139 764 171 729 c 24
 185 714 158 700 150 681 c 25
 150 -69 l 17
 142 -98 136 -120 105 -123 c 1
 81 -121 70 -97 60 -69 c 9
 60 780 l 25
852 465 m 25
 852 -117 l 17
 844 -146 838 -168 807 -171 c 1
 783 -169 772 -145 762 -117 c 9
 762 465 l 25
 852 465 l 25
588 483 m 25
 892 483 l 25
 892 483 914 514 938 523 c 1
 957 516 981 488 1000 462 c 1
 1008 444 992 433 974 433 c 9
 588 433 l 25
 588 483 l 25
564 180 m 26
 564 717 l 25
 607 697 643 701 675 666 c 24
 689 651 662 637 654 618 c 25
 654 180 l 26
 654 126 648 95 629 45 c 24
 611 -0 598 -28 561 -60 c 16
 510 -104 486 -123 399 -147 c 1
 456 -102 479 -77 519 -24 c 24
 539 2 544 22 551 54 c 24
 562 102 564 131 564 180 c 26
369 390 m 25
 369 390 428 362 460 335 c 24
 488 312 505 297 519 264 c 24
 529 240 536 217 519 198 c 24
 504 180 479 182 459 195 c 24
 427 215 425 244 402 273 c 24
 380 301 365 315 342 342 c 25
 369 390 l 25
336 300 m 25
 316 260 313 233 285 198 c 24
 259 165 237 151 201 129 c 24
 173 113 152 107 123 102 c 1
 153 135 168 153 192 189 c 24
 222 236 238 264 261 315 c 24
 277 352 279 375 291 414 c 25
 333 414 l 25
 336 300 l 25
462 672 m 25
 462 672 526 648 549 615 c 24
 558 602 533 596 522 585 c 24
 490 554 472 536 438 507 c 24
 409 483 392 469 360 450 c 9
 385 503 399 532 423 585 c 24
 439 619 462 672 462 672 c 25
153 663 m 1
 199 642 230 626 264 585 c 24
 287 557 295 531 291 495 c 24
 289 476 270 465 250 466 c 24
 231 467 223 483 216 500 c 0
 206 525 204 539 195 564 c 24
 180 603 173 625 153 663 c 1
114 435 m 25
 450 435 l 25
 450 435 472 466 496 475 c 1
 515 468 539 440 558 414 c 1
 566 396 550 385 532 385 c 9
 114 385 l 25
 114 435 l 25
300 795 m 25
 300 795 379 779 411 744 c 24
 425 729 398 715 390 696 c 25
 390 36 l 17
 382 7 376 -15 345 -18 c 1
 321 -16 310 8 300 36 c 9
 300 795 l 25
EndSplineSet
EndChar
