Width: 1000
Flags: H
TeX: 117 0
LayerCount: 2
Fore
SplineSet
445 41 m 25
 836 126 l 25
 836 126 851 161 873 175 c 1
 893 172 922 150 946 129 c 1
 958 113 945 99 927 95 c 9
 455 -8 l 25
 445 41 l 25
720 492 m 25
 763 472 799 476 831 441 c 24
 845 426 818 412 810 393 c 25
 810 -129 l 17
 802 -158 796 -180 765 -183 c 1
 741 -181 730 -157 720 -129 c 9
 720 492 l 25
510 307 m 25
 543 294 565 294 594 274 c 24
 620 256 635 241 645 211 c 24
 652 188 652 166 633 151 c 24
 616 138 596 147 579 160 c 24
 557 178 555 197 543 223 c 24
 528 255 523 274 510 307 c 25
558 463 m 25
 594 445 620 444 651 418 c 24
 676 397 693 379 696 346 c 24
 698 324 681 309 660 304 c 24
 641 299 627 310 615 325 c 24
 594 350 591 370 579 400 c 24
 569 424 566 438 558 463 c 25
720 717 m 25
 741 695 752 681 774 660 c 24
 822 614 848 587 900 546 c 24
 936 518 961 508 1000 483 c 25
 977 470 964 462 940 450 c 24
 925 442 916 426 900 432 c 24
 866 445 853 466 828 492 c 24
 792 529 776 554 744 594 c 24
 719 625 706 643 681 675 c 25
 720 717 l 25
690 756 m 25
 722 727 747 717 771 681 c 24
 777 672 760 668 753 660 c 25
 730 634 717 619 693 594 c 24
 648 549 627 519 576 480 c 24
 540 453 507 432 474 426 c 9
 510 479 531 508 567 561 c 24
 598 606 616 632 645 678 c 24
 664 708 672 726 690 756 c 25
297 213 m 25
 297 -126 l 17
 289 -155 283 -177 252 -180 c 1
 228 -178 217 -154 207 -126 c 9
 207 213 l 25
 297 213 l 25
18 87 m 25
 375 87 l 25
 375 87 397 118 421 127 c 1
 440 120 464 92 483 66 c 1
 491 48 475 37 457 37 c 9
 18 37 l 25
 18 87 l 25
108 229 m 1
 378 229 l 1
 378 179 l 1
 108 179 l 1
 108 229 l 1
114 360 m 1
 381 360 l 1
 381 310 l 1
 114 310 l 1
 114 360 l 1
108 480 m 25
 351 480 l 25
 367 493 373 518 393 513 c 24
 428 503 445 482 462 450 c 24
 469 437 449 432 441 420 c 25
 441 201 l 17
 433 172 427 150 396 147 c 1
 372 149 361 173 351 201 c 9
 351 430 l 25
 108 430 l 25
 108 480 l 25
66 510 m 25
 109 490 145 494 177 459 c 24
 191 444 164 430 156 411 c 25
 156 204 l 17
 148 175 142 153 111 150 c 1
 87 152 76 176 66 204 c 9
 66 510 l 25
210 456 m 25
 210 777 l 25
 253 757 289 761 321 726 c 24
 335 711 308 697 300 678 c 25
 300 456 l 25
 210 456 l 25
18 630 m 25
 386 630 l 25
 386 630 408 661 432 670 c 1
 451 663 475 635 494 609 c 1
 502 591 486 580 468 580 c 9
 18 580 l 25
 18 630 l 25
EndSplineSet
EndChar
