Width: 1000
Flags: HW
TeX: 117 0
LayerCount: 2
Fore
SplineSet
585 594 m 25
 630 594 l 25
 649 565 654 544 678 519 c 24
 732 463 765 433 828 387 c 24
 863 362 888 358 927 339 c 25
 898 332 880 332 852 321 c 24
 836 314 834 293 816 294 c 24
 793 295 782 309 765 324 c 24
 733 352 717 372 690 405 c 24
 662 440 646 459 624 498 c 24
 604 533 600 557 585 594 c 25
756 594 m 25
 843 594 l 25
 835 562 836 543 822 513 c 24
 800 466 789 437 753 399 c 24
 711 355 681 337 627 309 c 24
 591 291 570 291 528 282 c 9
 579 326 614 346 660 396 c 24
 693 432 708 457 729 501 c 24
 745 535 745 558 756 594 c 25
594 627 m 25
 837 627 l 25
 837 627 859 658 883 667 c 1
 902 660 926 632 945 606 c 1
 953 588 937 577 919 577 c 9
 594 577 l 25
 594 627 l 25
642 792 m 25
 677 777 706 781 732 753 c 24
 743 741 717 733 708 720 c 25
 690 687 684 666 663 636 c 24
 638 601 624 580 591 552 c 24
 567 531 547 528 519 513 c 25
 542 560 558 585 579 633 c 24
 606 694 617 730 642 792 c 25
606 15 m 25
 606 69 l 25
 816 153 l 25
 834 120 855 106 861 69 c 24
 863 57 843 63 831 60 c 24
 743 41 694 33 606 15 c 25
918 -162 m 25
 612 -162 l 17
 584 -157 560 -139 555 -114 c 9
 555 213 l 25
 645 213 l 25
 645 -46 l 17
 645 -67 665 -81 681 -82 c 9
 846 -82 l 25
 860 -62 870 -52 882 -30 c 24
 897 -2 902 16 915 45 c 25
 919 -6 914 -36 924 -87 c 24
 928 -106 953 -110 951 -129 c 24
 950 -147 931 -149 918 -162 c 25
192 102 m 25
 221 86 242 83 267 60 c 24
 287 42 296 26 303 0 c 24
 308 -18 309 -36 294 -48 c 24
 280 -59 262 -56 249 -45 c 24
 228 -27 230 -6 216 18 c 24
 201 43 190 56 174 81 c 25
 192 102 l 25
399 88 m 25
 199 88 l 25
 199 138 l 25
 417 138 l 25
 433 147 441 169 459 162 c 24
 490 150 506 131 516 99 c 24
 521 84 498 83 486 72 c 25
 460 37 450 13 420 -18 c 24
 388 -52 367 -69 327 -93 c 24
 282 -120 255 -135 204 -147 c 24
 139 -163 96 -168 33 -165 c 9
 89 -139 123 -129 177 -99 c 24
 225 -73 252 -56 294 -21 c 24
 339 17 358 45 399 88 c 25
225 216 m 25
 327 216 l 25
 314 197 309 185 294 168 c 24
 262 130 244 108 207 75 c 24
 176 47 157 31 120 12 c 24
 80 -8 54 -10 12 -24 c 25
 49 10 73 27 108 63 c 24
 139 95 156 114 183 150 c 24
 202 174 209 190 225 216 c 25
66 246 m 25
 804 246 l 25
 833 274 842 306 867 315 c 1
 893 311 935 258 966 225 c 1
 974 207 957 196 939 196 c 9
 66 196 l 25
 66 246 l 25
348 555 m 25
 380 530 407 525 429 492 c 24
 446 467 452 444 441 417 c 24
 433 398 411 395 390 399 c 24
 376 402 376 418 372 432 c 24
 367 451 373 463 369 483 c 24
 363 512 356 527 348 555 c 25
219 543 m 25
 249 530 270 530 297 510 c 24
 303 505 292 499 288 492 c 24
 268 456 261 432 237 399 c 24
 223 380 210 375 192 360 c 25
 197 394 199 413 204 447 c 24
 210 484 213 506 219 543 c 25
393 774 m 25
 436 749 470 747 504 711 c 24
 526 688 534 664 528 633 c 24
 524 613 503 604 483 606 c 24
 462 608 455 624 444 642 c 24
 430 665 430 682 420 708 c 24
 410 734 404 748 393 774 c 25
273 795 m 25
 316 775 352 779 384 744 c 24
 398 729 371 715 363 696 c 25
 363 342 l 17
 355 313 349 291 318 288 c 1
 294 290 283 314 273 342 c 9
 273 795 l 25
435 348 m 25
 435 553 l 25
 144 553 l 25
 144 603 l 25
 435 603 l 25
 451 616 457 641 477 636 c 24
 512 626 529 605 546 573 c 24
 553 560 533 555 525 543 c 25
 525 318 l 17
 519 306 508 272 483 267 c 24
 463 263 460 289 444 303 c 24
 423 321 411 330 390 348 c 25
 435 348 l 25
108 630 m 25
 151 610 187 614 219 579 c 24
 233 564 206 550 198 531 c 25
 198 324 l 17
 190 295 184 273 153 270 c 1
 129 272 118 296 108 324 c 9
 108 630 l 25
183 768 m 25
 212 743 239 738 258 705 c 24
 265 693 245 687 234 678 c 24
 186 640 162 614 108 585 c 24
 79 570 59 574 27 567 c 25
 54 597 70 613 96 645 c 24
 121 676 133 694 156 726 c 24
 167 742 172 752 183 768 c 25
EndSplineSet
EndChar
