Width: 1000
Flags: H
TeX: 117 0
LayerCount: 2
Fore
SplineSet
734 450 m 0
 737 481 734 532 734 532 c 25
 824 533 l 25
 824 533 824 468 820 428 c 0
 815 373 811 335 789 279 c 0
 754 189 733 141 674 69 c 24
 611 -8 565 -49 481 -98 c 0
 415 -137 371 -145 293 -155 c 1
 360 -116 402 -90 463 -36 c 24
 528 21 562 58 613 128 c 24
 656 187 676 225 702 294 c 24
 724 352 728 391 734 450 c 0
63 -93 m 24
 30 -65 3 0 3 0 c 25
 3 0 88 11 141 21 c 24
 282 48 366 66 501 96 c 1
 444 57 406 40 342 12 c 24
 249 -29 194 -45 99 -81 c 24
 85 -86 74 -103 63 -93 c 24
970 -68 m 25
 970 -68 911 -87 874 -102 c 24
 849 -112 837 -144 812 -133 c 0
 763 -111 694 -26 648 62 c 0
 597 159 572 226 549 333 c 0
 534 402 519 516 519 516 c 25
 570 537 l 25
 570 537 583 421 604 350 c 24
 624 283 640 247 673 186 c 24
 702 134 723 107 762 62 c 24
 791 28 808 9 846 -15 c 24
 891 -43 970 -68 970 -68 c 25
540 558 m 25
 858 558 l 25
 858 558 880 589 904 598 c 1
 923 591 947 563 966 537 c 1
 974 519 958 508 940 508 c 9
 540 508 l 25
 540 558 l 25
538 763 m 25
 538 763 609 761 640 723 c 0
 656 703 629 706 625 694 c 24
 602 630 596 591 571 528 c 24
 556 491 543 466 524 438 c 0
 499 401 485 391 438 358 c 1
 459 402 469 434 483 484 c 24
 501 549 507 587 520 654 c 24
 528 696 538 763 538 763 c 25
273 332 m 25
 381 332 l 25
 381 332 403 363 427 372 c 1
 446 365 470 337 489 311 c 1
 497 293 481 282 463 282 c 9
 273 282 l 25
 273 332 l 25
69 -12 m 25
 69 450 l 25
 69 450 148 434 180 399 c 24
 194 384 167 370 159 351 c 25
 159 -12 l 25
 69 -12 l 25
237 624 m 25
 327 624 l 25
 327 18 l 25
 237 18 l 25
 237 624 l 25
25 648 m 25
 405 648 l 25
 405 648 427 679 451 688 c 1
 470 681 494 653 513 627 c 1
 521 609 505 598 487 598 c 9
 25 598 l 25
 25 648 l 25
EndSplineSet
EndChar
