Width: 1000
Flags: H
TeX: 117 0
LayerCount: 2
Fore
SplineSet
603 780 m 25
 646 760 682 764 714 729 c 24
 728 714 701 700 693 681 c 25
 693 -90 l 17
 685 -119 679 -141 648 -144 c 1
 624 -142 613 -118 603 -90 c 9
 603 780 l 25
111 210 m 25
 804 321 l 17
 832 342 849 390 870 408 c 1
 924 380 946 344 974 310 c 9
 942 291 l 25
 111 150 l 25
 111 210 l 25
213 504 m 25
 263 484 298 484 342 453 c 24
 374 430 397 411 402 372 c 24
 406 344 387 321 360 312 c 24
 336 304 317 320 300 339 c 24
 279 363 285 386 270 414 c 24
 251 451 235 469 213 504 c 25
297 711 m 25
 359 695 402 703 456 669 c 24
 489 649 502 621 504 582 c 24
 505 552 490 529 462 519 c 24
 440 511 425 531 411 549 c 24
 390 576 398 602 378 630 c 24
 352 667 329 679 297 711 c 25
EndSplineSet
EndChar
