Width: 1000
Flags: H
TeX: 117 0
LayerCount: 2
Fore
SplineSet
660 69 m 24
 602 162 579 221 534 321 c 24
 511 373 505 405 486 459 c 25
 511 520 l 25
 547 442 563 397 603 321 c 24
 647 238 669 189 726 114 c 24
 768 58 800 31 855 -12 c 24
 893 -42 921 -49 963 -72 c 25
 930 -85 911 -91 879 -105 c 24
 854 -115 838 -151 817 -134 c 24
 739 -72 713 -16 660 69 c 24
769 253 m 24
 747 180 724 141 678 81 c 24
 628 16 594 -18 525 -63 c 24
 466 -102 426 -113 357 -129 c 24
 291 -144 258 -144 184 -143 c 9
 274 -105 331 -96 414 -45 c 24
 493 3 537 35 594 108 c 24
 649 179 668 229 696 315 c 24
 723 398 717 435 732 535 c 9
 817 535 l 17
 804 432 802 360 769 253 c 24
535 553 m 25
 838 553 l 25
 838 553 860 584 884 593 c 1
 903 586 927 558 946 532 c 1
 954 514 938 503 920 503 c 9
 535 503 l 25
 535 553 l 25
547 772 m 25
 588 751 618 749 652 718 c 24
 661 709 639 702 634 691 c 24
 597 612 584 564 544 487 c 24
 513 428 491 396 451 343 c 24
 427 311 407 297 379 268 c 25
 408 336 429 373 454 442 c 24
 484 523 497 569 520 652 c 24
 533 698 536 725 547 772 c 25
409 -5 m 1
 151 -5 l 17
 123 0 99 18 94 43 c 9
 94 439 l 25
 137 419 173 423 205 388 c 24
 219 373 192 359 184 340 c 25
 184 111 l 17
 184 90 204 76 220 75 c 9
 342 75 l 25
 354 97 363 108 372 132 c 24
 386 169 389 191 400 229 c 25
 407 174 408 138 417 87 c 0
 421 63 456 61 456 39 c 0
 456 15 428 0 409 -5 c 1
118 409 m 25
 354 409 l 25
 354 359 l 25
 118 359 l 25
 118 409 l 25
79 664 m 25
 303 664 l 25
 319 677 325 702 345 697 c 24
 380 687 397 666 414 634 c 24
 421 621 401 616 393 604 c 25
 393 388 l 17
 385 359 379 337 348 334 c 1
 324 336 313 360 303 388 c 9
 303 614 l 25
 79 614 l 25
 79 664 l 25
EndSplineSet
EndChar
