Width: 1000
Flags: H
TeX: 117 0
LayerCount: 2
Fore
SplineSet
654 471 m 25
 687.93 387.93 699.832 337.731 741 258 c 24
 792.554 158.155 825.299 103.16 891 12 c 24
 919.544 -27.6045 945.9 -41.0703 981 -75 c 25
 963.45 -86.7002 952.057 -91.3222 936 -105 c 24
 920.243 -118.423 920.222 -148.424 900 -144 c 24
 867.672 -136.928 858.7 -111.303 840 -84 c 24
 799.734 -25.2129 780.781 10.7373 750 75 c 24
 713.958 150.245 697.236 194.491 669 273 c 24
 649.202 328.048 643.38 360.84 627 417 c 25
 654 471 l 25
792 357 m 25
 792 483 l 25
 882 483 l 25
 882 339 l 17
 876 276 869.183 231.055 849 165 c 24
 830.323 103.877 819.879 67.1986 783 15 c 24
 742.419 -42.4375 713.603 -73.6726 654 -111 c 24
 595.035 -147.928 551.52 -147.6 486 -171 c 25
 543.33 -124.2 588 -105 633 -51 c 0
 674.196 -1.56495 702.486 23.8174 732 81 c 24
 759.498 134.278 764.263 169.412 777 228 c 24
 787.76 277.493 786.15 306.69 792 357 c 25
660 513 m 25
 897 513 l 25
 897 513 920 549 945 558 c 1
 971 554 959 525 990 492 c 1
 998 474 981 463 963 463 c 9
 660 463 l 25
 660 513 l 25
645 771 m 25
 686 755 717 758 750 729 c 24
 761 719 741 707 735 693 c 25
 724 642 721 612 708 561 c 24
 692 496 682 459 660 396 c 24
 653 375 647 363 633 345 c 24
 607 310 587 294 558 261 c 25
 574 331 586 370 600 441 c 24
 613 507 618 545 627 612 c 24
 635 674 638 709 645 771 c 25
444 45 m 25
 488.46 19.2598 519.249 12.7276 558 -21 c 24
 584.195 -43.7998 604.266 -61.3154 606 -96 c 24
 607.199 -119.977 587.633 -136.78 564 -141 c 24
 544.184 -144.539 537.148 -124.255 522 -111 c 24
 499.586 -91.3877 489.75 -77.3467 468 -57 c 24
 453.45 -43.3887 444.21 -36.8701 429 -24 c 25
 444 45 l 25
402 51 m 25
 402 177 l 25
 445.29 157.11 480.953 161.251 513 126 c 24
 526.745 110.881 500.19 96.7197 492 78 c 25
 492 0 l 25
 475.62 -26.9102 472.5 -46.9501 450 -69 c 24
 412.892 -105.366 388.471 -123.764 342 -147 c 24
 298.298 -168.852 268.8 -168.96 222 -183 c 25
 267.63 -143.22 296.995 -124.59 339 -81 c 24
 359.49 -59.7363 368.281 -44.6493 381 -18 c 24
 393.116 7.38574 393.81 24.0898 402 51 c 25
231 39 m 25
 274.29 17.9404 307.194 18.2588 342 -15 c 24
 364.204 -36.2168 374.22 -60.4092 366 -90 c 24
 359.395 -113.78 336.541 -125.629 312 -123 c 24
 291.985 -120.855 293.166 -97.749 282 -81 c 24
 272.094 -66.1406 269.281 -55.8449 258 -42 c 24
 243.367 -24.042 232.38 -16.3799 216 0 c 25
 231 39 l 25
192 60 m 1
 192 159 l 25
 235.29 139.11 270.953 143.251 303 108 c 24
 316.745 92.8809 290.19 78.7197 282 60 c 25
 282 24 l 1
 267 -24 235.612 -64.1672 189 -105 c 9
 146.541 -142.295 110.31 -145.26 60 -171 c 25
 91.5898 -128.88 114.878 -108.713 141 -63 c 24
 166.765 -17.9121 177 0 192 60 c 1
396 241 m 1
 558 241 l 1
 558 191 l 1
 396 191 l 1
 396 241 l 1
402 411 m 25
 492 411 l 25
 508 424 514 449 534 444 c 24
 569 434 586 413 603 381 c 24
 610 368 590 363 582 351 c 25
 582 201 l 17
 574 172 568 150 537 147 c 1
 513 149 502 173 492 201 c 9
 492 361 l 25
 402 361 l 25
 402 411 l 25
357 441 m 25
 400 421 436 425 468 390 c 24
 482 375 455 361 447 342 c 25
 447 213 l 17
 439 184 433 162 402 159 c 1
 378 161 367 185 357 213 c 9
 357 441 l 25
150 220 m 1
 318 220 l 1
 318 170 l 1
 150 170 l 1
 150 220 l 1
162 417 m 25
 249 417 l 25
 265 430 271 455 291 450 c 24
 326 440 343 419 360 387 c 24
 367 374 347 369 339 357 c 25
 339 213 l 17
 331 184 325 162 294 159 c 1
 270 161 259 185 249 213 c 9
 249 367 l 25
 162 367 l 25
 162 417 l 25
111 447 m 25
 154 427 190 431 222 396 c 24
 236 381 209 367 201 348 c 25
 201 189 l 17
 193 160 187 138 156 135 c 1
 132 137 121 161 111 189 c 9
 111 447 l 25
198 525 m 25
 411 525 l 25
 411 525 434 561 459 570 c 1
 485 566 473 537 504 504 c 1
 512 486 495 475 477 475 c 9
 198 475 l 25
 198 525 l 25
306 741 m 25
 363.33 725.79 397.973 724.137 453 702 c 24
 500.661 682.826 528.986 670.558 567 636 c 24
 583.426 621.067 592.969 602.72 585 582 c 24
 577.486 562.466 557.507 553.815 537 558 c 24
 493.908 566.794 474.906 588.079 438 612 c 24
 411.473 629.193 402.345 647.14 375 663 c 24
 343.236 681.423 321.93 684.96 288 699 c 25
 306 741 l 25
267 792 m 25
 306 770 338 770 367 735 c 24
 377 722 352 713 342 700 c 25
 318 666 308 644 281 613 c 24
 241 566 216 541 170 499 c 24
 138 470 119 453 82 431 c 24
 58 417 41 417 15 408 c 25
 39 439 54 456 77 487 c 24
 117 544 142 575 178 634 c 24
 216 694 232 730 267 792 c 25
EndSplineSet
EndChar
