Width: 1000
Flags: HW
TeX: 117 0
LayerCount: 2
Fore
SplineSet
732 217 m 2
 732 289 l 25
 456 289 l 25
 456 339 l 25
 732 339 l 25
 748 352 754 377 774 372 c 24
 809 362 826 341 843 309 c 24
 850 296 830 291 822 279 c 25
 822 208 l 2
 822 164 809 95 792 42 c 8
 772 -21 749 -75 720 -111 c 0
 692 -145 672 -162 633 -162 c 0
 614 -162 616 -119 594 -102 c 24
 561 -76 535 -73 498 -54 c 25
 651 -54 l 17
 687 -3 694 12 708 60 c 24
 726 119 732 168 732 217 c 2
462 549 m 25
 462 789 l 9
 462 789 541 773 573 738 c 24
 587 723 560 709 552 690 c 17
 552 549 l 25
 462 549 l 25
495 549 m 25
 495 402 l 10
 495 343 495 337 477 251 c 0
 463 185 448 148 414 90 c 24
 378 29 352 -3 300 -51 c 24
 258 -90 229 -108 177 -132 c 0
 151 -144 116 -156 75 -156 c 1
 128 -122 168 -95 219 -45 c 24
 264 -1 286 28 317 82 c 24
 354 147 374 189 393 258 c 0
 405 303 405 345 405 393 c 2
 405 549 l 25
 495 549 l 25
65 579 m 25
 797 579 l 25
 797 579 835 639 860 648 c 1
 886 644 928 591 959 558 c 1
 967 540 950 529 932 529 c 9
 65 529 l 25
 65 579 l 25
EndSplineSet
EndChar
