Width: 1000
Flags: H
TeX: 117 0
LayerCount: 2
Fore
SplineSet
660 558 m 25
 660 558 739 542 771 507 c 24
 785 492 758 478 750 459 c 25
 750 201 l 2
 750 180 763 96 757 63 c 0
 749 21 714 9 694 9 c 0
 674 9 656 16 655 38 c 0
 654 58 660 150 660 186 c 2
 660 558 l 25
937 -144 m 18
 567 -144 l 17
 539 -139 515 -121 510 -96 c 9
 510 420 l 25
 510 420 589 404 621 369 c 24
 635 354 608 340 600 321 c 25
 600 -28 l 18
 600 -49 620 -63 636 -64 c 10
 897 -64 l 25
 972 57 l 25
 966 8 961 -39 957 -69 c 0
 955 -82 986 -77 983 -90 c 24
 976 -117 965 -144 937 -144 c 18
441 214 m 25
 813 384 l 25
 829 403 830 433 855 432 c 24
 888 431 905 409 924 381 c 24
 931 370 915 363 909 351 c 25
 909 131 l 18
 909 96 916 54 908 36 c 0
 901 20 879 6 861 -3 c 0
 836 -15 827 24 804 39 c 24
 774 58 756 66 726 84 c 17
 791 84 l 2
 810 84 822 97 822 124 c 10
 822 334 l 25
 441 164 l 25
 441 214 l 25
546 591 m 25
 861 591 l 25
 861 591 883 622 907 631 c 1
 926 624 950 596 969 570 c 1
 977 552 961 541 943 541 c 10
 546 541 l 25
 546 591 l 25
539 772 m 25
 539 772 613 753 651 724 c 24
 660 717 636 712 633 701 c 0
 622 653 613 619 590 570 c 24
 567 519 551 492 516 448 c 24
 493 419 475 405 444 386 c 1
 460 430 469 462 482 512 c 24
 501 584 510 625 526 698 c 24
 532 727 539 772 539 772 c 25
333 49 m 10
 333 326 l 25
 237 326 l 25
 237 376 l 25
 333 376 l 25
 349 389 355 414 375 409 c 24
 410 399 427 378 444 346 c 24
 451 333 431 328 423 316 c 25
 423 -29 l 18
 423 -80 380 -132 330 -155 c 0
 308 -165 301 -126 280 -110 c 24
 252 -89 234 -81 204 -62 c 25
 303 -62 l 18
 324 -62 333 -25 333 49 c 10
183 564 m 1
 183 772 l 9
 183 772 262 756 294 721 c 24
 308 706 281 692 273 673 c 17
 273 564 l 1
 183 564 l 1
258 546 m 1
 258 396 l 2
 258 281 258 253 253 192 c 0
 248 127 239 92 214 33 c 24
 193 -17 174 -43 138 -83 c 24
 104 -121 80 -143 36 -167 c 1
 73 -108 96 -66 123 4 c 24
 145 60 153 94 161 153 c 0
 168 208 168 265 168 337 c 18
 168 546 l 1
 258 546 l 1
42 586 m 25
 378 586 l 25
 378 586 400 617 424 626 c 1
 443 619 467 591 486 565 c 1
 494 547 478 536 460 536 c 10
 42 536 l 25
 42 586 l 25
EndSplineSet
EndChar
