Width: 1000
Flags: HW
TeX: 117 0
LayerCount: 2
Fore
SplineSet
636 -126 m 1
 636 267 l 9
 726 267 l 25
 726 -45 l 1
 726 -63 756 -81 756 -81 c 25
 849 -81 l 25
 860 -59 867 -47 876 -24 c 24
 890 11 896 31 909 66 c 25
 909 0 907 -37 918 -102 c 24
 921 -121 948 -125 945 -144 c 24
 942 -164 921 -164 906 -177 c 25
 690 -177 l 1
 665 -172 654 -144 636 -126 c 1
495 600 m 25
 585 600 l 25
 585 258 l 25
 495 258 l 25
 495 600 l 25
645 279 m 9
 645 618 l 25
 735 618 l 25
 735 279 l 25
 704.58 209.97 692.641 168.485 657 102 c 24
 631.548 54.5215 613.43 29.4325 579 -12 c 24
 544.103 -53.9951 520.693 -74.5909 480 -111 c 24
 453.842 -134.404 439.609 -149.74 408 -165 c 24
 370.659 -183.026 345.78 -183.3 306 -195 c 25
 376.2 -127.14 419.958 -92.9128 486 -21 c 24
 525.569 22.0869 548.605 47.3105 576 99 c 24
 611.207 165.428 627 189 645 279 c 9
417 288 m 25
 840 288 l 25
 840 288 863 324 888 333 c 1
 914 329 902 300 933 267 c 1
 941 249 924 238 906 238 c 9
 417 238 l 25
 417 288 l 25
426 648 m 25
 825 648 l 25
 825 648 848 684 873 693 c 1
 899 689 887 660 918 627 c 1
 926 609 909 598 891 598 c 9
 426 598 l 25
 426 648 l 25
321 195 m 25
 341 163 363 150 372 114 c 24
 375 102 356 104 345 99 c 24
 302 81 278 72 234 57 c 24
 197 44 175 39 138 27 c 25
 129 72 l 25
 321 195 l 25
111 296 m 25
 369 296 l 25
 369 246 l 25
 111 246 l 25
 111 296 l 25
114 475 m 25
 360 475 l 25
 360 425 l 25
 114 425 l 25
 114 475 l 25
114 657 m 25
 306 657 l 25
 322 670 328 695 348 690 c 24
 383 680 400 659 417 627 c 24
 424 614 404 609 396 597 c 25
 396 276 l 17
 388 247 382 225 351 222 c 1
 327 224 316 248 306 276 c 9
 306 607 l 25
 114 607 l 25
 114 657 l 25
78 687 m 25
 121 667 157 671 189 636 c 24
 203 621 176 607 168 588 c 25
 168 267 l 17
 160 238 154 216 123 213 c 1
 99 215 88 239 78 267 c 9
 78 687 l 25
78 -105 m 17
 78 258 l 25
 121.29 238.11 156.953 242.251 189 207 c 24
 202.745 191.881 176.19 177.72 168 159 c 25
 168 -27 l 1
 165 -49 204 -69 204 -69 c 25
 297 -69 l 25
 316.89 -47.9404 332.753 -39.6299 348 -15 c 24
 378.847 34.8301 388.26 67.3496 414 120 c 25
 403.47 50.9697 384.281 12.7754 387 -57 c 24
 387.985 -82.292 422.157 -85.7031 423 -111 c 24
 423.635 -130.035 402.87 -132.96 390 -147 c 25
 129 -147 l 1
 103 -144 78 -105 78 -105 c 17
195 795 m 25
 231 770 266 770 288 732 c 24
 299 713 273 700 258 684 c 24
 217 640 188 620 144 579 c 25
 126 606 l 25
 148 653 165 677 183 726 c 24
 192 752 190 768 195 795 c 25
EndSplineSet
EndChar
