Width: 1000
Flags: HW
TeX: 117 0
LayerCount: 2
Fore
SplineSet
837 408 m 25
 837 48 l 2
 837 27 846 -57 840 -90 c 0
 832 -132 797 -144 777 -144 c 0
 757 -144 739 -137 738 -115 c 0
 737 -95 747 -3 747 33 c 2
 747 408 l 25
 837 408 l 25
609 432 m 25
 870 432 l 25
 870 432 892 463 916 472 c 1
 935 465 959 437 978 411 c 1
 986 393 970 382 952 382 c 9
 609 382 l 25
 609 432 l 25
861 732 m 1
 861 732 922 675 936 627 c 24
 941 611 910 622 894 618 c 25
 618 582 l 25
 600 639 l 25
 600 639 710 660 777 684 c 24
 813 697 861 732 861 732 c 1
564 294 m 26
 564 666 l 25
 564 666 643 650 675 615 c 24
 689 600 662 586 654 567 c 25
 654 315 l 18
 654 220 647 154 612 60 c 24
 587 -6 556 -37 504 -84 c 24
 467 -117 447 -123 390 -138 c 1
 441 -87 453 -67 483 -15 c 24
 515 41 530 76 546 138 c 24
 562 197 564 233 564 294 c 26
30 144 m 25
 399 144 l 25
 399 144 421 175 445 184 c 1
 464 177 488 149 507 123 c 1
 515 105 499 94 481 94 c 9
 30 94 l 25
 30 144 l 25
108 392 m 25
 417 392 l 25
 417 342 l 25
 108 342 l 25
 108 392 l 25
105 271 m 25
 450 271 l 25
 450 221 l 25
 105 221 l 25
 105 271 l 25
105 510 m 25
 393 510 l 25
 409 523 415 548 435 543 c 24
 470 533 487 512 504 480 c 24
 511 467 491 462 483 450 c 25
 483 393 l 2
 483 372 492 288 486 255 c 0
 478 213 443 201 423 201 c 0
 403 201 385 208 384 230 c 0
 383 250 393 342 393 378 c 2
 393 460 l 25
 105 460 l 25
 105 510 l 25
57 543 m 25
 57 543 136 527 168 492 c 24
 182 477 155 463 147 444 c 25
 147 399 l 2
 147 378 156 294 150 261 c 0
 142 219 107 207 87 207 c 0
 67 207 49 214 48 236 c 0
 47 256 57 348 57 384 c 2
 57 543 l 25
222 765 m 25
 222 765 301 749 333 714 c 24
 347 699 320 685 312 666 c 25
 312 45 l 2
 312 24 321 -60 315 -93 c 0
 307 -135 272 -147 252 -147 c 0
 232 -147 214 -140 213 -118 c 0
 212 -98 222 -6 222 30 c 2
 222 765 l 25
42 639 m 25
 411 639 l 25
 411 639 433 670 457 679 c 1
 476 672 500 644 519 618 c 1
 527 600 511 589 493 589 c 9
 42 589 l 25
 42 639 l 25
EndSplineSet
EndChar
