Width: 1000
Flags: H
TeX: 117 0
LayerCount: 2
Fore
SplineSet
441 373 m 25
 825 373 l 25
 825 323 l 25
 441 323 l 25
 441 373 l 25
435 -13 m 25
 852 -13 l 25
 852 -63 l 25
 435 -63 l 25
 435 -13 l 25
426 732 m 25
 786 732 l 25
 802.38 744.87 807.891 770.435 828 765 c 24
 863.178 755.492 880.287 734.381 897 702 c 24
 903.55 689.309 884.19 683.7 876 672 c 25
 876 -99 l 17
 868 -128 862 -150 831 -153 c 1
 807 -151 796 -127 786 -99 c 9
 786 682 l 25
 426 682 l 25
 426 732 l 25
396 762 m 25
 439.29 742.11 474.953 746.251 507 711 c 24
 520.745 695.881 494.19 681.72 486 663 c 25
 486 -99 l 17
 478 -128 472 -150 441 -153 c 1
 417 -151 406 -127 396 -99 c 9
 396 762 l 25
96 759 m 25
 139 739 175 743 207 708 c 24
 221 693 194 679 186 660 c 25
 186 -96 l 17
 178 -125 172 -147 141 -150 c 1
 117 -148 106 -124 96 -96 c 9
 96 759 l 25
EndSplineSet
EndChar
