Width: 1000
Flags: H
TeX: 117 0
LayerCount: 2
Fore
SplineSet
456 695 m 25
 478 669 503 661 513 629 c 24
 517 615 495 616 483 608 c 25
 345 575 l 25
 345 614 l 25
 456 695 l 25
717 26 m 25
 754 5 783 3 813 -28 c 24
 844 -59 860 -84 867 -127 c 24
 871 -151 859 -170 837 -181 c 24
 818 -191 797 -185 783 -169 c 24
 760 -143 764 -118 753 -85 c 24
 738 -42 731 -17 717 26 c 25
132 -85 m 25
 804 -64 l 25
 822 -118 l 25
 698 -129 628 -135 504 -145 c 24
 391 -155 326 -157 213 -169 c 24
 198 -171 187 -192 177 -181 c 24
 148 -151 150 -122 132 -85 c 25
453 -103 m 25
 453 353 l 25
 496 333 532 337 564 302 c 24
 578 287 551 273 543 254 c 25
 543 -103 l 25
 453 -103 l 25
267 93 m 1
 705 93 l 1
 705 43 l 1
 267 43 l 1
 267 93 l 1
285 239 m 25
 657 239 l 25
 673 252 679 277 699 272 c 24
 734 262 751 241 768 209 c 24
 775 196 755 191 747 179 c 25
 747 77 l 17
 739 48 733 26 702 23 c 1
 678 25 667 49 657 77 c 9
 657 189 l 25
 285 189 l 25
 285 239 l 25
231 266 m 25
 274 246 310 250 342 215 c 24
 356 200 329 186 321 167 c 25
 321 62 l 17
 313 33 307 11 276 8 c 1
 252 10 241 34 231 62 c 9
 231 266 l 25
666 575 m 25
 703 552 725 539 762 515 c 24
 801 490 861 449 861 449 c 1
 861 449 825 435 804 422 c 24
 790 413 786 388 771 395 c 24
 738 410 733 437 708 464 c 24
 685 489 671 502 648 527 c 25
 666 575 l 25
822 698 m 25
 837 668 859 654 861 620 c 24
 862 606 841 613 828 608 c 25
 660 587 l 25
 660 629 l 25
 822 698 l 25
615 428 m 24
 581 399 558 392 510 383 c 9
 536 413 555 427 576 461 c 24
 600 501 621 533 624 572 c 9
 624 782 l 25
 667 762 703 766 735 731 c 24
 749 716 722 702 714 683 c 25
 714 557 l 17
 702 518 663 469 615 428 c 24
567 704 m 25
 579 665 597 645 597 605 c 24
 597 576 592 551 567 536 c 24
 547 524 518 529 510 551 c 24
 499 580 523 597 534 626 c 24
 546 657 554 674 567 704 c 25
357 560 m 25
 405 532 443 530 480 488 c 24
 498 468 498 439 480 419 c 24
 464 400 439 405 417 416 c 24
 396 427 401 449 387 467 c 24
 372 486 360 493 342 509 c 25
 357 560 l 25
228 692 m 25
 242 663 259 649 264 617 c 24
 269 585 268 563 252 536 c 24
 235 508 219 486 186 485 c 24
 162 484 146 509 147 533 c 24
 148 565 174 576 189 605 c 24
 206 638 213 658 228 692 c 25
294 548 m 9
 294 776 l 25
 337 756 373 760 405 725 c 24
 419 710 392 696 384 677 c 25
 384 554 l 17
 369 506 359 469 321 431 c 24
 281 391 242 391 192 365 c 25
 219 398 240 412 261 449 c 24
 281 485 294 509 294 548 c 9
819 330 m 25
 153 330 l 25
 153 380 l 25
 813 380 l 25
 835 392 848 422 870 410 c 24
 911 389 925 358 939 314 c 24
 944 300 921 299 909 290 c 25
 801 230 l 25
 819 330 l 25
153 422 m 25
 166 387 184 369 186 332 c 24
 188 298 181 276 162 248 c 24
 149 229 134 215 111 218 c 24
 87 221 67 236 66 260 c 24
 64 292 90 304 105 332 c 24
 124 367 134 387 153 422 c 25
EndSplineSet
EndChar
