Width: 1000
Flags: H
TeX: 117 0
LayerCount: 2
Fore
SplineSet
666 186 m 25
 717.48 162.6 754.482 162.11 798 126 c 24
 815.319 111.629 819.132 87.9561 807 69 c 24
 794.434 49.3652 772.18 43.8242 750 51 c 24
 724.762 59.165 722.162 81.7734 705 102 c 24
 689.395 120.392 681.21 131.28 666 150 c 25
 666 186 l 25
636 198 m 25
 636 312 l 25
 679.29 292.11 714.953 296.251 747 261 c 24
 760.745 245.881 734.19 231.72 726 213 c 25
 726 168 l 25
 703.77 141.09 697.898 118.576 669 99 c 24
 623.463 68.1523 590.31 64.2305 540 42 c 25
 568.08 73.5898 589.849 87.0039 612 123 c 24
 628.096 149.155 626.64 168.75 636 198 c 25
495 0 m 25
 741 0 l 25
 741 0 764 36 789 45 c 1
 815 41 803 12 834 -21 c 1
 842 -39 825 -50 807 -50 c 9
 495 -50 l 25
 495 0 l 25
474 231 m 25
 517.29 211.11 552.953 215.251 585 180 c 24
 598.745 164.881 572.19 150.72 564 132 c 25
 564 -54 l 17
 556 -83 550 -105 519 -108 c 1
 495 -106 484 -82 474 -54 c 9
 474 231 l 25
855 -21 m 25
 855 286 l 25
 549 286 l 25
 549 336 l 25
 855 336 l 25
 871.38 348.87 876.891 374.435 897 369 c 24
 932.178 359.492 949.287 338.381 966 306 c 24
 972.55 293.309 953.19 287.7 945 276 c 25
 945 -30 l 17
 936 -69 925.104 -101.466 897 -138 c 24
 876.424 -164.749 858.693 -187.926 825 -186 c 24
 800.359 -184.592 809.452 -149.452 792 -132 c 24
 772.266 -112.266 755.4 -108.21 732 -93 c 25
 819 -93 l 25
 831.87 -78.96 843.482 -74.0352 852 -57 c 24
 858.301 -44.3984 853.83 -35.04 855 -21 c 25
591 306 m 24
 555.386 258.138 537.218 227.13 489 192 c 24
 452.806 165.63 426 165 381 153 c 9
 417.27 197.46 441.282 219.864 474 267 c 24
 510.499 319.583 527.021 351.987 558 408 c 24
 565.711 421.942 567.15 431.18 573 446 c 25
 678 446 l 25
 644.07 391.4 629.375 357.573 591 306 c 24
501 480 m 1
 834 480 l 1
 834 430 l 1
 501 430 l 1
 501 480 l 1
513 623 m 1
 840 623 l 1
 840 573 l 1
 513 573 l 1
 513 623 l 1
510 753 m 25
 783 753 l 25
 799.38 765.87 804.891 791.435 825 786 c 24
 860.178 776.492 877.287 755.381 894 723 c 24
 900.55 710.309 881.19 704.7 873 693 c 25
 873 443 l 17
 865 414 859 392 828 389 c 1
 804 391 793 415 783 443 c 9
 783 703 l 25
 510 703 l 25
 510 753 l 25
474 792 m 25
 517.29 772.11 552.953 776.251 585 741 c 24
 598.745 725.881 572.19 711.72 564 693 c 25
 564 443 l 17
 556 414 550 392 519 389 c 1
 495 391 484 415 474 443 c 9
 474 792 l 25
309 171 m 25
 339.42 140.58 360.677 127.027 387 93 c 24
 409.111 64.417 432 48.1377 432 12 c 24
 432 -18.1943 415.545 -41.1572 387 -51 c 24
 367.307 -57.791 354.102 -36.7383 345 -18 c 24
 332.637 7.45508 341.295 26.2012 336 54 c 24
 327.237 100.002 319.53 125.37 309 171 c 25
57 27 m 25
 117.84 35.1904 152.602 37.0186 213 48 c 24
 268.565 58.1025 299.01 68.1299 354 81 c 25
 372 45 l 25
 283.08 0.540039 232.086 -22.9082 144 -69 c 24
 131.346 -75.6211 123.591 -100.583 114 -90 c 24
 79.916 -52.3896 79.2305 -18.6299 57 27 c 25
180 0 m 25
 180 738 l 25
 223 718 259 722 291 687 c 24
 305 672 278 658 270 639 c 25
 270 0 l 25
 180 0 l 25
81 247 m 1
 339 247 l 1
 339 197 l 1
 81 197 l 1
 81 247 l 1
93 531 m 25
 309 531 l 25
 325.38 543.87 330.891 569.435 351 564 c 24
 386.178 554.492 403.287 533.381 420 501 c 24
 426.55 488.309 407.19 482.7 399 471 c 25
 399 219 l 17
 391 190 385 168 354 165 c 1
 330 167 319 191 309 219 c 9
 309 481 l 25
 93 481 l 25
 93 531 l 25
54 561 m 25
 97.29 541.11 132.953 545.251 165 510 c 24
 178.745 494.881 152.19 480.72 144 462 c 25
 144 198 l 17
 136 169 130 147 99 144 c 1
 75 146 64 170 54 198 c 9
 54 561 l 25
EndSplineSet
EndChar
