Width: 1000
Flags: H
TeX: 117 0
LayerCount: 2
Fore
SplineSet
813 177 m 25
 848.1 157.11 873.548 153.572 903 126 c 24
 930.252 100.487 942.195 80.4141 954 45 c 24
 959.66 28.0205 954.421 15.2179 945 0 c 24
 937.818 -11.6016 928.357 -20.7828 915 -18 c 24
 894.606 -13.751 883.947 -2.72334 873 15 c 24
 858.219 38.9316 861.77 57.6221 852 84 c 24
 838.34 120.882 828.21 140.73 813 177 c 25
678 201 m 25
 707.25 177.6 730.735 171.123 753 141 c 24
 772.134 115.113 784.199 94.916 780 63 c 24
 777.186 41.6104 759.51 28.6543 738 27 c 24
 719.777 25.5986 708.988 40.1123 702 57 c 24
 693.5 77.541 705.654 92.0723 702 114 c 24
 696.214 148.719 687.36 167.07 678 201 c 25
549 -108 m 9
 549 231 l 25
 592.29 211.11 627.953 215.251 660 180 c 24
 673.745 164.881 647.19 150.72 639 132 c 25
 639 -36 l 17
 640.54 -54.4443 658.006 -61.5547 675 -69 c 9
 768 -69 l 25
 776.19 -42.0898 780.554 -26.83 789 0 c 24
 800.444 36.3516 807.3 56.7305 819 93 c 25
 830.7 33.3301 849 -60 849 -60 c 1
 849 -60 899.025 -80.7031 900 -108 c 24
 900.835 -131.385 879 -138 852 -144 c 9
 609 -144 l 17
 586.8 -139.119 563.602 -137.467 549 -108 c 9
471 141 m 25
 492.06 103.56 511.416 85.752 525 45 c 24
 533.14 20.5811 536.944 1.80159 525 -21 c 24
 508.858 -51.8154 493.313 -75.2811 459 -81 c 24
 436.15 -84.8086 417 -62.165 417 -39 c 24
 417 -6.49121 449.659 1.86244 459 33 c 24
 471.178 73.5918 466.32 98.8799 471 141 c 25
744 663 m 25
 783.78 653.64 811.997 661.669 846 639 c 24
 857.883 631.078 833.19 620.7 825 609 c 25
 810.96 587.94 803.66 575.633 789 555 c 24
 772.059 531.156 761.55 518.4 744 495 c 25
 708 495 l 25
 744 663 l 25
477 657 m 25
 502.74 632.43 525.346 624.895 543 594 c 24
 559.622 564.91 571.045 541.962 561 510 c 24
 554.551 489.479 531.441 487.285 510 489 c 24
 495.956 490.123 489.509 502.355 486 516 c 24
 478.419 545.483 484.939 563.619 483 594 c 24
 481.428 618.631 479.34 632.43 477 657 c 25
627 489 m 25
 705 489 l 25
 740.1 458.58 755.774 435.875 795 411 c 24
 852.444 374.572 890.16 363.42 951 333 c 25
 936.96 314.28 931.231 301.856 915 285 c 24
 900.551 269.995 892.763 245.412 873 252 c 24
 824.81 268.063 807.582 297.756 771 333 c 24
 711.373 390.446 683.16 428.16 627 489 c 25
627 426 m 25
 609.45 402.6 602.397 386.964 582 366 c 24
 559.955 343.343 547.778 328.081 519 315 c 24
 456.348 286.521 416.52 282.06 351 261 c 25
 390.78 293.76 414.868 310.335 453 345 c 24
 492.179 380.617 515.924 399.654 549 441 c 24
 563.396 458.996 563.64 473.94 573 495 c 25
 627 495 l 25
 627 426 l 25
399 519 m 25
 807 519 l 25
 836 547 845 579 870 588 c 1
 896 584 938 531 969 498 c 1
 977 480 960 469 942 469 c 9
 399 469 l 25
 399 519 l 25
687 657 m 25
 687 291 l 17
 679 262 673 240 642 237 c 1
 618 239 607 263 597 291 c 9
 597 657 l 25
 687 657 l 25
363 639 m 25
 435.54 656.55 476.235 667.405 549 684 c 24
 609.63 697.828 644.203 703.925 705 717 c 24
 753.015 727.326 828 744 828 744 c 1
 828 744 877.006 712.805 891 681 c 24
 896.075 669.466 872.7 673.68 861 669 c 25
 800.16 661.98 766.133 654.683 705 651 c 24
 571.779 642.975 496.38 643.68 363 639 c 25
99 250 m 1
 339 250 l 1
 339 200 l 1
 99 200 l 1
 99 250 l 1
93 513 m 25
 294 513 l 25
 310.38 525.87 315.89 551.435 336 546 c 24
 371.178 536.492 388.287 515.381 405 483 c 24
 411.55 470.309 392.19 464.7 384 453 c 25
 384 237 l 17
 376 208 370 186 339 183 c 1
 315 185 304 209 294 237 c 9
 294 463 l 25
 93 463 l 25
 93 513 l 25
48 543 m 25
 91 523 127 527 159 492 c 24
 173 477 146 463 138 444 c 25
 138 201 l 17
 130 172 124 150 93 147 c 1
 69 149 58 173 48 201 c 9
 48 543 l 25
291 153 m 25
 312.06 143.64 327.599 144.111 345 129 c 24
 373.282 104.439 386.744 86.7081 405 54 c 24
 415.515 35.1621 422.373 20.8937 417 0 c 24
 410.765 -24.25 402.291 -44.9272 378 -51 c 24
 357.537 -56.1152 342.926 -39.6112 333 -21 c 24
 321.975 -0.327148 335.497 16.2247 330 39 c 24
 318.975 84.6777 306.21 108.54 291 153 c 25
81 -51 m 24
 69.3525 -53.5879 56.8497 -67.3994 51 -57 c 24
 30.9648 -21.3818 36.3604 5.21973 27 45 c 25
 80.8203 45 111.321 41.0961 165 45 c 24
 240.264 50.4736 282.12 59.6396 357 69 c 25
 381 27 l 25
 315.48 8.28027 278.949 -3.85322 213 -21 c 24
 161.906 -34.2842 132.536 -39.5475 81 -51 c 24
168 21 m 25
 168 669 l 25
 211 649 247 653 279 618 c 24
 293 603 266 589 258 570 c 25
 258 21 l 25
 168 21 l 25
EndSplineSet
EndChar
