Width: 1000
Flags: H
TeX: 117 0
LayerCount: 2
Fore
SplineSet
726 26 m 1
 912 26 l 1
 912 -24 l 1
 726 -24 l 1
 726 26 l 1
729 591 m 25
 867 591 l 25
 883.38 603.87 888.891 629.435 909 624 c 24
 944.178 614.492 961.287 593.381 978 561 c 24
 984.55 548.309 965.19 542.7 957 531 c 25
 957 -27 l 17
 949 -56 943 -78 912 -81 c 1
 888 -79 877 -55 867 -27 c 9
 867 541 l 25
 729 541 l 25
 729 591 l 25
693 630 m 25
 736.29 610.11 771.953 614.251 804 579 c 24
 817.745 563.881 791.19 549.72 783 531 c 25
 783 -57 l 17
 775 -86 769 -108 738 -111 c 1
 714 -109 703 -85 693 -57 c 9
 693 630 l 25
543 132 m 25
 581.61 107.43 610.959 102.628 642 69 c 24
 669.33 39.3926 689.741 16.1992 687 -24 c 24
 685.232 -49.918 658.917 -64.7874 633 -63 c 24
 611.288 -61.5029 611.823 -36.2717 600 -18 c 24
 586.046 3.56543 579.53 16.5772 567 39 c 24
 557.297 56.3633 552.36 66.4502 543 84 c 25
 543 132 l 25
489 120 m 25
 489 561 l 25
 579 561 l 25
 579 72 l 25
 553.26 35.7305 543.742 11.1396 513 -21 c 24
 465.982 -70.1553 441.018 -102.99 381 -135 c 24
 332.402 -160.919 296.82 -153.3 243 -165 c 25
 283.95 -135.75 311.428 -124.568 348 -90 c 24
 397.434 -43.2754 424.083 -14.4725 462 42 c 24
 479.944 68.7256 478.47 89.5801 489 120 c 25
411 324 m 25
 609 324 l 25
 609 324 632 360 657 369 c 1
 683 365 671 336 702 303 c 1
 710 285 693 274 675 274 c 9
 411 274 l 25
 411 324 l 25
459 567 m 25
 600 567 l 25
 600 567 623 603 648 612 c 1
 674 608 662 579 693 546 c 1
 701 528 684 517 666 517 c 9
 459 517 l 25
 459 567 l 25
450 759 m 25
 492.12 740.28 523.795 741.895 558 711 c 24
 569.287 700.805 548.85 689.04 543 675 c 25
 525.45 625.86 516.466 597.803 498 549 c 24
 483.698 511.203 480.294 487.346 459 453 c 24
 443.306 427.688 426.06 420.06 405 399 c 25
 417.87 485.58 427.143 534.144 438 621 c 24
 444.701 674.605 445.32 705.18 450 759 c 25
315 138 m 25
 351.27 113.43 385.461 112.565 408 75 c 24
 428.502 40.8301 432.695 8.19135 414 -27 c 24
 403.513 -46.7402 371.31 -38.1717 357 -21 c 24
 335.552 4.73828 347.557 30.6074 339 63 c 24
 331.156 92.6924 324.36 108.75 315 138 c 25
132 -75 m 24
 115.995 -81.8105 108 -105 90 -90 c 0
 51.4031 -57.8359 53.4004 -20.46 30 24 c 25
 99.0303 33.3604 138.27 36.65 207 48 c 24
 265.861 57.7207 298.5 66.2998 357 78 c 25
 372 30 l 25
 278.4 -10.9502 226.009 -34.9962 132 -75 c 24
183 0 m 25
 183 702 l 25
 226 682 262 686 294 651 c 24
 308 636 281 622 273 603 c 25
 273 0 l 25
 183 0 l 25
108 265 m 1
 339 265 l 1
 339 215 l 1
 108 215 l 1
 108 265 l 1
102 543 m 25
 309 543 l 25
 325.38 555.87 330.89 581.435 351 576 c 24
 386.178 566.492 403.287 545.381 420 513 c 24
 426.55 500.309 407.19 494.7 399 483 c 25
 399 240 l 17
 391 211 385 189 354 186 c 1
 330 188 319 212 309 240 c 9
 309 493 l 25
 102 493 l 25
 102 543 l 25
54 579 m 25
 97.29 559.11 132.953 563.251 165 528 c 24
 178.745 512.881 152.19 498.72 144 480 c 25
 144 210 l 17
 136 181 130 159 99 156 c 1
 75 158 64 182 54 210 c 9
 54 579 l 25
EndSplineSet
EndChar
