Width: 1000
Flags: H
TeX: 117 0
LayerCount: 2
Fore
SplineSet
651 249 m 25
 694 229 730 233 762 198 c 24
 776 183 749 169 741 150 c 25
 741 -135 l 17
 733 -164 727 -186 696 -189 c 1
 672 -187 661 -163 651 -135 c 9
 651 249 l 25
483 93 m 25
 483 255 l 25
 526.29 235.11 561.953 239.251 594 204 c 24
 607.745 188.881 581.19 174.72 573 156 c 25
 573 57 l 17
 561 12 560.198 -8.3918 540 -45 c 24
 521.976 -77.6689 504.959 -92.292 477 -117 c 24
 454.138 -137.203 439.753 -148.797 411 -159 c 24
 366.021 -174.96 337.8 -173.64 291 -183 c 25
 321.42 -157.26 340.822 -145.178 369 -117 c 24
 403.011 -82.9893 427.053 -66.2714 450 -24 c 24
 472.619 17.667 470.13 47.3701 483 93 c 25
381 129 m 25
 798 129 l 25
 798 129 821 165 846 174 c 1
 872 170 860 141 891 108 c 1
 899 90 882 79 864 79 c 9
 381 79 l 25
 381 129 l 25
573 399 m 25
 651 399 l 25
 686.1 369.75 702.75 348.99 741 324 c 24
 790.954 291.363 821.842 277.048 876 252 c 24
 915.648 233.663 940.05 228.21 981 213 c 25
 959.94 198.96 942.638 196.902 927 177 c 24
 915.078 161.827 934.2 127.08 915 129 c 24
 867.056 133.795 846.766 161.792 807 189 c 24
 757.537 222.844 731.605 244.97 687 285 c 24
 640.205 326.995 617.46 354.54 573 399 c 25
435 183 m 24
 405.322 155.996 376.44 160.43 339 146 c 25
 372.93 193.19 394.417 218.208 426 267 c 24
 455.335 312.319 472.543 337.907 495 387 c 24
 523.027 448.268 531.6 485.82 555 549 c 25
 592.44 530.28 623.758 532.782 651 501 c 24
 661.981 488.188 636.36 479.04 627 465 c 25
 601.26 419.37 590.484 391.305 561 348 c 24
 515.433 281.072 494.887 237.491 435 183 c 24
357 423 m 25
 789 423 l 25
 818 451 827 483 852 492 c 1
 878 488 920 435 951 402 c 1
 959 384 942 373 924 373 c 9
 357 373 l 25
 357 423 l 25
651 783 m 25
 694.29 763.11 729.953 767.251 762 732 c 24
 775.745 716.881 749.19 702.72 741 684 c 25
 741 564 l 17
 733 535 727 513 696 510 c 1
 672 512 661 536 651 564 c 9
 651 783 l 25
429 783 m 25
 472 763 508 767 540 732 c 24
 554 717 527 703 519 684 c 25
 519 555 l 17
 511 526 505 504 474 501 c 1
 450 503 439 527 429 555 c 9
 429 783 l 25
309 645 m 25
 807 645 l 25
 836 673 845 705 870 714 c 1
 896 710 938 657 969 624 c 1
 977 606 960 595 942 595 c 9
 309 595 l 25
 309 645 l 25
273 99 m 25
 303.42 80.2803 325.743 76.2567 351 51 c 24
 376.257 25.7432 388.6 7.1708 399 -27 c 24
 405.848 -49.498 404.85 -66.6864 393 -87 c 24
 385.543 -99.7832 371.278 -102.894 357 -99 c 24
 341.037 -94.6465 332.655 -84.5504 327 -69 c 24
 317.769 -43.6143 329.266 -25.7159 321 0 c 24
 307.869 40.8506 291.72 60.3896 273 99 c 25
111 -123 m 24
 95.1787 -127.844 79.6702 -141.646 69 -129 c 24
 41.5361 -96.4502 45.21 -66.7803 30 -27 c 25
 94.3496 -22.3203 130.725 -20.6163 195 -15 c 24
 251.25 -10.085 282.84 -5.84961 339 0 c 25
 363 -39 l 25
 264.72 -71.7598 210.059 -92.6759 111 -123 c 24
177 -45 m 25
 177 765 l 25
 220 745 256 749 288 714 c 24
 302 699 275 685 267 666 c 25
 267 -45 l 25
 177 -45 l 25
105 196 m 1
 339 196 l 1
 339 146 l 1
 105 146 l 1
 105 196 l 1
93 543 m 25
 297 543 l 25
 313.38 555.87 318.89 581.435 339 576 c 24
 374.178 566.492 391.287 545.381 408 513 c 24
 414.55 500.309 395.19 494.7 387 483 c 25
 387 177 l 17
 379 148 373 126 342 123 c 1
 318 125 307 149 297 177 c 9
 297 493 l 25
 93 493 l 25
 93 543 l 25
57 585 m 25
 100 565 136 569 168 534 c 24
 182 519 155 505 147 486 c 25
 147 129 l 17
 139 100 133 78 102 75 c 1
 78 77 67 101 57 129 c 9
 57 585 l 25
EndSplineSet
EndChar
