Width: 1000
Flags: H
TeX: 117 0
LayerCount: 2
Fore
SplineSet
594 90 m 1
 738 90 l 1
 738 40 l 1
 594 40 l 1
 594 90 l 1
591 230 m 25
 702 230 l 25
 718.38 242.87 723.891 268.435 744 263 c 24
 779.178 253.492 796.287 232.381 813 200 c 24
 819.55 187.309 800.19 181.7 792 170 c 25
 792 62 l 17
 784 33 778 11 747 8 c 1
 723 10 712 34 702 62 c 9
 702 180 l 25
 591 180 l 25
 591 230 l 25
555 263 m 25
 598 243 634 247 666 212 c 24
 680 197 653 183 645 164 c 25
 645 32 l 17
 637 3 631 -19 600 -22 c 1
 576 -20 565 4 555 32 c 9
 555 263 l 25
840 -24 m 25
 840 286 l 25
 438 286 l 25
 438 336 l 25
 840 336 l 25
 856.38 348.87 861.891 374.435 882 369 c 24
 917.178 359.492 934.287 338.381 951 306 c 24
 957.55 293.309 938.19 287.7 930 276 c 25
 930 -78 l 17
 918 -102 902.275 -135 870 -135 c 24
 843.707 -135 852.068 -97.1007 834 -78 c 24
 810.518 -53.1758 791.91 -45.0596 765 -24 c 25
 840 -24 l 25
600 580 m 1
 759 580 l 1
 759 530 l 1
 600 530 l 1
 600 580 l 1
588 306 m 25
 588 603 l 25
 631 583 667 587 699 552 c 24
 713 537 686 523 678 504 c 25
 678 306 l 25
 588 306 l 25
723 303 m 25
 723 664 l 25
 465 664 l 25
 465 714 l 25
 723 714 l 25
 739.38 726.87 744.891 752.435 765 747 c 24
 800.178 737.492 817.287 716.381 834 684 c 24
 840.55 671.309 821.19 665.7 813 654 c 25
 813 303 l 25
 723 303 l 25
414 357 m 25
 457.29 337.11 492.953 341.251 525 306 c 24
 538.745 290.881 512.19 276.72 504 258 c 25
 504 -84 l 17
 496 -113 490 -135 459 -138 c 1
 435 -136 424 -112 414 -84 c 9
 414 357 l 25
447 324 m 25
 447 741 l 25
 490.29 721.11 525.953 725.251 558 690 c 24
 571.745 674.881 545.19 660.72 537 642 c 25
 537 324 l 25
 447 324 l 25
297 168 m 25
 327.42 142.26 352.02 134.555 375 102 c 24
 395.697 72.6787 407.336 50.8145 405 15 c 24
 403.37 -9.98633 390.649 -31.5983 366 -36 c 24
 343.875 -39.9512 331.613 -19.8115 321 0 c 24
 312.16 16.501 323.647 29.4678 321 48 c 24
 314.25 95.2471 306.36 121.2 297 168 c 25
33 15 m 25
 87.9902 25.5303 119.382 29.6842 174 42 c 24
 238.775 56.6064 274.65 67.6201 339 84 c 25
 363 36 l 25
 270.57 -3.78027 218.592 -26.5991 126 -66 c 24
 108.607 -73.4014 95.2536 -96.4144 81 -84 c 24
 48.6436 -55.8184 51.7197 -23.6104 33 15 c 25
156 0 m 25
 156 768 l 25
 199 748 235 752 267 717 c 24
 281 702 254 688 246 669 c 25
 246 0 l 25
 156 0 l 25
51 296 m 1
 348 296 l 1
 348 246 l 1
 51 246 l 1
 51 296 l 1
60 573 m 25
 282 573 l 25
 298 586 304 611 324 606 c 24
 359 596 376 575 393 543 c 24
 400 530 380 525 372 513 c 25
 372 264 l 17
 364 235 358 213 327 210 c 1
 303 212 292 236 282 264 c 9
 282 523 l 25
 60 523 l 25
 60 573 l 25
21 606 m 25
 64.29 586.11 99.9534 590.251 132 555 c 24
 145.745 539.881 119.19 525.72 111 507 c 25
 111 234 l 17
 103 205 97 183 66 180 c 1
 42 182 31 206 21 234 c 9
 21 606 l 25
EndSplineSet
EndChar
