Width: 1000
Flags: H
TeX: 117 0
LayerCount: 2
Fore
SplineSet
648 165 m 25
 699 165 l 25
 727.08 140.43 741.346 124.645 771 102 c 24
 805.817 75.4121 825.056 59.0623 864 39 c 24
 902.834 18.9951 928.05 15.21 969 0 c 25
 942.09 -17.5498 923.487 -23.0793 900 -45 c 24
 887.371 -56.7871 896.088 -81.4685 879 -84 c 24
 853.617 -87.7607 838.842 -73.2704 819 -57 c 24
 779.315 -24.459 760.317 -1.65739 729 39 c 24
 693.352 85.2803 679.59 115.86 648 165 c 25
534 156 m 25
 645 156 l 25
 632.13 133.77 629.327 117.962 612 99 c 24
 566.765 49.4971 539.564 22.3466 486 -18 c 24
 448.782 -46.0342 424.628 -58.6395 381 -75 c 24
 330.251 -94.0312 298.65 -95.1299 246 -108 c 25
 292.8 -74.0703 321.208 -57.5405 366 -21 c 24
 410.274 15.1191 434.664 36.5567 474 78 c 24
 500.421 105.836 510.6 125.58 534 156 c 25
600 315 m 25
 643 295 679 299 711 264 c 24
 725 249 698 235 690 216 c 25
 690 -102 l 17
 682 -131 676 -153 645 -156 c 1
 621 -154 610 -130 600 -102 c 9
 600 315 l 25
429 183 m 25
 843 183 l 25
 843 183 866 219 891 228 c 1
 917 224 905 195 936 162 c 1
 944 144 927 133 909 133 c 9
 429 133 l 25
 429 183 l 25
723 783 m 25
 766.29 763.11 801.953 767.251 834 732 c 24
 847.745 716.881 821.19 702.72 813 684 c 25
 813 452 l 17
 805 423 799 401 768 398 c 1
 744 400 733 424 723 452 c 9
 723 783 l 25
618 480 m 1
 768 480 l 1
 768 430 l 1
 618 430 l 1
 618 480 l 1
582 789 m 25
 625.29 769.11 660.953 773.251 693 738 c 24
 706.745 722.881 680.19 708.72 672 690 c 25
 672 425 l 17
 664 396 658 374 627 371 c 1
 603 373 592 397 582 425 c 9
 582 789 l 25
465 330 m 25
 813 330 l 25
 813 330 836 366 861 375 c 1
 887 371 875 342 906 309 c 1
 914 291 897 280 879 280 c 9
 465 280 l 25
 465 330 l 25
417 774 m 25
 460 754 496 758 528 723 c 24
 542 708 515 694 507 675 c 25
 507 306 l 17
 499 277 493 255 462 252 c 1
 438 254 427 278 417 306 c 9
 417 774 l 25
330 630 m 25
 819 630 l 25
 819 630 857 690 882 699 c 1
 908 695 950 642 981 609 c 1
 989 591 972 580 954 580 c 9
 330 580 l 25
 330 630 l 25
87 304 m 1
 321 304 l 1
 321 254 l 1
 87 254 l 1
 87 304 l 1
306 183 m 17
 366 168 385.591 147.577 417 105 c 24
 441.937 71.1963 451.885 40.5712 441 0 c 24
 434.959 -22.5156 403.098 -31.3683 384 -18 c 24
 356.055 1.56152 363.341 31.1991 351 63 c 24
 332.918 109.597 323.55 136.2 306 183 c 17
111 -66 m 24
 95.8047 -72.7539 87.9772 -106.303 78 -93 c 24
 44.4727 -48.2969 48.7197 -10.6504 30 42 c 25
 87.3301 45.5098 119.939 44.4355 177 51 c 24
 252.292 59.6621 294.12 69.2998 369 81 c 25
 402 48 l 25
 338.82 21.0898 303.94 4.04883 240 -21 c 24
 190.388 -40.4355 159.691 -44.3597 111 -66 c 24
158 0 m 25
 158 768 l 25
 201.29 748.11 236.953 752.251 269 717 c 24
 282.745 701.881 256.19 687.72 248 669 c 25
 248 0 l 25
 158 0 l 25
87 552 m 25
 291 552 l 25
 307.38 564.87 312.89 590.435 333 585 c 24
 368.178 575.492 385.287 554.381 402 522 c 24
 408.55 509.309 389.19 503.7 381 492 c 25
 381 261 l 17
 373 232 367 210 336 207 c 1
 312 209 301 233 291 261 c 9
 291 502 l 25
 87 502 l 25
 87 552 l 25
24 588 m 25
 67.29 568.11 102.953 572.251 135 537 c 24
 148.745 521.881 122.19 507.72 114 489 c 25
 114 258 l 17
 106 229 100 207 69 204 c 1
 45 206 34 230 24 258 c 9
 24 588 l 25
EndSplineSet
EndChar
