Width: 1000
Flags: HW
LayerCount: 2
Fore
SplineSet
678 789 m 25
 678 789 744 771 773 741 c 24
 783 731 762 723 755 711 c 25
 730 681 718 662 692 633 c 24
 657 594 645 570 597 537 c 9
 620 606 635 645 657 714 c 24
 666 743 678 789 678 789 c 25
373 792 m 1
 427 765 458 748 498 703 c 24
 523 675 530 651 533 614 c 24
 535 593 528 576 510 565 c 24
 495 555 480 561 465 570 c 24
 449 580 444 592 438 609 c 0
 426 644 424 666 411 702 c 24
 398 738 392 755 373 792 c 1
162 765 m 1
 204 752 233 740 267 708 c 24
 293 683 305 660 309 624 c 24
 312 599 306 576 283 564 c 24
 265 554 246 568 234 585 c 24
 211 620 214 650 201 687 c 0
 190 720 184 732 162 765 c 1
534 525 m 25
 534 -87 l 17
 526 -116 520 -138 489 -141 c 1
 465 -139 454 -115 444 -87 c 9
 444 525 l 25
 534 525 l 25
222 188 m 1
 755 188 l 1
 755 138 l 1
 222 138 l 1
 222 188 l 1
229 362 m 1
 737 362 l 1
 737 312 l 1
 229 312 l 1
 229 362 l 1
699 63 m 10
 699 499 l 25
 211 499 l 25
 211 549 l 25
 699 549 l 25
 715 562 721 587 741 582 c 24
 776 572 793 551 810 519 c 24
 817 506 797 501 789 489 c 25
 789 66 l 26
 789 29 792 7 807 -27 c 24
 817 -49 833 -54 849 -72 c 25
 942 54 l 25
 934 -3 922 -35 921 -93 c 24
 921 -109 945 -114 939 -129 c 24
 930 -151 915 -163 891 -168 c 24
 863 -174 844 -170 819 -156 c 24
 786 -138 771 -120 747 -90 c 16
 720 -56 699 11 699 63 c 10
189 84 m 26
 189 585 l 25
 189 585 268 569 300 534 c 24
 314 519 287 505 279 486 c 25
 279 81 l 18
 279 42 276 -52 189 -123 c 8
 144 -155 117 -168 57 -183 c 1
 105 -141 132 -110 160 -54 c 24
 185 -3 189 29 189 84 c 26
EndSplineSet
EndChar
