Width: 1000
Flags: H
TeX: 117 0
LayerCount: 2
Fore
SplineSet
585 -37 m 1
 864 -37 l 1
 864 -87 l 1
 585 -87 l 1
 585 -37 l 1
579 180 m 25
 801 180 l 25
 817 193 823 218 843 213 c 24
 878 203 895 182 912 150 c 24
 919 137 899 132 891 120 c 25
 891 -57 l 17
 883 -86 877 -108 846 -111 c 1
 822 -109 811 -85 801 -57 c 9
 801 130 l 25
 579 130 l 25
 579 180 l 25
537 210 m 25
 580 190 616 194 648 159 c 24
 662 144 635 130 627 111 c 25
 627 -75 l 17
 619 -104 613 -126 582 -129 c 1
 558 -127 547 -103 537 -75 c 9
 537 210 l 25
519 282 m 25
 907 282 l 25
 907 282 930 318 955 327 c 1
 981 323 969 294 1000 261 c 1
 1008 243 991 232 973 232 c 9
 519 232 l 25
 519 282 l 25
654 663 m 25
 741 663 l 25
 663 258 l 25
 585 258 l 25
 654 663 l 25
777 267 m 25
 777 451 l 25
 540 451 l 25
 540 501 l 25
 777 501 l 25
 793 514 799 539 819 534 c 24
 854 524 871 503 888 471 c 24
 895 458 875 453 867 441 c 25
 867 267 l 25
 777 267 l 25
525 690 m 25
 828 690 l 25
 828 690 851 726 876 735 c 1
 902 731 890 702 921 669 c 1
 929 651 912 640 894 640 c 9
 525 640 l 25
 525 690 l 25
330 90 m 25
 353.4 80.6396 370.203 81.5976 390 66 c 24
 410.405 49.9229 426.498 37.8574 429 12 c 24
 430.849 -7.10059 417.88 -23.5673 399 -27 c 24
 381.733 -30.1396 374.113 -13.583 363 0 c 24
 352.393 12.9648 353.505 24.5674 345 39 c 24
 340.511 46.6172 335.85 49.3701 330 56 c 25
 330 90 l 25
294 87 m 9
 294 198 l 25
 337 178 373 182 405 147 c 24
 419 132 392 118 384 99 c 25
 384 72 l 17
 381 53 348 29 318 10 c 24
 295 -4 279 -10 251 -13 c 1
 264 8 270 20 280 42 c 24
 287 59 292 72 294 87 c 9
222 81 m 25
 248 61 271 58 289 30 c 24
 300 14 299 -4 287 -19 c 24
 279 -30 263 -27 251 -20 c 24
 239 -12 241 1 233 13 c 24
 223 28 215 34 204 48 c 25
 222 81 l 25
175 90 m 25
 175 207 l 25
 218 187 254 191 286 156 c 24
 300 141 273 127 265 108 c 25
 265 87 l 17
 254 60 233 43 206 22 c 24
 180 1 160 -2 130 -18 c 25
 143 5 153 17 163 42 c 24
 170 60 170 71 175 90 c 25
327 342 m 25
 327 372 l 25
 350.4 361.47 367.192 361.312 387 345 c 24
 408.315 327.446 429 315.613 429 288 c 24
 429 269.135 405.731 261.752 387 264 c 24
 368.929 266.169 365.098 282.573 354 297 c 24
 341.521 313.223 337.53 324.45 327 342 c 25
288 360 m 25
 288 468 l 25
 331 448 367 452 399 417 c 24
 413 402 386 388 378 369 c 25
 378 359 l 25
 355 338 346 322 320 304 c 24
 295 287 279 277 249 270 c 1
 265 290 270 298 279 318 c 24
 286 333 284 344 288 360 c 25
198 339 m 25
 219 396 l 25
 242 374 263 367 279 339 c 24
 290 321 296 303 285 285 c 24
 276 271 257 274 243 282 c 24
 227 291 230 308 219 322 c 24
 212 330 206 332 198 339 c 25
165 390 m 25
 165 483 l 25
 208 463 244 467 276 432 c 24
 290 417 263 403 255 384 c 25
 255 369 l 17
 245 345 223 322 195 300 c 24
 169 280 149 278 120 264 c 25
 131 287 138 300 147 324 c 24
 156 349 158 364 165 390 c 25
108 257 m 1
 441 257 l 1
 441 207 l 1
 108 207 l 1
 108 257 l 1
108 -26 m 1
 456 -26 l 1
 456 -76 l 1
 108 -76 l 1
 108 -26 l 1
489 483 m 25
 489 -66 l 17
 481 -95 475 -117 444 -120 c 1
 420 -118 409 -94 399 -66 c 9
 399 483 l 25
 489 483 l 25
141 480 m 25
 141 -81 l 17
 133 -110 127 -132 96 -135 c 1
 72 -133 61 -109 51 -81 c 9
 51 480 l 25
 141 480 l 25
270 642 m 25
 390 642 l 25
 390 642 413 678 438 687 c 1
 464 683 452 654 483 621 c 1
 491 603 474 592 456 592 c 9
 270 592 l 25
 270 642 l 25
237 480 m 25
 237 762 l 25
 280 742 316 746 348 711 c 24
 362 696 335 682 327 663 c 25
 327 480 l 25
 237 480 l 25
33 507 m 17
 423 507 l 9
 423 507 446 543 471 552 c 1
 497 548 485 519 516 486 c 1
 524 468 507 457 489 457 c 9
 33 457 l 25
 33 507 l 17
108 471 m 25
 108 702 l 25
 151 682 187 686 219 651 c 24
 233 636 206 622 198 603 c 25
 198 471 l 25
 108 471 l 25
EndSplineSet
EndChar
