Width: 1000
Flags: H
TeX: 117 0
LayerCount: 2
Fore
SplineSet
165 671 m 25
 208 651 244 655 276 620 c 24
 290 605 263 591 255 572 c 25
 255 287 l 17
 247 258 241 236 210 233 c 1
 186 235 175 259 165 287 c 9
 165 671 l 25
570 357 m 25
 613.29 337.11 648.953 341.251 681 306 c 24
 694.745 290.881 668.19 276.72 660 258 c 25
 660 -109 l 17
 652 -138 646 -160 615 -163 c 1
 591 -161 580 -137 570 -109 c 9
 570 357 l 25
801 665 m 25
 844 645 880 649 912 614 c 24
 926 599 899 585 891 566 c 25
 891 314 l 17
 883 285 877 263 846 260 c 1
 822 262 811 286 801 314 c 9
 801 665 l 25
594 328 m 1
 846 328 l 1
 846 278 l 1
 594 278 l 1
 594 328 l 1
354 758 m 25
 397 738 433 742 465 707 c 24
 479 692 452 678 444 659 c 25
 444 417 l 17
 436 388 430 366 399 363 c 1
 375 365 364 389 354 417 c 9
 354 758 l 25
387 728 m 25
 603 728 l 25
 619.38 740.87 624.891 766.435 645 761 c 24
 680.178 751.492 697.287 730.381 714 698 c 24
 720.55 685.309 701.19 679.7 693 668 c 25
 693 417 l 17
 685 388 679 366 648 363 c 1
 624 365 613 389 603 417 c 9
 603 678 l 25
 387 678 l 25
 387 728 l 25
402 634 m 1
 627 634 l 1
 627 584 l 1
 402 584 l 1
 402 634 l 1
399 540 m 1
 642 540 l 1
 642 490 l 1
 399 490 l 1
 399 540 l 1
393 434 m 1
 645 434 l 1
 645 384 l 1
 393 384 l 1
 393 434 l 1
78 165 m 1
 435 165 l 1
 435 115 l 1
 78 115 l 1
 78 165 l 1
609 171 m 1
 867 171 l 25
 867 171 890 207 915 216 c 1
 941 212 929 183 960 150 c 1
 968 132 951 121 933 121 c 9
 609 121 l 25
 609 171 l 1
843 143 m 25
 843 -100 l 17
 835 -129 829 -151 798 -154 c 1
 774 -152 763 -128 753 -100 c 9
 753 143 l 25
 843 143 l 25
213 143 m 25
 309 143 l 25
 292.62 91.5195 294.014 57.7843 267 11 c 24
 238.966 -37.5518 216.21 -62.8459 171 -96 c 24
 126.518 -128.62 102 -138 42 -154 c 9
 79.4404 -113.83 105.881 -95.5389 138 -51 c 24
 164.935 -13.6504 175.396 11.0498 192 54 c 24
 204.859 87.2637 204.81 108.29 213 143 c 25
204 325 m 1
 387 325 l 25
 403 338 409 363 429 358 c 24
 464 348 481 327 498 295 c 24
 505 282 485 277 477 265 c 25
 477 -121 l 17
 469 -150 463 -172 432 -175 c 1
 408 -173 397 -149 387 -121 c 9
 387 275 l 25
 204 275 l 25
 204 325 l 1
EndSplineSet
EndChar
