Width: 1000
Flags: HW
LayerCount: 2
Fore
SplineSet
324 53 m 1
 720 53 l 1
 720 3 l 1
 324 3 l 1
 324 53 l 1
327 184 m 1
 717 184 l 1
 717 134 l 1
 327 134 l 1
 327 184 l 1
750 564 m 25
 780 530 795 508 828 477 c 24
 857 450 876 438 909 417 c 24
 936 400 953 393 981 378 c 25
 960 362 945 356 927 336 c 24
 916 324 925 299 909 300 c 24
 880 302 866 320 846 342 c 24
 817 373 808 396 786 432 c 24
 759 475 746 500 720 543 c 25
 750 564 l 25
642 282 m 24
 631 277 623 258 615 267 c 24
 590 297 591 324 576 360 c 25
 613 365 635 365 672 372 c 24
 730 383 762 394 819 408 c 25
 834 378 l 25
 759 341 717 320 642 282 c 24
639 357 m 25
 639 567 l 25
 682 547 718 551 750 516 c 24
 764 501 737 487 729 468 c 25
 729 357 l 25
 639 357 l 25
684 486 m 25
 663 531 l 25
 688 552 703 563 726 585 c 24
 759 616 775 636 807 669 c 25
 833 636 858 624 873 585 c 24
 877 573 854 579 843 573 c 24
 780 540 746 520 684 486 c 25
654 324 m 25
 697 304 733 308 765 273 c 24
 779 258 752 244 744 225 c 25
 744 -135 l 17
 736 -164 730 -186 699 -189 c 1
 675 -187 664 -163 654 -135 c 9
 654 324 l 25
291 39 m 9
 291 345 l 25
 334 325 370 329 402 294 c 24
 416 279 389 265 381 246 c 25
 381 33 l 17
 375 0 352 -53 318 -99 c 24
 292 -134 269 -148 231 -168 c 24
 200 -185 178 -183 144 -192 c 25
 183 -148 211 -128 243 -78 c 24
 269 -36 285 0 291 39 c 9
471 342 m 25
 471 579 l 25
 514 559 550 563 582 528 c 24
 596 513 569 499 561 480 c 25
 561 318 l 25
 540 299 535 273 507 270 c 24
 484 268 481 295 462 309 c 24
 443 323 431 329 411 342 c 25
 471 342 l 25
546 507 m 25
 522 528 l 25
 537 557 546 574 561 603 c 24
 573 627 579 641 591 666 c 25
 678 666 l 25
 662 644 654 630 636 609 c 24
 602 568 581 547 546 507 c 25
429 594 m 24
 410 622 400 638 381 666 c 25
 429 646 467 651 504 615 c 24
 525 594 524 566 510 540 c 24
 502 525 480 533 465 543 c 24
 445 557 443 574 429 594 c 24
159 471 m 9
 159 546 l 25
 249 546 l 25
 249 453 l 17
 240 414 233 392 210 360 c 24
 182 320 160 301 120 273 c 24
 94 255 74 255 45 243 c 25
 74 284 97 303 120 348 c 24
 143 393 153 423 159 471 c 9
276 360 m 17
 290 369 289 394 288 408 c 1
 288 511 l 9
 69 511 l 25
 69 561 l 25
 288 561 l 25
 304 574 310 599 330 594 c 24
 365 584 382 563 399 531 c 24
 406 518 386 513 378 501 c 17
 378 402 l 1
 372 357 l 8
 367 341 366 330 354 318 c 24
 339 302 328 287 306 288 c 24
 290 289 293 310 282 321 c 24
 264 338 251 345 231 360 c 25
 276 360 l 17
477 663 m 25
 477 795 l 25
 520 775 556 779 588 744 c 24
 602 729 575 715 567 696 c 25
 567 663 l 25
 477 663 l 25
81 687 m 25
 810 687 l 25
 839 715 848 747 873 756 c 1
 899 752 941 699 972 666 c 1
 980 648 963 637 945 637 c 9
 81 637 l 25
 81 687 l 25
EndSplineSet
EndChar
