Width: 1000
Flags: H
TeX: 117 0
LayerCount: 2
Fore
SplineSet
744 230 m 25
 846 230 l 25
 846 230 869 266 894 275 c 1
 920 271 908 242 939 209 c 1
 947 191 930 180 912 180 c 9
 744 180 l 25
 744 230 l 25
699 416 m 1
 789 416 l 1
 789 -82 l 1
 699 -82 l 1
 699 416 l 1
603 65 m 25
 632.25 41.5996 646.676 25.5403 678 5 c 24
 718.293 -21.4219 738 -43 786 -55 c 9
 993 -55 l 25
 975.45 -74.8896 964.6 -85.3106 948 -106 c 24
 937.643 -118.909 933.36 -127.35 924 -141 c 17
 768 -141 l 1
 720 -129 692.368 -86.9081 645 -51 c 24
 619.809 -31.9033 606.57 -19.8896 582 0 c 25
 603 65 l 25
555 71 m 9
 555 290 l 25
 598.29 270.11 633.953 274.251 666 239 c 24
 679.745 223.881 653.19 209.72 645 191 c 25
 645 65 l 17
 639 14 631.301 -9.78726 609 -52 c 24
 597.381 -73.9941 581.697 -80.2019 561 -94 c 24
 535.745 -110.837 518.91 -115.96 492 -130 c 25
 509.55 -99.5801 526.496 -85.5118 537 -52 c 24
 551.5 -5.73828 555 29 555 71 c 9
348 173 m 25
 378 152 404 149 426 119 c 24
 443 96 452 72 438 47 c 24
 428 30 404 42 387 53 c 24
 367 66 363 82 354 104 c 24
 348 118 350 128 348 143 c 25
 348 173 l 25
303 152 m 25
 303 254 l 25
 346 234 382 238 414 203 c 24
 428 188 401 174 393 155 c 25
 393 134 l 25
 370 105 360 85 333 59 c 24
 309 37 291 32 264 14 c 25
 303 152 l 25
213 161 m 25
 249 148 276 152 306 128 c 24
 323 114 326 95 321 74 c 24
 317 57 305 43 288 44 c 24
 270 45 268 64 255 77 c 24
 239 92 229 101 213 116 c 25
 213 161 l 25
180 113 m 1
 180 263 l 25
 223 243 259 247 291 212 c 24
 305 197 278 183 270 164 c 25
 270 131 l 17
 255 101 248 90 231 71 c 24
 206 43 183 36 153 14 c 25
 153 14 173 72 180 113 c 1
336 419 m 25
 369.93 397.94 402.714 399.398 423 365 c 24
 435.98 342.989 429.351 309.748 405 302 c 24
 381.297 294.458 374.906 326.733 357 344 c 24
 342.1 358.368 335.04 367.79 321 383 c 25
 336 419 l 25
309 485 m 25
 342.93 473.3 367.553 476.883 396 455 c 24
 405.682 447.553 390.51 436.7 387 425 c 25
 376.47 400.43 378.902 380.902 360 362 c 24
 335.569 337.569 312.42 336.38 282 320 c 25
 290.19 350.42 297.912 366.91 303 398 c 24
 308.492 431.564 306.66 451.07 309 485 c 25
228 416 m 25
 254.91 404.3 277.728 408.127 297 386 c 24
 313.427 367.139 312.803 347.721 309 323 c 24
 307.321 312.091 295.983 306.901 285 308 c 24
 268.826 309.617 259.578 316.659 249 329 c 24
 237.402 342.53 240.293 355.794 231 371 c 24
 227.094 377.393 221.85 378.32 216 383 c 25
 228 416 l 25
189 485 m 25
 220.59 474.47 244.419 479.317 270 458 c 24
 280.248 449.46 264.51 437.87 261 425 c 25
 255.15 399.26 261.913 380.061 246 359 c 24
 219.894 324.447 192.93 316.91 159 290 c 25
 159 290 186 361 189 389 c 1
 189 485 l 25
135 295 m 1
 459 295 l 1
 459 245 l 1
 135 245 l 1
 135 295 l 1
126 -6 m 1
 459 -6 l 1
 459 -56 l 1
 126 -56 l 1
 126 -6 l 1
498 500 m 25
 498 -103 l 17
 490 -132 484 -154 453 -157 c 1
 429 -155 418 -131 408 -103 c 9
 408 500 l 25
 498 500 l 25
165 497 m 25
 165 -115 l 17
 157 -144 151 -166 120 -169 c 1
 96 -167 85 -143 75 -115 c 9
 75 497 l 25
 165 497 l 25
585 438 m 1
 852 438 l 1
 852 388 l 1
 585 388 l 1
 585 438 l 1
576 683 m 25
 816 683 l 25
 832 696 838 721 858 716 c 24
 893 706 910 685 927 653 c 24
 934 640 914 635 906 623 c 25
 906 407 l 17
 898 378 892 356 861 353 c 1
 837 355 826 379 816 407 c 9
 816 633 l 25
 576 633 l 25
 576 683 l 25
540 710 m 25
 583 690 619 694 651 659 c 24
 665 644 638 630 630 611 c 25
 630 392 l 17
 622 363 616 341 585 338 c 1
 561 340 550 364 540 392 c 9
 540 710 l 25
306 659 m 25
 393 659 l 25
 393 659 416 695 441 704 c 1
 467 700 455 671 486 638 c 1
 494 620 477 609 459 609 c 9
 306 609 l 25
 306 659 l 25
117 488 m 25
 117 704 l 25
 160 684 196 688 228 653 c 24
 242 638 215 624 207 605 c 25
 207 488 l 25
 117 488 l 25
36 518 m 25
 426 518 l 25
 426 518 449 554 474 563 c 1
 500 559 488 530 519 497 c 1
 527 479 510 468 492 468 c 9
 36 468 l 25
 36 518 l 25
276 503 m 25
 276 773 l 25
 319 753 355 757 387 722 c 24
 401 707 374 693 366 674 c 25
 366 503 l 25
 276 503 l 25
EndSplineSet
EndChar
