Width: 1000
Flags: HW
LayerCount: 2
Fore
SplineSet
99 55 m 25
 342 55 l 25
 342 5 l 25
 99 5 l 25
 99 55 l 25
315 585 m 25
 358 565 394 569 426 534 c 24
 440 519 413 505 405 486 c 25
 405 12 l 17
 397 -17 391 -39 360 -42 c 1
 336 -40 325 -16 315 12 c 9
 315 585 l 25
48 585 m 25
 91.29 565.11 126.953 569.251 159 534 c 24
 172.745 518.881 146.19 504.72 138 486 c 25
 138 -12 l 17
 130 -41 124 -63 93 -66 c 1
 69 -64 58 -40 48 -12 c 9
 48 585 l 25
184 33 m 25
 184 729 l 25
 227 709 263 713 295 678 c 24
 309 663 282 649 274 630 c 25
 274 33 l 25
 184 33 l 25
597 -81 m 25
 597 453 l 25
 687 453 l 25
 687 -105 l 17
 681 -135 669.087 -167.547 636 -177 c 24
 610.347 -184.33 603.032 -151.415 582 -135 c 24
 555.062 -113.976 539.91 -102.06 513 -81 c 25
 597 -81 l 25
462 165 m 1
 837 165 l 1
 837 115 l 1
 462 115 l 1
 462 165 l 1
378 318 m 25
 838 318 l 25
 838 318 876 378 901 387 c 1
 927 383 969 330 1000 297 c 1
 1008 279 991 268 973 268 c 9
 378 268 l 25
 378 318 l 25
462 465 m 25
 786 465 l 25
 802.38 477.87 807.891 503.435 828 498 c 24
 863.178 488.492 880.287 467.381 897 435 c 24
 903.55 422.309 884.19 416.7 876 405 c 25
 876 135 l 17
 868 106 862 84 831 81 c 1
 807 83 796 107 786 135 c 9
 786 415 l 25
 462 415 l 25
 462 465 l 25
825 687 m 25
 861.27 667.11 886.422 662.72 918 636 c 24
 948.551 610.149 970.538 593.629 981 555 c 24
 987.873 529.622 981.54 501.438 957 492 c 24
 933.964 483.14 919.574 506.712 903 525 c 24
 884.374 545.553 882.033 563.009 870 588 c 24
 851.602 626.213 842.55 648.39 825 687 c 25
639 690 m 25
 681.12 660.75 714.966 655.043 747 615 c 24
 769.693 586.634 775.506 561.046 771 525 c 24
 768.62 505.959 751.176 494.29 732 495 c 24
 711.183 495.771 700.496 510.007 690 528 c 24
 674.695 554.237 678.121 574.027 669 603 c 24
 658.223 637.234 650.7 656.07 639 690 c 25
927 684 m 25
 910.62 680.49 901.596 677.282 885 675 c 24
 807.939 664.404 764.584 656.586 687 651 c 24
 618.139 646.042 579.03 649.17 510 648 c 25
 570.84 670.23 604.55 684.517 666 705 c 24
 713.418 720.806 741.328 725.98 789 741 c 24
 826.761 752.897 885 774 885 774 c 1
 927 684 l 25
501 711 m 25
 533.76 696.96 562.486 702.631 585 675 c 24
 596.939 660.347 574.02 647.55 567 630 c 25
 548.28 593.73 544.647 568.753 519 537 c 24
 494.43 506.58 471.42 498.57 441 474 c 25
 452.7 517.29 459.994 541.528 471 585 c 24
 483.397 633.969 489.3 661.86 501 711 c 25
EndSplineSet
EndChar
