Width: 1000
Flags: HW
LayerCount: 2
Fore
SplineSet
328.65 555 m 25
 371.65 535 407.65 539 439.65 504 c 24
 453.65 489 426.65 475 418.65 456 c 25
 418.65 78 l 17
 410.65 49 404.65 27 373.65 24 c 1
 349.65 26 338.65 50 328.65 78 c 9
 328.65 555 l 25
80 145 m 1
 338 145 l 1
 338 95 l 1
 80 95 l 1
 80 145 l 1
60.5098 558 m 25
 103.51 538 139.51 542 171.51 507 c 24
 185.51 492 158.51 478 150.51 459 c 25
 150.51 54 l 17
 142.51 25 136.51 3 105.51 0 c 1
 81.5098 2 70.5098 26 60.5098 54 c 9
 60.5098 558 l 25
199 687 m 25
 242 667 278 671 310 636 c 24
 324 621 297 607 289 588 c 25
 289 111 l 25
 199 111 l 25
 199 687 l 25
727.26 112.38 m 25
 755.316 101.612 779.189 106.133 799.2 84.7725 c 24
 820.247 62.3066 822.09 40.9629 822.09 11.1523 c 24
 822.09 -8.40527 808.293 -20.3252 789.39 -28.7246 c 24
 778.039 -33.7686 764.969 -27.2598 759.96 -16.4551 c 24
 750.285 4.41895 762.311 19.6846 756.69 41.8271 c 24
 749.395 70.5713 738.737 84.8643 727.26 112.38 c 25
632.43 106.245 m 25
 656.661 85.9082 680.89 81.7705 694.56 54.0977 c 24
 707.43 28.0469 706.828 6.78223 694.56 -19.5225 c 24
 686.317 -37.1953 669.278 -44.0625 648.78 -44.0625 c 24
 632.852 -44.0625 616.352 -40.2744 612.81 -25.6572 c 24
 607.98 -5.72266 629.418 3.17578 632.43 23.4229 c 24
 637.188 55.4131 632.43 73.9443 632.43 106.245 c 25
524.52 93.9746 m 25
 543.649 74.834 559.477 67.5586 573.57 44.8945 c 24
 586.988 23.3174 600.972 7.43457 593.19 -16.4551 c 24
 584.49 -43.165 566.549 -59.0176 537.6 -65.5352 c 24
 521.72 -69.1104 513.312 -50.0801 511.44 -34.8604 c 24
 508.989 -14.9385 527.79 -5.74414 527.79 14.2197 c 24
 527.79 45.208 524.52 62.8711 524.52 93.9746 c 25
423.15 97.043 m 25
 441.004 75.5088 463.346 68.6006 468.93 41.8271 c 24
 475.896 8.43359 472.155 -15.417 452.58 -44.0625 c 24
 436.871 -67.0518 415.686 -83.3379 387.18 -77.8047 c 24
 363.157 -73.1426 351.429 -47.8916 357.75 -25.6572 c 24
 364.781 -0.919922 401.134 -8.67969 413.34 14.2197 c 24
 428.834 43.2881 419.324 64.7422 423.15 97.043 c 25
504.9 167.595 m 25
 838.44 167.595 l 25
 857.569 178.362 865.645 199.442 887.49 195.202 c 24
 913.114 190.229 927.105 173.046 933.27 149.19 c 24
 938.972 127.13 921.302 115.509 913.65 93.9746 c 25
 913.65 -40.9951 l 17
 903.84 -71.6699 882.17 -99.2549 848.25 -123.817 c 24
 807.145 -153.584 779.035 -175.965 727.26 -175.965 c 24
 709.277 -175.965 731.203 -146.787 720.72 -133.02 c 24
 703.816 -110.82 684.814 -106.823 661.86 -90.0752 c 25
 753.42 -90.0752 l 25
 772.549 -79.3076 786.377 -76.96 802.47 -62.4678 c 24
 819.056 -47.5312 822.417 -34.3994 835.17 -16.4551 c 25
 835.17 133.853 l 25
 504.9 133.853 l 1
 504.9 167.595 l 25
508.17 293.362 m 25
 764 293 l 25
 793.73 321.362 802.73 353.362 827.73 362.362 c 1
 853.73 358.362 895.73 305.362 926.73 272.362 c 1
 934.73 254.362 917.73 243.362 899.73 243.362 c 9
 508 243 l 25
 508.17 293.362 l 25
501 427 m 1
 818 427 l 1
 818 377 l 1
 501 377 l 1
 501 427 l 1
504 525 m 1
 822 525 l 1
 822 475 l 1
 504 475 l 1
 504 525 l 1
504.9 636.923 m 25
 761.52 636.923 l 25
 777.52 649.923 783.52 674.923 803.52 669.923 c 24
 838.52 659.923 855.52 638.923 872.52 606.923 c 24
 879.52 593.923 859.52 588.923 851.52 576.923 c 25
 851.52 399.51 l 17
 843.52 370.51 837.52 348.51 806.52 345.51 c 1
 782.52 347.51 771.52 371.51 761.52 399.51 c 9
 761 586 l 25
 504 586 l 25
 504.9 636.923 l 25
478.74 655.327 m 25
 521.74 635.327 557.74 639.327 589.74 604.327 c 24
 603.74 589.327 576.74 575.327 568.74 556.327 c 25
 568.74 172.515 l 17
 560.74 143.515 554.74 121.515 523.74 118.515 c 1
 499.74 120.515 488.74 144.515 478.74 172.515 c 9
 478.74 655.327 l 25
589.92 771.893 m 25
 628.179 756.34 657.915 759.078 688.02 732.015 c 24
 698.759 722.362 674.045 714.247 668.4 701.34 c 24
 653.552 667.388 648.453 647.075 635.7 612.383 c 25
 570.3 612.383 l 25
 575.401 641.095 579.823 657.086 583.38 686.003 c 24
 587.484 719.363 589.92 738.396 589.92 771.893 c 25
EndSplineSet
EndChar
