Width: 1000
Flags: H
TeX: 117 0
LayerCount: 2
Fore
SplineSet
514 42 m 1
 591 28 628 19 697 -9 c 24
 752 -31 786 -43 829 -84 c 24
 849 -103 855 -127 845 -152 c 24
 837 -171 815 -173 795 -169 c 24
 767 -164 755 -150 733 -132 c 24
 703 -107 693 -85 662 -61 c 24
 607 -17 579 1 514 42 c 1
339 42 m 25
 423 -21 l 24
 423 -21 408 -39 399 -51 c 25
 371 -64 356 -73 327 -84 c 24
 281 -102 255 -115 207 -126 c 24
 139 -142 90 -147 30 -153 c 1
 99 -123 121 -112 177 -81 c 24
 218 -58 241 -44 279 -15 c 24
 305 5 339 42 339 42 c 25
522 87 m 25
 522 366 l 25
 522 366 601 350 633 315 c 24
 647 300 620 286 612 267 c 25
 612 87 l 25
 522 87 l 25
339 90 m 25
 339 363 l 25
 339 363 418 347 450 312 c 24
 464 297 437 283 429 264 c 25
 429 90 l 25
 339 90 l 25
66 99 m 25
 726 99 l 25
 726 99 764 159 789 168 c 1
 815 164 857 111 888 78 c 1
 896 60 879 49 861 49 c 9
 66 49 l 25
 66 99 l 25
108 258 m 25
 669 258 l 25
 698 286 707 318 732 327 c 1
 758 323 800 270 831 237 c 1
 839 219 822 208 804 208 c 9
 108 208 l 25
 108 258 l 25
549 620 m 1
 807 620 l 1
 807 570 l 1
 549 570 l 1
 549 620 l 1
546 752 m 25
 759 752 l 25
 775 765 781 790 801 785 c 24
 836 775 853 754 870 722 c 24
 877 709 857 704 849 692 c 25
 849 609 l 17
 841 580 835 558 804 555 c 1
 780 557 769 581 759 609 c 9
 759 702 l 25
 546 702 l 25
 546 752 l 25
882 384 m 26
 579 384 l 17
 551 389 527 407 522 432 c 9
 522 777 l 25
 522 777 601 761 633 726 c 24
 647 711 620 697 612 678 c 25
 612 500 l 17
 612 479 632 465 648 464 c 9
 813 464 l 25
 825 474 835 476 843 489 c 24
 857 510 858 526 867 549 c 25
 875 510 873 486 888 450 c 24
 895 434 923 437 921 420 c 24
 919 399 903 384 882 384 c 26
117 626 m 1
 390 626 l 1
 390 576 l 1
 117 576 l 1
 117 626 l 1
129 738 m 25
 336 738 l 25
 352 751 358 776 378 771 c 24
 413 761 430 740 447 708 c 24
 454 695 434 690 426 678 c 25
 426 609 l 17
 418 580 412 558 381 555 c 1
 357 557 346 581 336 609 c 9
 336 688 l 25
 129 688 l 25
 129 738 l 25
435 390 m 26
 141 390 l 17
 113 395 89 413 84 438 c 9
 84 765 l 25
 84 765 163 749 195 714 c 24
 209 699 182 685 174 666 c 25
 174 506 l 17
 174 485 194 471 210 470 c 9
 378 470 l 25
 390 486 398 493 408 510 c 24
 418 527 421 537 429 555 c 25
 437 521 436 500 450 468 c 24
 459 447 490 445 486 423 c 24
 482 400 459 390 435 390 c 26
EndSplineSet
EndChar
