Width: 1000
Flags: H
TeX: 117 0
LayerCount: 2
Fore
SplineSet
360 -10 m 1
 618 -10 l 1
 618 -60 l 1
 360 -60 l 1
 360 -10 l 1
342 102 m 25
 561 102 l 25
 577 115 583 140 603 135 c 24
 638 125 655 104 672 72 c 24
 679 59 659 54 651 42 c 25
 651 -33 l 17
 643 -62 637 -84 606 -87 c 1
 582 -85 571 -61 561 -33 c 9
 561 52 l 25
 342 52 l 25
 342 102 l 25
318 120 m 25
 361 100 397 104 429 69 c 24
 443 54 416 40 408 21 c 25
 408 -48 l 17
 400 -77 394 -99 363 -102 c 1
 339 -100 328 -76 318 -48 c 9
 318 120 l 25
435 585 m 1
 525 585 l 1
 525 432 l 1
 435 432 l 1
 435 585 l 1
741 -87 m 25
 741 127 l 25
 150 127 l 25
 150 177 l 25
 741 177 l 25
 757 190 763 215 783 210 c 24
 818 200 835 179 852 147 c 24
 859 134 839 129 831 117 c 25
 831 -129 l 25
 809 -147 802 -175 774 -174 c 24
 750 -173 755 -140 735 -126 c 24
 707 -105 686 -102 654 -87 c 25
 741 -87 l 25
129 201 m 25
 172 181 208 185 240 150 c 24
 254 135 227 121 219 102 c 25
 219 -123 l 17
 211 -152 205 -174 174 -177 c 1
 150 -175 139 -151 129 -123 c 9
 129 201 l 25
288 278 m 1
 699 278 l 1
 699 228 l 1
 288 228 l 1
 288 278 l 1
282 384 m 25
 633 384 l 25
 649 397 655 422 675 417 c 24
 710 407 727 386 744 354 c 24
 751 341 731 336 723 324 c 25
 723 270 l 17
 715 241 709 219 678 216 c 1
 654 218 643 242 633 270 c 9
 633 334 l 25
 282 334 l 25
 282 384 l 25
258 414 m 25
 301 394 337 398 369 363 c 24
 383 348 356 334 348 315 c 25
 348 261 l 17
 340 232 334 210 303 207 c 1
 279 209 268 233 258 261 c 9
 258 414 l 25
78 474 m 25
 735 474 l 25
 764 502 773 534 798 543 c 1
 824 539 866 486 897 453 c 1
 905 435 888 424 870 424 c 9
 78 424 l 25
 78 474 l 25
213 619 m 1
 780 619 l 1
 780 569 l 1
 213 569 l 1
 213 619 l 1
435 585 m 25
 435 789 l 25
 478.29 769.11 513.953 773.251 546 738 c 24
 559.745 722.881 533.19 708.72 525 690 c 25
 525 585 l 25
 435 585 l 25
705 768 m 25
 748.29 748.11 783.953 752.251 816 717 c 24
 829.745 701.881 803.19 687.72 795 669 c 25
 795 582 l 17
 787 553 781 531 750 528 c 1
 726 530 715 554 705 582 c 9
 705 768 l 25
168 765 m 25
 211.29 745.11 246.953 749.251 279 714 c 24
 292.745 698.881 266.19 684.72 258 666 c 25
 258 573 l 17
 250 544 244 522 213 519 c 1
 189 521 178 545 168 573 c 9
 168 765 l 25
EndSplineSet
EndChar
