Width: 1000
Flags: H
TeX: 117 0
LayerCount: 2
Fore
SplineSet
189 362 m 25
 744 362 l 25
 744 312 l 25
 189 312 l 25
 189 362 l 25
150 -105 m 9
 150 585 l 25
 193.29 565.11 228.953 569.251 261 534 c 24
 274.745 518.881 248.19 504.72 240 486 c 25
 240 -12 l 17
 239.051 -39.9932 254.051 -55.9932 279 -60 c 9
 834 -60 l 25
 843.36 -31.9199 849.796 -16.4396 858 12 c 24
 867.359 44.4453 870.81 63.2402 879 96 c 25
 890.7 36.3301 890.529 0.932735 909 -57 c 24
 916.688 -81.1152 949.03 -86.0117 945 -111 c 24
 941.013 -135.72 921 -141 894 -150 c 9
 198 -150 l 17
 163.046 -150 153.092 -130.682 150 -105 c 9
150 693 m 25
 702 693 l 25
 718.38 705.87 723.891 731.435 744 726 c 24
 779.178 716.492 796.287 695.381 813 663 c 24
 819.55 650.309 800.19 644.7 792 633 c 25
 792 315 l 17
 784 286 778 264 747 261 c 1
 723 263 712 287 702 315 c 9
 702 643 l 25
 150 643 l 25
 150 693 l 25
EndSplineSet
EndChar
