Width: 1000
Flags: H
TeX: 117 0
LayerCount: 2
Fore
SplineSet
384 586 m 25
 405.06 559.09 427.951 549.66 438 517 c 24
 441.593 505.325 419.7 511.51 408 508 c 25
 171 478 l 25
 171 520 l 25
 384 586 l 25
648 508 m 25
 738 508 l 25
 711 394 l 25
 645 394 l 25
 648 508 l 25
735 43 m 25
 798.18 20.7695 839.773 20.7998 897 -14 c 24
 929.792 -33.9404 944.863 -55.5908 957 -92 c 24
 963.322 -110.967 955.84 -129.223 939 -140 c 24
 920.276 -151.983 900.969 -151.592 882 -140 c 24
 854.243 -123.037 851.098 -99.5781 831 -74 c 24
 812.486 -50.4365 802.008 -37.166 783 -14 c 24
 764.565 8.4668 753.72 20.7695 735 43 c 25
627 34 m 25
 659.76 15.2803 685.454 13.7676 711 -14 c 24
 719.156 -22.8652 701.85 -30.4697 696 -41 c 25
 655.05 -71.4199 636.249 -95.4453 591 -119 c 24
 549.644 -140.528 521.46 -140.96 477 -155 c 25
 512.1 -114.05 533.472 -92.2461 567 -50 c 24
 592.027 -18.4658 603.6 1.24023 627 34 c 25
576 98 m 1
 831 98 l 1
 831 48 l 1
 576 48 l 1
 576 98 l 1
579 209 m 1
 825 209 l 1
 825 159 l 1
 579 159 l 1
 579 209 l 1
585 311 m 1
 816 311 l 1
 816 261 l 1
 585 261 l 1
 585 311 l 1
570 412 m 25
 783 412 l 25
 799.38 424.87 804.891 450.435 825 445 c 24
 860.178 435.492 877.287 414.381 894 382 c 24
 900.55 369.309 881.19 363.7 873 352 c 25
 873 61 l 17
 865 32 859 10 828 7 c 1
 804 9 793 33 783 61 c 9
 783 362 l 25
 570 362 l 25
 570 412 l 25
537 439 m 25
 580 419 616 423 648 388 c 24
 662 373 635 359 627 340 c 25
 627 64 l 17
 619 35 613 13 582 10 c 1
 558 12 547 36 537 64 c 9
 537 439 l 25
501 532 m 25
 858 532 l 25
 858 532 881 568 906 577 c 1
 932 573 920 544 951 511 c 1
 959 493 942 482 924 482 c 9
 501 482 l 25
 501 532 l 25
369 28 m 25
 414.63 11.6201 450 18.4707 486 -14 c 24
 515.692 -40.7812 517.273 -70.2949 522 -110 c 24
 523.688 -124.182 515.281 -140 501 -140 c 24
 476.908 -140 463.458 -127.594 447 -110 c 24
 428.052 -89.7451 427.648 -71.1465 414 -47 c 24
 397.216 -17.3037 386.55 -1.25 369 28 c 25
243 34 m 25
 279.27 15.2803 307.139 14.8613 336 -14 c 24
 344.795 -22.7949 323.19 -28.6396 315 -38 c 25
 293.94 -59.0596 284.826 -74.1299 261 -92 c 24
 228.253 -116.56 208.838 -130.385 171 -146 c 24
 134.276 -161.156 110.61 -160.64 72 -170 c 25
 119.97 -122.03 151.42 -98.9902 195 -47 c 24
 218.589 -18.8584 224.28 2.41016 243 34 c 25
273 126 m 1
 432 126 l 1
 432 76 l 1
 273 76 l 1
 273 126 l 1
270 203 m 1
 444 203 l 1
 444 153 l 1
 270 153 l 1
 270 203 l 1
261 278 m 1
 423 278 l 1
 423 228 l 1
 261 228 l 1
 261 278 l 1
255 355 m 25
 384 355 l 25
 400.38 367.87 405.891 393.435 426 388 c 24
 461.178 378.492 478.287 357.381 495 325 c 24
 501.55 312.309 482.19 306.7 474 295 c 25
 474 106 l 17
 466 77 460 55 429 52 c 1
 405 54 394 78 384 106 c 9
 384 305 l 25
 255 305 l 25
 255 355 l 25
219 391 m 25
 262.29 371.11 297.953 375.251 330 340 c 24
 343.745 324.881 317.19 310.72 309 292 c 25
 309 106 l 17
 301 77 295 55 264 52 c 1
 240 54 229 78 219 106 c 9
 219 391 l 25
138 49 m 25
 450 49 l 25
 450 49 473 85 498 94 c 1
 524 90 512 61 543 28 c 1
 551 10 534 -1 516 -1 c 9
 138 -1 l 25
 138 49 l 25
90 316 m 25
 133 296 169 300 201 265 c 24
 215 250 188 236 180 217 c 25
 180 40 l 17
 172 11 166 -11 135 -14 c 1
 111 -12 100 12 90 40 c 9
 90 316 l 25
120 427 m 9
 120 589 l 25
 163.29 569.11 198.953 573.251 231 538 c 24
 244.745 522.881 218.19 508.72 210 490 c 25
 210 478 l 17
 214 463 234.803 461.893 249 460 c 9
 435 460 l 25
 453 529 l 25
 463.53 498.58 466.51 480.229 480 451 c 24
 487.752 434.203 508.603 430.43 507 412 c 24
 505.493 394.672 486.87 393.7 474 382 c 25
 165 382 l 17
 141 391 123.958 399.72 120 427 c 9
213 647 m 1
 792 647 l 1
 792 597 l 1
 213 597 l 1
 213 647 l 1
753 760 m 25
 796 740 832 744 864 709 c 24
 878 694 851 680 843 661 c 25
 843 634 l 17
 835 605 829 583 798 580 c 1
 774 582 763 606 753 634 c 9
 753 760 l 25
180 754 m 25
 223 734 259 738 291 703 c 24
 305 688 278 674 270 655 c 25
 270 619 l 17
 262 590 256 568 225 565 c 1
 201 567 190 591 180 619 c 9
 180 754 l 25
453 613 m 25
 453 772 l 25
 496 752 532 756 564 721 c 24
 578 706 551 692 543 673 c 25
 543 613 l 25
 453 613 l 25
EndSplineSet
EndChar
