Width: 1000
Flags: H
TeX: 117 0
LayerCount: 2
Fore
SplineSet
492 126 m 25
 561 126 l 25
 581 100 588 82 612 60 c 24
 648 27 672 13 714 -12 c 24
 750 -33 770 -46 810 -57 c 24
 871 -73 907 -72 969 -81 c 25
 930 -100 906 -106 870 -129 c 24
 849 -142 850 -177 825 -174 c 24
 765 -167 733 -143 684 -108 c 24
 623 -64 594 -31 546 27 c 24
 518 61 513 87 492 126 c 25
42 163 m 25
 810 163 l 25
 810 163 848 223 873 232 c 1
 899 228 941 175 972 142 c 1
 980 124 963 113 945 113 c 9
 42 113 l 25
 42 163 l 25
432 231 m 25
 432 585 l 25
 522 585 l 25
 522 204 l 17
 510 147 501 110 477 54 c 24
 462 20 449 2 423 -24 c 24
 382 -65 355 -86 306 -117 c 24
 274 -138 253 -147 216 -156 c 24
 163 -169 126 -171 78 -174 c 9
 136 -141 173 -128 228 -90 c 24
 281 -53 312 -31 354 18 c 24
 385 54 395 81 411 126 c 24
 425 165 424 190 432 231 c 25
156 455 m 25
 663 455 l 25
 663 455 701 515 726 524 c 1
 752 520 794 467 825 434 c 1
 833 416 816 405 798 405 c 9
 156 405 l 25
 156 455 l 25
75 317 m 25
 780 317 l 25
 780 317 818 377 843 386 c 1
 869 382 911 329 942 296 c 1
 950 278 933 267 915 267 c 9
 75 267 l 25
 75 317 l 25
102 606 m 25
 765 606 l 25
 794 634 803 666 828 675 c 1
 854 671 896 618 927 585 c 1
 935 567 918 556 900 556 c 9
 102 556 l 25
 102 606 l 25
579 777 m 25
 627 762 659 763 702 738 c 24
 712 732 693 723 687 714 c 24
 667 685 655 669 636 639 c 24
 624 621 620 610 609 591 c 25
 561 591 l 25
 579 777 l 25
267 774 m 25
 314 758 345 759 387 732 c 24
 416 714 434 696 441 663 c 24
 446 637 439 610 414 600 c 24
 388 590 369 608 348 627 c 24
 327 646 328 666 315 690 c 24
 297 723 286 741 267 774 c 25
EndSplineSet
EndChar
