Width: 1000
Flags: H
TeX: 117 0
LayerCount: 2
Fore
SplineSet
630 42 m 24
 585 58 531 114 531 114 c 25
 531 114 589 163 624 197 c 24
 690 260 725 298 789 363 c 25
 734 250 704 185 648 72 c 24
 642 60 643 37 630 42 c 24
519 597 m 25
 573 568 610 562 657 523 c 24
 690 496 713 475 720 432 c 24
 725 402 711 376 684 363 c 24
 664 353 648 373 633 390 c 24
 609 418 606 441 588 474 c 24
 561 522 546 549 519 597 c 25
162 12 m 24
 116 30 69 97 69 97 c 25
 69 97 129 139 165 168 c 24
 241 229 282 266 357 328 c 25
 293 219 258 157 192 49 c 24
 182 33 179 5 162 12 c 24
87 588 m 17
 150 566 181 556 231 519 c 24
 264 495 283 474 294 435 c 24
 301 409 296 383 273 369 c 24
 253 356 231 368 213 384 c 24
 186 407 184 432 165 462 c 24
 135 511 117 539 87 588 c 17
809 42 m 2
 809 659 l 9
 516 659 l 25
 516 709 l 25
 809 709 l 25
 825 722 831 747 851 742 c 24
 886 732 903 711 920 679 c 24
 927 666 907 661 899 649 c 25
 899 -15 l 18
 899 -54 850 -142 810 -141 c 0
 793 -141 777 -113 755 -96 c 24
 720 -69 699 -55 663 -29 c 25
 770 -29 l 18
 789 -29 809 -0 809 42 c 2
385 39 m 2
 385 659 l 9
 51 659 l 25
 51 709 l 25
 385 709 l 25
 401 722 407 747 427 742 c 24
 462 732 479 711 496 679 c 24
 503 666 483 661 475 649 c 25
 475 -12 l 18
 475 -54 435 -129 380 -134 c 0
 352 -137 351 -96 327 -78 c 24
 293 -53 270 -46 233 -26 c 17
 336 -26 l 2
 363 -27 385 3 385 39 c 2
EndSplineSet
EndChar
