Width: 1000
Flags: H
TeX: 117 0
LayerCount: 2
Fore
SplineSet
600 336 m 24
 569 362 569 391 549 426 c 25
 589 434 611 438 651 447 c 24
 720 463 759 473 828 489 c 25
 813 441 l 25
 745 406 708 385 639 351 c 24
 624 344 613 326 600 336 c 24
183 300 m 24
 150 323 150 353 129 387 c 25
 159 395 177 398 207 408 c 24
 285 434 328 452 405 480 c 25
 396 435 l 25
 328 391 291 364 222 321 c 24
 207 312 197 290 183 300 c 24
561 651 m 25
 607 633 638 634 678 606 c 24
 705 587 718 569 726 537 c 24
 731 518 726 497 708 489 c 24
 686 479 667 486 648 501 c 24
 625 519 627 542 612 567 c 24
 593 600 581 618 561 651 c 25
144 636 m 25
 188 620 217 617 258 594 c 24
 283 580 302 570 312 543 c 24
 321 520 320 495 300 480 c 24
 283 467 264 479 246 492 c 24
 224 508 220 526 204 549 c 24
 180 583 167 602 144 636 c 25
606 96 m 24
 616 144 621 171 630 219 c 25
 672 205 704 212 738 183 c 24
 751 172 730 157 723 141 c 24
 704 97 690 74 672 30 c 24
 647 -29 635 -63 612 -123 c 25
 561 -114 l 25
 579 -32 589 14 606 96 c 24
369 210 m 25
 402 156 427 129 453 72 c 24
 470 35 481 11 477 -30 c 24
 475 -55 462 -75 438 -81 c 24
 418 -86 403 -69 393 -51 c 24
 371 -13 372 15 360 57 c 24
 344 112 336 143 321 198 c 25
 369 210 l 25
99 -102 m 17
 807 -102 l 25
 836 -74 845 -42 870 -33 c 1
 896 -37 938 -90 969 -123 c 1
 977 -141 960 -152 942 -152 c 9
 99 -152 l 25
 99 -102 l 17
111 237 m 25
 735 237 l 25
 764 265 773 297 798 306 c 1
 824 302 866 249 897 216 c 1
 905 198 888 187 870 187 c 9
 111 187 l 25
 111 237 l 25
477 222 m 25
 477 372 l 25
 520 352 556 356 588 321 c 24
 602 306 575 292 567 273 c 25
 567 222 l 25
 477 222 l 25
510 708 m 25
 792 708 l 25
 808 721 814 746 834 741 c 24
 869 731 886 710 903 678 c 24
 910 665 890 660 882 648 c 25
 882 345 l 17
 874 316 868 294 837 291 c 1
 813 293 802 317 792 345 c 9
 792 658 l 25
 510 658 l 25
 510 708 l 25
87 705 m 25
 360 705 l 25
 376 718 382 743 402 738 c 24
 437 728 454 707 471 675 c 24
 478 662 458 657 450 645 c 25
 450 336 l 17
 442 307 436 285 405 282 c 1
 381 284 370 308 360 336 c 9
 360 655 l 25
 87 655 l 25
 87 705 l 25
EndSplineSet
EndChar
