Width: 1000
Flags: H
TeX: 117 0
LayerCount: 2
Fore
SplineSet
567 408 m 25
 567 453 l 25
 604.44 472.89 625.638 483.965 663 504 c 24
 706.368 527.255 730.71 540.6 774 564 c 25
 800.91 533.58 829.418 524.276 843 486 c 24
 848.086 471.666 821.637 475.137 807 471 c 24
 713.876 444.683 660.6 432.57 567 408 c 25
786 234 m 25
 814 204 842 194 858 156 c 24
 864 142 839 143 825 138 c 24
 778 121 750 114 702 99 c 24
 651 83 621 73 570 57 c 25
 570 111 l 25
 619 133 649 141 696 168 c 24
 734 190 751 208 786 234 c 25
537 -72 m 9
 537 273 l 25
 580 253 616 257 648 222 c 24
 662 207 635 193 627 174 c 25
 627 0 l 17
 623 -14 633 -42 669 -42 c 9
 810 -42 l 25
 824 -21 835 -11 846 12 c 24
 864 48 870 71 885 108 c 25
 891 52 886 19 900 -36 c 24
 906 -59 938 -61 936 -84 c 24
 934 -106 910 -106 894 -120 c 25
 588 -120 l 17
 552 -120 549 -102 537 -72 c 9
885 345 m 24
 890.974 326.764 917.044 325.08 915 306 c 24
 912.525 282.908 900 264 876 261 c 9
 594 261 l 17
 545 261 522 282 516 312 c 9
 516 591 l 25
 559.29 571.11 594.953 575.251 627 540 c 24
 640.745 524.881 614.19 510.72 606 492 c 25
 606 372 l 17
 601.682 346.911 628.242 341.318 642 339 c 9
 795 339 l 25
 806.7 357.72 815.994 366.845 825 387 c 24
 840.7 422.138 845.13 443.73 858 480 c 25
 868.53 427.35 868.285 396.024 885 345 c 24
162 100 m 1
 381 100 l 1
 381 50 l 1
 162 50 l 1
 162 100 l 1
156 209 m 1
 363 209 l 1
 363 159 l 1
 156 159 l 1
 156 209 l 1
339 -48 m 25
 339 256 l 25
 156 256 l 25
 156 306 l 25
 339 306 l 25
 355.38 318.87 360.89 344.435 381 339 c 24
 416.178 329.492 433.287 308.381 450 276 c 24
 456.55 263.309 437.19 257.7 429 246 c 25
 429 -84 l 25
 407.94 -107.4 405.87 -137.826 375 -144 c 24
 353.846 -148.23 353.755 -117.739 339 -102 c 24
 318.63 -80.2715 306.06 -69.0596 285 -48 c 25
 339 -48 l 25
111 333 m 25
 154 313 190 317 222 282 c 24
 236 267 209 253 201 234 c 25
 201 -84 l 17
 193 -113 187 -135 156 -138 c 1
 132 -136 121 -112 111 -84 c 9
 111 333 l 25
357 504 m 25
 394 478 424 473 453 438 c 24
 474 412 486 389 477 357 c 24
 471 335 443 322 423 333 c 24
 395 348 396 376 384 405 c 24
 375 426 375 440 369 462 c 24
 365 478 362 488 357 504 c 25
48 429 m 25
 408 438 l 25
 420 393 l 25
 310.02 377.79 247.569 371.93 138 354 c 24
 118.645 350.833 105.067 326.444 90 339 c 24
 60.2441 363.797 64.3799 393.9 48 429 c 25
228 594 m 25
 268 578 301 584 330 552 c 24
 342 539 310 531 300 516 c 24
 270 470 256 443 228 396 c 25
 171 396 l 25
 187 440 200 464 213 510 c 24
 222 542 222 561 228 594 c 25
540 747 m 1
 630 747 l 1
 630 603 l 1
 540 603 l 1
 540 747 l 1
339 750 m 1
 429 750 l 1
 429 597 l 1
 339 597 l 1
 339 750 l 1
147 620 m 1
 831 620 l 1
 831 570 l 1
 147 570 l 1
 147 620 l 1
147 768 m 25
 753 768 l 25
 769 781 775 806 795 801 c 24
 830 791 847 770 864 738 c 24
 871 725 851 720 843 708 c 25
 843 594 l 17
 835 565 829 543 798 540 c 1
 774 542 763 566 753 594 c 9
 753 718 l 25
 147 718 l 25
 147 768 l 25
117 795 m 25
 160 775 196 779 228 744 c 24
 242 729 215 715 207 696 c 25
 207 591 l 17
 199 562 193 540 162 537 c 1
 138 539 127 563 117 591 c 9
 117 795 l 25
EndSplineSet
EndChar
