Width: 1000
Flags: H
TeX: 117 0
LayerCount: 2
Fore
SplineSet
456 72 m 24
 413.901 91.3428 404.76 123.24 372 156 c 25
 391.89 163.02 404.32 164.204 423 174 c 24
 500.499 214.64 541.95 241.71 618 285 c 25
 618 228 l 25
 565.35 180.03 534.306 154.405 483 105 c 24
 471.021 93.4658 471.11 65.0574 456 72 c 24
438 564 m 25
 476.61 537.09 508.013 532.076 537 495 c 24
 561.16 464.098 568.6 438.193 567 399 c 24
 566.007 374.674 553.906 356.246 531 348 c 24
 514.196 341.951 501.269 356.734 492 372 c 24
 479.615 392.398 486.461 409.027 480 432 c 24
 465.373 484.006 454.38 512.52 438 564 c 25
750 99 m 24
 708.046 132.055 709.74 172.2 684 219 c 25
 705.06 224.85 718.843 223.477 738 234 c 24
 802.572 269.47 834.99 296.22 897 336 c 25
 906 273 l 25
 858.03 221.52 829.973 193.392 783 141 c 24
 769.094 125.489 766.363 86.1084 750 99 c 24
687 555 m 25
 726.78 538.62 753.205 536.863 789 513 c 24
 821.36 491.426 844.422 477.445 858 441 c 24
 869.148 411.074 865.161 385.548 846 360 c 24
 834.045 344.061 811.402 345.688 795 357 c 24
 771.704 373.066 772.903 395.353 759 420 c 24
 747.163 440.983 740.337 452.742 729 474 c 24
 712.255 505.397 703.38 523.41 687 555 c 25
852 -57 m 25
 852 640 l 25
 693 640 l 25
 693 690 l 25
 852 690 l 25
 868.38 702.87 873.891 728.435 894 723 c 24
 929.178 713.492 946.287 692.381 963 660 c 24
 969.55 647.309 950.19 641.7 942 630 c 25
 942 -105 l 17
 924 -129 913.191 -147.272 885 -150 c 24
 865.236 -151.912 864.22 -126.752 849 -114 c 24
 820.839 -90.4053 803.25 -79.2305 774 -57 c 25
 852 -57 l 25
615 -159 m 24
 587.98 -163.632 582.06 -131.55 561 -114 c 24
 532.92 -90.5996 517.08 -77.4004 489 -54 c 25
 576 -54 l 25
 576 637 l 25
 411 637 l 25
 411 687 l 25
 576 687 l 25
 592.38 699.87 597.891 725.435 618 720 c 24
 653.178 710.492 670.287 689.381 687 657 c 24
 693.55 644.309 674.19 638.7 666 627 c 25
 666 -96 l 25
 646.11 -120.57 646.157 -153.659 615 -159 c 24
219 57 m 25
 219 516 l 25
 309 516 l 17
 309 36 l 9
 292.62 2.07031 291.81 -22.6453 267 -51 c 24
 232.943 -89.9219 208.379 -109.112 162 -132 c 24
 116.447 -154.48 85.1396 -152.13 36 -165 c 25
 75.7803 -133.41 102.412 -120.247 138 -84 c 24
 166.205 -55.2725 177.946 -34.909 198 0 c 24
 209.801 20.542 210.81 34.7695 219 57 c 25
99 114 m 24
 86.25 110.077 73.8889 94.2424 66 105 c 24
 41.9326 137.819 45.8701 165.39 33 204 c 25
 99.6904 211.02 137.369 214.439 204 222 c 24
 302.343 233.159 357.72 240.3 456 252 c 25
 425.58 232.11 411.9 214.104 378 201 c 24
 271.688 159.905 207.938 147.519 99 114 c 24
57 396 m 25
 348 396 l 25
 348 396 371 432 396 441 c 1
 422 437 410 408 441 375 c 1
 449 357 432 346 414 346 c 9
 57 346 l 25
 57 396 l 25
36 540 m 25
 390 540 l 25
 390 540 413 576 438 585 c 1
 464 581 452 552 483 519 c 1
 491 501 474 490 456 490 c 9
 36 490 l 25
 36 540 l 25
345 750 m 25
 384.78 726.6 414.365 722.635 447 690 c 24
 455.273 681.727 436.02 675.36 429 666 c 25
 389.22 612.18 375.279 574.348 327 528 c 24
 313.391 514.935 297.72 524.34 279 522 c 25
 294.21 560.61 306.461 581.139 318 621 c 24
 332.292 670.373 334.47 699.69 345 750 c 25
111 762 m 25
 143.76 736.26 170.565 729.744 195 696 c 24
 221.506 659.396 237 633.166 237 588 c 24
 237 556.191 217.083 536.978 189 522 c 24
 173.275 513.613 155.386 524.276 147 540 c 24
 133.74 564.862 145.51 584.186 141 612 c 24
 131.45 670.89 122.7 703.5 111 762 c 25
EndSplineSet
EndChar
