Width: 1000
Flags: H
TeX: 117 0
LayerCount: 2
Fore
SplineSet
477 -102 m 25
 816 -102 l 25
 816 -102 839 -66 864 -57 c 1
 890 -61 878 -90 909 -123 c 1
 917 -141 900 -152 882 -152 c 9
 477 -152 l 25
 477 -102 l 25
477 57 m 25
 783 57 l 25
 783 57 806 93 831 102 c 1
 857 98 845 69 876 36 c 1
 884 18 867 7 849 7 c 9
 477 7 l 25
 477 57 l 25
483 198 m 25
 765 198 l 25
 765 198 788 234 813 243 c 1
 839 239 827 210 858 177 c 1
 866 159 849 148 831 148 c 9
 483 148 l 25
 483 198 l 25
549 297 m 25
 549 -129 l 17
 541 -158 535 -180 504 -183 c 1
 480 -181 469 -157 459 -129 c 9
 459 297 l 25
 549 297 l 25
621 291 m 1
 711 291 l 1
 711 -123 l 1
 621 -123 l 1
 621 291 l 1
666 288 m 25
 594 288 l 25
 615 330 628 353 648 396 c 24
 663 429 670 449 684 483 c 25
 716 458 744 454 765 420 c 24
 773 407 749 404 738 393 c 25
 666 288 l 25
486 327 m 25
 825 327 l 25
 825 327 848 363 873 372 c 1
 899 368 887 339 918 306 c 1
 926 288 909 277 891 277 c 9
 486 277 l 25
 486 327 l 25
495 501 m 25
 535 476 565 472 597 438 c 24
 605 429 582 425 573 417 c 25
 544 361 528 329 498 273 c 24
 473 227 468 194 432 156 c 24
 405 126 377 125 342 105 c 25
 372 164 394 194 420 255 c 24
 438 298 442 324 456 369 c 24
 472 420 480 450 495 501 c 25
321 384 m 25
 352.59 364.11 377.152 360.859 402 333 c 24
 418.261 314.768 426.712 296.49 420 273 c 24
 412.95 248.327 397.66 228 372 228 c 24
 352.11 228 354.181 254.095 348 273 c 24
 334.156 315.347 331.53 340.71 321 384 c 25
129 411 m 25
 141.87 359.52 154.582 331.543 162 279 c 24
 168.708 231.487 176.259 202.644 165 156 c 24
 158.776 130.215 146.402 107.555 120 105 c 24
 95.2412 102.604 75.6643 122.397 72 147 c 24
 66.1045 186.584 90.5538 206.881 99 246 c 24
 112.804 309.932 117.3 346.65 129 411 c 25
219 498 m 25
 262 478 298 482 330 447 c 24
 344 432 317 418 309 399 c 25
 309 -117 l 17
 301 -146 295 -168 264 -171 c 1
 240 -169 229 -145 219 -117 c 9
 219 498 l 25
552 681 m 1
 642 681 l 1
 642 537 l 1
 552 537 l 1
 552 681 l 1
360 675 m 1
 450 675 l 1
 450 540 l 1
 360 540 l 1
 360 675 l 1
192 552 m 1
 801 552 l 1
 801 502 l 1
 192 502 l 1
 192 552 l 1
186 693 m 25
 747 693 l 25
 763 706 769 731 789 726 c 24
 824 716 841 695 858 663 c 24
 865 650 845 645 837 633 c 25
 837 528 l 17
 829 499 823 477 792 474 c 1
 768 476 757 500 747 528 c 9
 747 643 l 25
 186 643 l 25
 186 693 l 25
156 723 m 25
 199 703 235 707 267 672 c 24
 281 657 254 643 246 624 c 25
 246 522 l 17
 238 493 232 471 201 468 c 1
 177 470 166 494 156 522 c 9
 156 723 l 25
EndSplineSet
EndChar
