Width: 1000
Flags: H
TeX: 117 0
LayerCount: 2
Fore
SplineSet
632 345 m 24
 596 366 590 396 563 428 c 25
 593 440 611 447 641 459 c 24
 710 486 749 501 818 528 c 25
 758 466 726 429 665 369 c 24
 654 358 646 337 632 345 c 24
557 650 m 25
 600 640 628 643 668 624 c 24
 701 609 721 604 740 566 c 0
 752 542 746 517 725 506 c 24
 703 494 683 509 662 524 c 24
 640 539 637 558 620 579 c 24
 596 607 582 622 557 650 c 25
194 326 m 24
 155 351 148 381 119 416 c 25
 144 426 157 431 182 441 c 24
 260 472 305 489 383 519 c 25
 320 453 285 416 221 351 c 24
 211 341 206 318 194 326 c 24
122 654 m 25
 175 638 209 639 257 612 c 24
 284 597 300 582 308 552 c 24
 313 532 305 513 287 504 c 24
 267 494 250 504 230 515 c 24
 208 528 201 544 185 564 c 24
 159 598 147 619 122 654 c 25
245 -101 m 25
 761 -101 l 25
 761 -151 l 25
 245 -151 l 25
 245 -101 l 25
254 74 m 25
 752 74 l 25
 752 24 l 25
 254 24 l 25
 254 74 l 25
269 221 m 25
 725 221 l 25
 741 234 747 259 767 254 c 24
 802 244 819 223 836 191 c 24
 843 178 823 173 815 161 c 25
 815 -136 l 17
 807 -165 801 -187 770 -190 c 1
 746 -188 735 -164 725 -136 c 9
 725 171 l 25
 269 171 l 25
 269 221 l 25
218 253 m 25
 261 233 297 237 329 202 c 24
 343 187 316 173 308 154 c 25
 308 -136 l 17
 300 -165 294 -187 263 -190 c 1
 239 -188 228 -164 218 -136 c 9
 218 253 l 25
485 345 m 25
 527 327 557 327 593 299 c 24
 602 292 584 283 578 273 c 24
 562 245 552 228 536 200 c 25
 461 200 l 25
 485 345 l 25
812 354 m 25
 812 672 l 25
 539 672 l 25
 539 722 l 25
 812 722 l 25
 828 735 834 760 854 755 c 24
 889 745 906 724 923 692 c 24
 930 679 910 674 902 662 c 25
 902 318 l 17
 893 288 872 258 836 254 c 24
 808 250 805 286 782 303 c 24
 753 325 734 334 704 354 c 25
 812 354 l 25
270 350 m 17
 393 350 l 9
 393 675 l 25
 71 675 l 25
 71 725 l 25
 393 725 l 25
 409 738 415 763 435 758 c 24
 470 748 487 727 504 695 c 24
 511 682 491 677 483 665 c 25
 483 312 l 17
 468 288 453 257 420 255 c 24
 389 254 386 290 360 306 c 24
 327 327 305 333 270 350 c 17
EndSplineSet
EndChar
