Width: 1000
Flags: H
TeX: 117 0
LayerCount: 2
Fore
SplineSet
759 159 m 25
 784.74 133.26 809.55 125.96 825 93 c 24
 831.062 80.0684 812.19 74.7002 804 63 c 25
 782.94 50.1299 770.484 43.768 750 30 c 24
 699.087 -4.21973 674.678 -30.3059 621 -60 c 24
 564.136 -91.457 531.18 -110.79 468 -126 c 24
 403.003 -141.647 363.69 -133.32 297 -138 c 25
 373.05 -104.07 418.941 -90.9641 492 -51 c 24
 556.341 -15.8047 590.356 8.6618 648 54 c 24
 694.838 90.8389 715.71 118.05 759 159 c 25
675 336 m 25
 705.42 320.79 730.322 322.346 753 297 c 24
 773.479 274.113 786.984 251.043 777 222 c 24
 769.299 199.596 743.231 196.354 720 201 c 24
 704.607 204.078 706.964 222.108 702 237 c 24
 696.34 253.979 697.709 264.733 693 282 c 24
 687.159 303.417 682.02 314.94 675 336 c 25
534 216 m 25
 522 324 l 25
 565.29 304.11 598.765 306.13 633 273 c 24
 645.038 261.351 622.02 249.21 615 234 c 25
 630 150 l 25
 645.21 125.43 650.995 109.602 669 87 c 24
 706.172 40.3379 725.111 11.123 771 -27 c 24
 802.396 -53.082 827.73 -56.2803 864 -75 c 25
 874.53 -66.8096 884.41 -65.5985 891 -54 c 24
 914.3 -12.9932 920.28 13.71 939 57 c 25
 934.32 0.839844 922.047 -30.8633 927 -87 c 24
 929.3 -113.061 964.432 -121.916 957 -147 c 24
 950.581 -168.665 925.592 -168.461 903 -168 c 24
 865.55 -167.235 844.577 -158.407 810 -144 c 24
 773.695 -128.873 753.509 -117.821 723 -93 c 24
 683.848 -61.1475 664.257 -39.6296 633 0 c 24
 598.433 43.8262 578.257 69.2578 555 120 c 24
 539.031 154.84 542.19 178.56 534 216 c 25
324 168 m 25
 807 234 l 17
 823.786 244.528 813.472 263.383 846 282 c 1
 878.272 262.583 898.818 250.567 912 210 c 9
 916.505 202.05 902.85 199.02 897 192 c 25
 324 108 l 25
 324 168 l 25
756 570 m 25
 782.91 545.43 806.572 538.437 825 507 c 24
 830.917 496.906 814.02 492.36 807 483 c 25
 789.45 465.45 782.253 452.346 762 438 c 24
 725.645 412.248 702.599 401.418 663 381 c 24
 627.628 362.762 608.514 349.024 570 339 c 24
 522.108 326.535 493.14 329.85 444 324 c 25
 496.65 357.93 526.312 377.129 579 411 c 24
 624.592 440.31 655.679 449.78 696 486 c 24
 725.949 512.903 732.6 537.24 756 570 c 25
663 762 m 25
 699.27 750.3 726.664 756.327 756 732 c 24
 779.416 712.582 786 690.42 786 660 c 24
 786 639.87 774.46 626.026 756 618 c 24
 741.406 611.654 726.298 617.086 717 630 c 24
 702.242 650.497 711.563 669.624 702 693 c 24
 690.296 721.609 678.21 735.09 663 762 c 25
663 537 m 24
 701.942 472.521 737.563 444.735 795 396 c 24
 816.206 378.007 835.26 379.53 861 369 c 25
 869.19 380.7 875.745 386.161 882 399 c 24
 898.082 432.011 903.96 452.07 918 486 c 25
 925.02 443.88 923.73 418.9 936 378 c 24
 941.596 359.349 968.017 354.815 963 336 c 24
 955.962 309.608 939.236 290.063 912 288 c 24
 853.411 283.562 817.438 294.493 765 321 c 24
 707.913 349.857 681.412 378.116 639 426 c 24
 607.729 461.307 596.779 487.316 579 531 c 24
 555.555 588.609 551.55 624.33 534 684 c 25
 519 777 l 25
 557.61 767.64 587.56 778.53 618 753 c 24
 634.235 739.383 614.34 720.06 612 699 c 25
 631.89 635.82 628.757 593.698 663 537 c 24
426 540 m 25
 834 618 l 17
 851.014 636.625 849.73 667.313 864 678 c 1
 909 660 925.237 640.559 948 603 c 24
 954.86 591.68 933.36 588.36 924 579 c 25
 432 486 l 25
 426 540 l 25
240 237 m 24
 217.122 262.057 203.4 275.43 180 300 c 25
 192 345 l 25
 229.44 322.77 256.234 317.781 288 288 c 24
 314.058 263.57 330.949 245.359 336 210 c 24
 339.122 188.146 327.251 156.023 306 162 c 24
 268.492 172.549 266.271 208.227 240 237 c 24
378 210 m 24
 361.565 154.592 349.846 123.692 324 72 c 24
 298.154 20.3076 284.105 -10.5471 246 -54 c 24
 216.224 -87.9561 194.4 -104.954 153 -123 c 24
 101.229 -145.567 66.9902 -143.13 12 -156 c 25
 68.1602 -113.88 106.361 -97.6387 156 -48 c 24
 204.48 0.480469 229.63 32.0352 261 93 c 24
 292.488 154.195 296.633 194.675 315 261 c 24
 331.765 321.541 336.96 356.77 351 418 c 25
 216 418 l 25
 216 468 l 25
 336 468 l 25
 357.06 485.55 362.692 515.409 390 513 c 24
 418.068 510.523 426.474 484.712 438 459 c 24
 443.457 446.827 432.51 438.87 429 426 c 25
 409.11 341.76 402.613 292.982 378 210 c 24
171 486 m 25
 171 642 l 25
 261 642 l 25
 261 474 l 25
 256.32 444.75 257.087 427.497 249 399 c 24
 232.434 340.623 222.22 307.64 198 252 c 24
 178.769 207.82 166.429 182.903 138 144 c 24
 121.375 121.25 108.069 110.651 84 96 c 24
 53.5547 77.4678 32.7598 74.04 0 60 c 25
 36.2695 117.33 62.1586 146.576 93 207 c 24
 119.771 259.448 131.146 291.29 147 348 c 24
 161.708 400.61 161.64 432.18 171 486 c 25
36 684 m 25
 369 684 l 25
 369 684 392 720 417 729 c 1
 443 725 431 696 462 663 c 1
 470 645 453 634 435 634 c 9
 36 634 l 25
 36 684 l 25
EndSplineSet
EndChar
