Width: 1000
Flags: H
TeX: 117 0
LayerCount: 2
Fore
SplineSet
657 333 m 25
 708 333 l 25
 708 333 758 257 795 213 c 24
 838 162 866 136 915 90 c 24
 946 61 1000 21 1000 21 c 25
 1000 21 947 12 915 0 c 24
 898 -7 890 -39 876 -27 c 24
 809 32 784 80 738 156 c 24
 699 221 657 333 657 333 c 25
579 333 m 25
 651 333 l 25
 651 291 l 25
 651 291 633 234 612 204 c 24
 565 138 536 101 477 45 c 24
 437 7 409 -9 360 -36 c 24
 330 -53 311 -59 276 -66 c 1
 340 0 372 34 429 102 c 24
 466 145 485 171 516 219 c 24
 544 262 579 333 579 333 c 25
414 363 m 25
 838 363 l 25
 838 363 876 423 901 432 c 1
 927 428 969 375 1000 342 c 1
 1008 324 991 313 973 313 c 9
 414 313 l 25
 414 363 l 25
609 777 m 25
 609 777 688 761 720 726 c 24
 734 711 707 697 699 678 c 25
 699 -108 l 17
 691 -137 685 -159 654 -162 c 1
 630 -160 619 -136 609 -108 c 9
 609 777 l 25
483 570 m 25
 813 570 l 25
 813 570 835 601 859 610 c 1
 878 603 902 575 921 549 c 1
 929 531 913 520 895 520 c 9
 483 520 l 25
 483 570 l 25
465 693 m 25
 465 693 544 682 570 645 c 0
 582 628 558 631 553 620 c 24
 529 571 527 536 495 492 c 24
 465 450 441 426 396 402 c 1
 416 461 424 495 438 555 c 24
 451 608 465 693 465 693 c 25
142 324 m 25
 142 324 217 289 257 255 c 24
 280 236 295 220 297 190 c 24
 299 165 289 145 267 134 c 24
 248 125 232 137 216 151 c 24
 192 172 190 195 170 220 c 24
 149 245 111 280 111 280 c 25
 142 324 l 25
311 407 m 9
 156 407 l 25
 156 457 l 25
 311 457 l 25
 330 471 337 499 360 493 c 24
 397 483 416 460 429 424 c 24
 436 406 412 398 401 382 c 25
 381 314 378 273 350 208 c 24
 312 122 287 75 233 -2 c 24
 198 -51 172 -76 125 -113 c 24
 88 -142 63 -153 20 -170 c 1
 75 -104 110 -60 159 16 c 24
 197 75 217 110 242 175 c 24
 276 263 296 310 311 407 c 9
162 636 m 25
 264 636 l 25
 252 589 249 562 234 516 c 24
 209 438 197 392 162 318 c 24
 138 268 120 242 84 201 c 24
 61 175 43 163 12 147 c 1
 47 233 68 285 99 375 c 24
 117 426 125 455 138 507 c 24
 150 557 162 636 162 636 c 25
12 669 m 25
 348 669 l 25
 348 669 370 700 394 709 c 1
 413 702 437 674 456 648 c 1
 464 630 448 619 430 619 c 9
 12 619 l 25
 12 669 l 25
EndSplineSet
EndChar
