Width: 1000
Flags: H
TeX: 117 0
LayerCount: 2
Fore
SplineSet
201 -79 m 1
 840 -79 l 1
 840 -129 l 1
 201 -129 l 1
 201 -79 l 1
582 225 m 25
 610.08 189.9 623.764 168.26 654 135 c 24
 682.388 103.773 699.116 86.4501 732 60 c 24
 753.264 42.8965 768.6 38.04 792 24 c 25
 769.77 9.95996 758.219 0.335365 735 -12 c 24
 720.608 -19.6455 710.322 -34.7748 696 -27 c 24
 662.522 -8.82617 653.796 15.255 630 45 c 24
 606.887 73.8906 596.961 92.5116 576 123 c 24
 558.351 148.672 548.55 163.26 531 189 c 25
 531 225 l 25
 582 225 l 25
507 162 m 25
 489.45 133.92 484.252 114.523 462 90 c 24
 426.35 50.7119 406.275 25.9423 360 0 c 24
 326.569 -18.7412 301.44 -12.8096 264 -21 c 25
 297.93 10.5898 320.347 25.221 351 60 c 24
 381.486 94.5898 395.957 116.657 420 156 c 24
 434.744 180.126 438.3 196.26 450 222 c 25
 507 222 l 25
 507 162 l 25
648 432 m 25
 680.76 407.43 709.285 403.072 732 369 c 24
 739.815 357.277 718.51 351.383 708 342 c 16
 708 342 673.253 310.134 648 294 c 24
 630.781 282.999 600 273 600 273 c 9
 611.7 308.1 619.307 327.58 630 363 c 24
 638.037 389.624 640.98 405.09 648 432 c 25
483 465 m 25
 526 445 562 449 594 414 c 24
 608 399 581 385 573 366 c 25
 573 -24 l 17
 565 -53 559 -75 528 -78 c 1
 504 -76 493 -52 483 -24 c 9
 483 465 l 25
318 429 m 25
 356.61 409.11 389.047 411.241 417 378 c 24
 437.553 353.559 439.357 327.209 429 297 c 24
 422.212 277.202 401.394 268.294 381 273 c 24
 361.386 277.526 358.862 296.469 351 315 c 24
 342.128 335.913 345.317 350.179 339 372 c 24
 332.412 394.757 326.19 406.77 318 429 c 25
303 246 m 25
 663 246 l 25
 663 246 686 282 711 291 c 1
 737 287 725 258 756 225 c 1
 764 207 747 196 729 196 c 9
 303 196 l 25
 303 246 l 25
780 474 m 25
 823.29 454.11 858.953 458.251 891 423 c 24
 904.745 407.881 878.19 393.72 870 375 c 25
 870 -120 l 17
 862 -149 856 -171 825 -174 c 1
 801 -172 790 -148 780 -120 c 9
 780 474 l 25
156 453 m 25
 199 433 235 437 267 402 c 24
 281 387 254 373 246 354 c 25
 246 -120 l 17
 238 -149 232 -171 201 -174 c 1
 177 -172 166 -148 156 -120 c 9
 156 453 l 25
543 677 m 25
 726 677 l 25
 726 677 749 713 774 722 c 1
 800 718 788 689 819 656 c 1
 827 638 810 627 792 627 c 9
 543 627 l 25
 543 677 l 25
510 516 m 25
 510 795 l 25
 553.29 775.11 588.953 779.251 621 744 c 24
 634.745 728.881 608.19 714.72 600 696 c 25
 600 516 l 25
 510 516 l 25
42 534 m 25
 786 534 l 25
 815 562 824 594 849 603 c 1
 875 599 917 546 948 513 c 1
 956 495 939 484 921 484 c 9
 42 484 l 25
 42 534 l 25
267 519 m 25
 267 765 l 25
 310.29 745.11 345.953 749.251 378 714 c 24
 391.745 698.881 365.19 684.72 357 666 c 25
 357 519 l 25
 267 519 l 25
EndSplineSet
EndChar
