Width: 1000
Flags: H
TeX: 117 0
LayerCount: 2
Fore
SplineSet
656 414 m 25
 656 762 l 25
 656 762 735 746 767 711 c 24
 781 696 754 682 746 663 c 25
 746 414 l 25
 656 414 l 25
443 -93 m 25
 828 -93 l 25
 857 -65 866 -33 891 -24 c 1
 917 -28 959 -81 990 -114 c 1
 998 -132 981 -143 963 -143 c 9
 443 -143 l 25
 443 -93 l 25
422 414 m 25
 422 414 501 398 533 363 c 24
 547 348 520 334 512 315 c 25
 512 21 l 2
 512 0 521 -84 515 -117 c 0
 507 -159 472 -171 452 -171 c 0
 432 -171 414 -164 413 -142 c 0
 412 -122 422 -30 422 6 c 2
 422 414 l 25
581 56 m 1
 843 56 l 1
 843 6 l 1
 581 6 l 1
 581 56 l 1
572 185 m 1
 851 185 l 1
 851 135 l 1
 572 135 l 1
 572 185 l 1
575 320 m 1
 848 320 l 1
 848 270 l 1
 575 270 l 1
 575 320 l 1
566 444 m 25
 788 444 l 25
 804 457 810 482 830 477 c 24
 865 467 882 446 899 414 c 24
 906 401 886 396 878 384 c 25
 878 135 l 2
 878 114 891 30 885 -3 c 0
 877 -45 842 -57 822 -57 c 0
 802 -57 784 -50 783 -28 c 0
 782 -8 788 84 788 120 c 2
 788 394 l 25
 566 394 l 25
 566 444 l 25
545 471 m 25
 545 471 624 455 656 420 c 24
 670 405 643 391 635 372 c 25
 635 135 l 2
 635 114 644 30 638 -3 c 0
 630 -45 595 -57 575 -57 c 0
 555 -57 537 -50 536 -28 c 0
 535 -8 545 84 545 120 c 2
 545 471 l 25
416 591 m 25
 809 591 l 25
 838 619 847 651 872 660 c 1
 898 656 940 603 971 570 c 1
 979 552 962 541 944 541 c 9
 416 541 l 25
 416 591 l 25
170 277 m 17
 211 257 233 246 266 217 c 24
 285 200 298 188 302 163 c 24
 306 142 301 125 284 112 c 24
 270 101 252 103 239 115 c 24
 217 134 222 157 206 181 c 24
 189 208 176 223 155 246 c 9
 170 277 l 17
332 403 m 9
 221 403 l 25
 221 453 l 25
 326 453 l 17
 344 466 350 487 371 483 c 24
 399 478 412 460 425 435 c 24
 432 421 420 411 416 396 c 17
 410 318 405 262 381 180 c 24
 359 106 341 65 299 0 c 24
 268 -48 245 -74 197 -105 c 24
 151 -135 117 -144 65 -153 c 1
 109 -126 154 -94 191 -39 c 24
 247 44 267 100 297 195 c 24
 322 273 327 327 332 403 c 9
206 630 m 9
 296 630 l 17
 295 594 291 568 282 521 c 0
 269 454 261 414 239 348 c 24
 223 299 210 272 184 227 c 24
 163 190 149 170 119 140 c 24
 91 112 69 96 36 80 c 1
 71 141 87 174 113 237 c 24
 138 297 149 333 167 396 c 24
 182 449 188 480 197 535 c 24
 203 572 205 591 206 630 c 9
65 657 m 25
 389 657 l 25
 389 657 411 688 435 697 c 1
 454 690 478 662 497 636 c 1
 505 618 489 607 471 607 c 9
 65 607 l 25
 65 657 l 25
EndSplineSet
EndChar
