Width: 1000
Flags: HW
TeX: 117 0
LayerCount: 2
Fore
SplineSet
75 -24 m 25
 117 -19 141 -17 183 -12 c 24
 266 -2 313 4 396 15 c 24
 452 23 480 30 540 36 c 9
 489 9 460 -8 408 -33 c 24
 368 -52 345 -63 303 -78 c 24
 245 -98 211 -105 153 -123 c 24
 139 -127 126 -147 117 -135 c 24
 88 -99 91 -67 75 -24 c 25
855 522 m 25
 880 485 906 469 918 426 c 24
 922 412 898 416 885 411 c 24
 837 394 810 386 762 369 c 24
 727 357 707 348 672 336 c 24
 641 326 623 321 591 312 c 25
 582 366 l 25
 624 388 649 399 690 423 c 24
 755 460 791 483 855 522 c 25
906 -132 m 9
 609 -132 l 17
 581 -127 557 -109 552 -84 c 9
 552 747 l 25
 595 727 631 731 663 696 c 24
 677 681 650 667 642 648 c 25
 642 -16 l 17
 642 -37 662 -51 678 -52 c 9
 813 -52 l 25
 829 -26 841 -13 855 15 c 24
 873 52 879 75 894 114 c 25
 898 53 889 17 903 -42 c 24
 909 -68 944 -69 945 -96 c 24
 946 -117 927 -126 906 -132 c 9
243 417 m 25
 408 417 l 25
 408 417 430 448 454 457 c 1
 473 450 497 422 516 396 c 1
 524 378 508 367 490 367 c 9
 243 367 l 25
 243 417 l 25
207 -57 m 25
 207 735 l 25
 250 715 286 719 318 684 c 24
 332 669 305 655 297 636 c 25
 297 -57 l 25
 207 -57 l 25
EndSplineSet
EndChar
