Width: 1000
Flags: H
TeX: 117 0
LayerCount: 2
Fore
SplineSet
708 297 m 25
 759 206 784 151 840 63 c 24
 864 26 880 7 912 -24 c 24
 931 -43 947 -48 969 -63 c 25
 947 -78 934 -86 912 -102 c 24
 894 -115 887 -143 867 -135 c 24
 834 -122 827 -95 810 -63 c 24
 778 -4 768 33 744 96 c 24
 723 150 713 182 693 237 c 25
 708 297 l 25
669 204 m 9
 669 531 l 25
 759 531 l 25
 759 204 l 17
 735 123 710.962 90.3271 669 24 c 24
 637.924 -25.1201 617.652 -52.7898 573 -90 c 24
 538.833 -118.473 510.78 -121.11 471 -141 c 25
 503.76 -97.71 524.886 -75.1711 555 -30 c 24
 585.833 16.249 602.656 43.0305 627 93 c 24
 647.271 134.61 657 159 669 204 c 9
840 493 m 25
 612 493 l 25
 612 543 l 25
 828 543 l 25
 850 557 860 587 885 579 c 24
 922 567 937 540 951 504 c 24
 956 491 935 489 924 480 c 25
 810 375 l 25
 840 493 l 25
621 777 m 25
 664 755 698 755 732 720 c 24
 743 708 719 698 711 684 c 25
 693 635 686 606 666 558 c 24
 641 498 631 463 597 408 c 24
 582 383 564 377 543 357 c 25
 555 403 563 428 573 474 c 24
 587 541 592 580 603 648 c 24
 611 698 614 727 621 777 c 25
309 216 m 25
 341.76 193.77 367.36 189.165 393 159 c 24
 409.55 139.53 419.081 120.242 411 96 c 24
 403.301 72.9033 384.142 63.1489 360 60 c 24
 347.451 58.3633 346.488 75.167 342 87 c 24
 333.445 109.553 336.078 124.653 327 147 c 24
 320.649 162.633 312.36 168.96 303 183 c 25
 309 216 l 25
276 309 m 25
 345 309 l 25
 340.32 266.88 348.631 240.391 333 201 c 24
 318.238 163.802 300.158 146.308 270 120 c 24
 243.965 97.2881 222.42 94.3799 192 78 c 25
 192 114 l 25
 214.23 139.74 235.545 148.765 249 180 c 24
 269.335 227.207 265.47 258.69 276 309 c 25
162 54 m 25
 396 54 l 25
 396 54 419 90 444 99 c 1
 470 95 458 66 489 33 c 1
 497 15 480 4 462 4 c 9
 162 4 l 25
 162 54 l 25
120 234 m 25
 163 214 199 218 231 183 c 24
 245 168 218 154 210 135 c 25
 210 9 l 17
 202 -20 196 -42 165 -45 c 1
 141 -43 130 -19 120 9 c 9
 120 234 l 25
447 15 m 25
 447 274 l 25
 206 274 l 25
 206 324 l 25
 447 324 l 25
 463.38 336.87 468.89 362.435 489 357 c 24
 524.178 347.492 541.287 326.381 558 294 c 24
 564.55 281.309 545.19 275.7 537 264 c 25
 537 0 l 17
 525 -39 521.168 -63.0157 495 -93 c 24
 462.983 -129.686 441.483 -160.49 393 -165 c 24
 367.45 -167.377 382.898 -124.311 366 -105 c 24
 348.687 -85.2129 331.23 -83.04 309 -69 c 25
 408 -69 l 25
 418.53 -56.1299 427.998 -51.0822 435 -36 c 24
 443.604 -17.4668 442.32 -4.88965 447 15 c 25
243 444 m 25
 339 444 l 25
 315.6 403.05 306.71 377.166 279 339 c 24
 244.404 291.35 223.349 264.853 180 225 c 24
 150.139 197.547 129.281 186.141 93 168 c 24
 58.5771 150.789 36.2695 147.87 0 135 c 25
 46.7998 178.29 77.4547 198.522 120 246 c 24
 158.577 289.05 176.497 316.898 207 366 c 24
 224.68 394.459 228.96 413.58 243 444 c 25
159 481 m 1
 429 481 l 1
 429 431 l 1
 159 431 l 1
 159 481 l 1
144 594 m 1
 447 594 l 1
 447 544 l 1
 144 544 l 1
 144 594 l 1
147 720 m 25
 387 720 l 25
 403 733 409 758 429 753 c 24
 464 743 481 722 498 690 c 24
 505 677 485 672 477 660 c 25
 477 453 l 17
 469 424 463 402 432 399 c 1
 408 401 397 425 387 453 c 9
 387 670 l 25
 147 670 l 25
 147 720 l 25
120 750 m 25
 163 730 199 734 231 699 c 24
 245 684 218 670 210 651 c 25
 210 447 l 17
 202 418 196 396 165 393 c 1
 141 395 130 419 120 447 c 9
 120 750 l 25
EndSplineSet
EndChar
