Width: 1000
Flags: H
TeX: 117 0
LayerCount: 2
Fore
SplineSet
33 -57 m 25
 804 -57 l 25
 833 -29 842 3 867 12 c 1
 893 8 935 -45 966 -78 c 1
 974 -96 957 -107 939 -107 c 9
 33 -107 l 25
 33 -57 l 25
500 327 m 25
 716 327 l 25
 716 327 738 358 762 367 c 1
 781 360 805 332 824 306 c 1
 832 288 816 277 798 277 c 9
 500 277 l 25
 500 327 l 25
455 645 m 25
 545 645 l 25
 545 -72 l 25
 455 -72 l 25
 455 645 l 25
195 -78 m 25
 195 459 l 25
 195 459 274 443 306 408 c 24
 320 393 293 379 285 360 c 25
 285 -78 l 25
 195 -78 l 25
105 675 m 25
 730 675 l 25
 759 703 768 735 793 744 c 1
 819 740 861 687 892 654 c 1
 900 636 883 625 865 625 c 9
 105 625 l 25
 105 675 l 25
EndSplineSet
EndChar
