Width: 1000
Flags: H
TeX: 117 0
LayerCount: 2
Fore
SplineSet
495 318 m 25
 552 318 l 25
 575.4 271.2 581.633 240.611 612 198 c 24
 654.799 137.943 684.003 107.23 738 57 c 24
 785.116 13.1709 815.125 -8.38922 870 -42 c 24
 909.306 -66.0752 935.88 -71.2803 978 -90 c 25
 939.39 -105.21 914.01 -106.721 879 -129 c 24
 860.639 -140.685 867.721 -175.358 846 -174 c 24
 814.45 -172.028 805.56 -145.143 783 -123 c 24
 742.221 -82.9766 719.28 -59.9462 684 -15 c 24
 633.695 49.0869 604.215 85.1447 564 156 c 24
 530.104 215.724 521.91 254.82 495 318 c 25
795 298 m 25
 456 298 l 25
 456 348 l 25
 810 348 l 25
 833.4 363.21 843.524 395.826 870 387 c 24
 908.658 374.114 921.039 343.902 936 306 c 24
 941.602 291.811 923.19 285.87 915 273 c 25
 877.56 220.35 861.12 186.987 819 138 c 24
 753.188 61.457 718.609 14.0683 639 -48 c 24
 578.748 -94.9756 537.923 -115.212 465 -138 c 24
 404.438 -156.926 390 -159 303 -153 c 1
 408 -117 423.354 -109.74 489 -63 c 24
 571.265 -4.42773 608.526 40.7086 678 114 c 24
 715.348 153.4 732.87 179.189 762 225 c 24
 778.765 251.365 782.13 269.53 795 298 c 25
795 498 m 9
 795 682 l 25
 588 682 l 25
 588 732 l 25
 795 732 l 25
 811.38 744.87 816.891 770.435 837 765 c 24
 872.178 755.492 889.287 734.381 906 702 c 24
 912.55 689.309 893.19 683.7 885 672 c 25
 885 477 l 25
 870.96 455.94 867.141 440.65 849 423 c 24
 823.167 397.865 809.941 371.696 774 369 c 24
 749.25 367.144 745.975 395.894 729 414 c 24
 710.858 433.352 701.55 445.11 684 465 c 17
 747 465 l 1
 771.636 466.854 793.945 471.173 795 498 c 9
549 771 m 25
 593.46 756.96 623.526 759.812 663 735 c 24
 673.342 728.499 657.51 716.7 654 705 c 25
 642.3 666.39 638.322 643.716 624 606 c 24
 603.166 551.136 598.594 515.406 564 468 c 24
 533.623 426.372 501.78 416.76 462 384 c 25
 476.04 419.1 487.025 437.824 498 474 c 24
 518.678 542.158 530.946 580.802 543 651 c 24
 550.931 697.183 546.66 724.2 549 771 c 25
177 339 m 25
 226.14 302.73 263.549 292.624 303 246 c 24
 330.51 213.488 336.824 186.272 342 144 c 24
 344.354 124.776 337.86 108.53 321 99 c 24
 304.576 89.7168 284.378 89.9514 273 105 c 24
 243.515 143.996 250.422 178.556 228 222 c 24
 212.652 251.735 196.89 264.09 177 291 c 25
 177 339 l 25
348 315 m 9
 348 451 l 25
 201 451 l 25
 201 501 l 25
 348 501 l 25
 364.38 513.87 369.89 539.435 390 534 c 24
 425.178 524.492 442.287 503.381 459 471 c 24
 465.55 458.309 446.19 452.7 438 441 c 25
 438 282 l 25
 416.94 219.99 412.834 181.799 384 123 c 24
 352.707 59.1875 331.893 23.4064 285 -30 c 24
 246.541 -73.8008 220.389 -97.4445 168 -123 c 24
 121.803 -145.535 89.3096 -139.47 39 -150 c 25
 77.6104 -121.92 103.541 -111.043 138 -78 c 24
 189.479 -28.6367 219.589 -0.0947589 258 60 c 24
 292.998 114.756 302.372 151.72 324 213 c 24
 337.602 251.536 348 267 348 315 c 9
165 501 m 25
 165 693 l 25
 255 693 l 25
 255 498 l 25
 237.45 428.97 234.485 387.885 210 321 c 24
 186.257 256.14 168.938 220.362 132 162 c 24
 109.86 127.019 93.1189 108.839 60 84 c 24
 40.167 69.125 23.4004 71.1904 0 63 c 25
 25.7402 108.63 43.2236 132.82 66 180 c 24
 92.4502 234.79 108.07 265.862 126 324 c 24
 146.832 391.546 149.79 431.97 165 501 c 25
57 729 m 25
 399 729 l 25
 399 729 422 765 447 774 c 1
 473 770 461 741 492 708 c 1
 500 690 483 679 465 679 c 9
 57 679 l 25
 57 729 l 25
EndSplineSet
EndChar
