Width: 1000
Flags: HW
LayerCount: 2
Fore
SplineSet
483 240 m 25
 540 240 l 25
 540 240 585 157 624 111 c 24
 664 63 691 38 741 0 c 24
 780 -30 806 -42 852 -60 c 24
 892 -75 960 -84 960 -84 c 25
 960 -84 930 -99 912 -111 c 24
 884 -130 877 -160 843 -165 c 24
 808 -170 785 -156 756 -135 c 24
 701 -96 674 -66 630 -15 c 24
 592 29 575 58 546 108 c 24
 518 157 483 240 483 240 c 25
738 220 m 25
 435 220 l 25
 435 270 l 25
 747 270 l 25
 766 285 772 315 795 309 c 24
 834 298 855 275 870 237 c 24
 877 219 849 215 840 198 c 0
 807 138 789 113 750 63 c 24
 719 23 700 1 660 -30 c 24
 601 -77 566 -103 498 -135 c 24
 447 -159 417 -168 357 -171 c 1
 423 -138 444 -123 492 -81 c 24
 562 -20 598 18 657 90 c 24
 695 136 738 220 738 220 c 25
870 333 m 10
 738 333 l 17
 710 338 686 356 681 381 c 9
 681 631 l 25
 546 631 l 25
 546 681 l 25
 681 681 l 25
 697 694 703 719 723 714 c 24
 758 704 775 683 792 651 c 24
 799 638 779 633 771 621 c 25
 771 449 l 17
 771 428 791 414 807 413 c 9
 844 413 l 25
 885 558 l 25
 893 509 890 479 906 432 c 24
 913 412 944 414 942 393 c 0
 939 357 918 333 870 333 c 10
510 510 m 2
 510 711 l 25
 510 711 589 695 621 660 c 24
 635 645 608 631 600 612 c 25
 600 489 l 18
 600 434 589 397 552 357 c 24
 514 317 468 315 423 300 c 1
 440 318 470 353 486 393 c 0
 494 413 510 462 510 510 c 2
287 219 m 25
 287 219 360 189 395 163 c 0
 430.958 136.288 456.605 113.578 461 69 c 24
 463.708 41.5342 436.386 17.5768 409 21 c 24
 373.127 25.4844 365.573 57.4823 341 84 c 24
 311.232 116.123 270 171 270 171 c 25
 287 219 l 25
212 255 m 25
 239 261 l 25
 261 150 l 25
 261 150 213 79 177 39 c 24
 144 3 123 -15 84 -45 c 24
 55 -67 38 -78 5 -93 c 1
 39 -51 57 -23 87 24 c 24
 123 79 143 110 174 168 c 24
 192 201 212 255 212 255 c 25
224 450 m 25
 224 450 303 434 335 399 c 24
 349 384 322 370 314 351 c 25
 314 -141 l 17
 306 -170 300 -192 269 -195 c 1
 245 -193 234 -169 224 -141 c 9
 224 450 l 25
36 291 m 25
 354 291 l 25
 354 291 376 322 400 331 c 1
 419 324 443 296 462 270 c 1
 470 252 454 241 436 241 c 9
 36 241 l 25
 36 291 l 25
66 705 m 1
 133 688 175 676 240 645 c 24
 309 612 349 591 408 543 c 24
 429 526 445 508 440 482 c 24
 436 459 414 445 391 448 c 0
 357 453 327 494 288 525 c 24
 235 567 206 591 156 636 c 0
 123 666 103 680 66 705 c 1
360 741 m 25
 360 741 428 715 450 678 c 24
 459 662 427 661 414 648 c 0
 352 586 316 551 246 498 c 24
 204 467 177 454 129 433 c 24
 96 418 75 413 39 408 c 1
 93 449 124 474 174 522 c 24
 236 581 269 616 324 681 c 24
 342 702 360 741 360 741 c 25
EndSplineSet
EndChar
