Width: 1000
Flags: H
TeX: 117 0
LayerCount: 2
Fore
SplineSet
486 222 m 1
 576 222 l 1
 576 -126 l 1
 486 -126 l 1
 486 222 l 1
540 78 m 25
 720 78 l 25
 720 78 743 114 768 123 c 1
 794 119 782 90 813 57 c 1
 821 39 804 28 786 28 c 9
 540 28 l 25
 540 78 l 25
72 -93 m 25
 783 -93 l 25
 812 -65 821 -33 846 -24 c 1
 872 -28 914 -81 945 -114 c 1
 953 -132 936 -143 918 -143 c 9
 72 -143 l 25
 72 -93 l 25
261 -123 m 25
 261 135 l 25
 304 115 340 119 372 84 c 24
 386 69 359 55 351 36 c 25
 351 -123 l 25
 261 -123 l 25
177 255 m 25
 729 255 l 25
 758 283 767 315 792 324 c 1
 818 320 860 267 891 234 c 1
 899 216 882 205 864 205 c 9
 177 205 l 25
 177 255 l 25
546 540 m 25
 597.48 534.15 627.866 538.078 678 525 c 24
 736.443 509.754 772.656 502.831 822 468 c 24
 855.673 444.231 872.233 421.043 882 381 c 24
 886.331 363.244 870.253 344.087 852 345 c 24
 813.314 346.935 794.228 365.514 762 387 c 24
 723.354 412.765 709.902 438.152 672 465 c 24
 625.334 498.055 595.14 510.75 546 540 c 25
570 591 m 25
 570 303 l 17
 562 274 556 252 525 249 c 1
 501 251 490 275 480 303 c 9
 480 546 l 25
 570 591 l 25
597 681 m 25
 642.63 658.77 679.516 661.243 714 624 c 24
 726.817 610.157 688.393 609.338 672 600 c 24
 595.963 556.688 555.596 527.474 477 489 c 24
 388 445.434 338.065 417.96 243 390 c 24
 177.425 370.713 136.86 377.19 69 369 c 25
 159.09 408.78 213.396 424.113 300 471 c 24
 397.614 523.849 449.366 559.915 540 624 c 24
 565.67 642.15 574.77 658.77 597 681 c 25
105 699 m 25
 759 699 l 25
 788 727 797 759 822 768 c 1
 848 764 890 711 921 678 c 1
 929 660 912 649 894 649 c 9
 105 649 l 25
 105 699 l 25
EndSplineSet
EndChar
