Width: 1000
Flags: H
TeX: 117 0
LayerCount: 2
Fore
SplineSet
696 311 m 25
 737 232 754 184 801 108 c 24
 832 58 852 31 894 -10 c 24
 926 -41 951 -50 987 -76 c 25
 950 -87 928 -92 891 -105 c 24
 873 -111 864 -134 846 -126 c 24
 814 -111 806 -87 789 -57 c 24
 757 -0 745 35 720 95 c 24
 698 149 689 181 669 236 c 25
 696 311 l 25
642 281 m 25
 642 497 l 25
 732 497 l 25
 732 260 l 25
 706 186 700 141 666 71 c 24
 641 18 619 -9 582 -55 c 24
 559 -83 545 -100 513 -118 c 24
 467 -144 436 -147 387 -166 c 25
 446 -97 487 -64 537 11 c 24
 577 71 592 111 618 179 c 24
 633 217 633 241 642 281 c 25
849 474 m 25
 558 474 l 25
 558 524 l 25
 834 524 l 25
 862 542 876 582 906 569 c 24
 950 550 961 511 969 464 c 24
 972 445 930 434 930 434 c 1
 798 344 l 25
 849 474 l 25
573 767 m 25
 614 746 645 745 678 713 c 24
 688 704 665 696 660 683 c 24
 634 615 630 573 600 506 c 24
 579 458 564 432 531 392 c 24
 507 362 485 354 456 329 c 25
 474 379 486 407 501 458 c 24
 521 529 529 569 546 641 c 24
 557 690 562 718 573 767 c 25
327 101 m 25
 363 81 388 77 420 50 c 24
 447 27 468 13 474 -22 c 24
 478 -48 466 -71 441 -82 c 24
 421 -91 404 -75 390 -58 c 24
 369 -31 370 -9 357 23 c 24
 345 53 339 71 327 101 c 25
204 98 m 25
 236 66 263 56 285 17 c 24
 291 5 274 -1 264 -10 c 24
 236 -33 219 -44 189 -64 c 24
 155 -86 137 -103 99 -118 c 24
 67 -131 46 -127 12 -133 c 25
 49 -94 74 -75 108 -34 c 24
 149 15 167 47 204 98 c 25
177 306 m 25
 396 306 l 25
 396 256 l 25
 177 256 l 25
 177 306 l 25
168 454 m 25
 381 454 l 25
 381 404 l 25
 168 404 l 25
 168 454 l 25
336 125 m 25
 336 752 l 25
 379 732 415 736 447 701 c 24
 461 686 434 672 426 653 c 25
 426 125 l 25
 336 125 l 25
141 125 m 25
 141 752 l 25
 184 732 220 736 252 701 c 24
 266 686 239 672 231 653 c 25
 231 125 l 25
 141 125 l 25
33 158 m 25
 435 158 l 25
 435 158 458 194 483 203 c 1
 509 199 497 170 528 137 c 1
 536 119 519 108 501 108 c 9
 33 108 l 25
 33 158 l 25
33 599 m 25
 423 599 l 25
 423 599 446 635 471 644 c 1
 497 640 485 611 516 578 c 1
 524 560 507 549 489 549 c 9
 33 549 l 25
 33 599 l 25
EndSplineSet
EndChar
