Width: 1000
Flags: H
LayerCount: 2
Fore
SplineSet
431 45 m 0
 431 83.0879 461.912 114 500 114 c 0
 538.088 114 569 83.0879 569 45 c 0
 569 6.91211 538.088 -24 500 -24 c 0
 461.912 -24 431 6.91211 431 45 c 0
782 45 m 0
 782 83.0879 812.912 114 851 114 c 0
 889.088 114 920 83.0879 920 45 c 0
 920 6.91211 889.088 -24 851 -24 c 0
 812.912 -24 782 6.91211 782 45 c 0
80 45 m 0
 80 83.0879 110.912 114 149 114 c 0
 187.088 114 218 83.0879 218 45 c 0
 218 6.91211 187.088 -24 149 -24 c 0
 110.912 -24 80 6.91211 80 45 c 0
EndSplineSet
EndChar
