Width: 1000
Flags: HW
LayerCount: 2
Fore
SplineSet
793 563 m 17
 835 544 855 533 884 501 c 24
 903 481 911 462 909 434 c 24
 907 411 897 393 875 388 c 24
 856 384 844 400 836 417 c 0
 828 436 826 457 819 483 c 24
 809 515 803 532 793 563 c 17
672 532 m 17
 717 518 741 508 769 475 c 24
 791 448 794 424 791 390 c 24
 788 372 775 360 756 356 c 24
 740 353 726 362 717 376 c 24
 701 400 705 420 697 447 c 24
 688 481 681 499 672 532 c 17
517 576 m 25
 654 594 l 17
 645 582 607 565 599 555 c 0
 579 529 562 508 543 474 c 8
 515 424 498 395 484 339 c 24
 471 285 467 252 475 198 c 24
 482 150 492 121 522 84 c 24
 552 47 583 40 624 15 c 24
 655 -4 690 3 705 -30 c 24
 714 -51 686 -68 663 -72 c 24
 623 -79 598 -71 561 -54 c 24
 518 -34 494 -17 465 21 c 24
 431 65 416 96 403 150 c 24
 388 213 388 251 397 315 c 24
 405 376 419 409 445 465 c 24
 467 512 517 576 517 576 c 25
123 555 m 25
 159 554 180 546 216 552 c 24
 282 563 317 581 382 597 c 24
 496 625 559 656 676 666 c 24
 725 670 757 660 798 633 c 24
 815 622 823 588 804 582 c 16
 756 567 742 571 702 573 c 0
 673 574 618 574 582 567 c 8
 498 552 453 530 372 504 c 24
 333 491 312 480 273 468 c 24
 255 462 241 449 225 459 c 24
 178 486 163 518 123 555 c 25
EndSplineSet
EndChar
