Width: 1000
Flags: HW
LayerCount: 2
Fore
SplineSet
168 351 m 25
 168 351 240 355 285 363 c 24
 336 372 367 381 414 396 c 0
 475 416 526 432 600 429 c 24
 657 427 693 419 738 384 c 24
 779 352 795 321 804 270 c 0
 811 228 810 178 783 129 c 24
 754 76 722 53 669 23 c 0
 629 0 592 -11 540 -21 c 24
 479 -32 453 -33 381 -30 c 1
 442 -11 471 -1 526 25 c 24
 579 50 612 67 655 100 c 0
 688 125 708 148 714 189 c 24
 721 235 718 271 687 306 c 0
 658 338 624 343 580 345 c 0
 540 347 507 338 462 326 c 0
 411 312 375 295 318 279 c 24
 294 272 278 256 255 267 c 24
 212 287 168 351 168 351 c 25
EndSplineSet
EndChar
