Width: 1000
Flags: HW
LayerCount: 2
Fore
SplineSet
675 539 m 0
 675 514 696 493 723 493 c 0
 750 493 772 514 772 539 c 0
 772 565 750 585 723 585 c 0
 696 585 675 565 675 539 c 0
625 536 m 0
 625 588 669 630 723 630 c 0
 778 630 822 588 822 536 c 0
 822 484 778 442 723 442 c 0
 669 442 625 484 625 536 c 0
69 234 m 9
 103 257 123 270 156 294 c 24
 226 346 263 377 333 429 c 24
 364 452 384 480 414 486 c 0
 444 492 453 459 465 447 c 0
 504 408 545 373 600 330 c 24
 641 297 667 281 711 252 c 24
 752 225 776 210 819 186 c 24
 855 166 881 165 912 138 c 24
 927 125 936 107 927 90 c 24
 916 69 897 62 873 63 c 24
 842 64 826 79 798 93 c 24
 757 113 734 125 696 150 c 24
 643 185 614 207 564 246 c 24
 525 277 504 296 468 330 c 24
 443 354 431 370 408 396 c 25
 385 376 372 365 348 345 c 24
 304 308 281 285 234 252 c 24
 210 235 197 222 168 219 c 24
 129 215 99 222 69 234 c 9
EndSplineSet
EndChar
