Width: 1000
Flags: HW
LayerCount: 2
Fore
SplineSet
786 768 m 1
 840 757 858 750 887 717 c 0
 908 693 916 673 915 642 c 24
 915 624 902 612 885 606 c 24
 871 601 861 607 850 620 c 0
 830 644 828 664 816 693 c 24
 803 722 799 733 786 768 c 1
648 732 m 1
 705 723 732 714 761 684 c 0
 788 657 797 635 792 600 c 24
 789 579 764 563 745 573 c 24
 715 589 718 620 700 649 c 24
 680 682 689 679 648 732 c 1
732 564 m 25
 732 564 795 547 816 516 c 24
 826 501 800 493 792 477 c 24
 757 410 744 368 706 303 c 24
 660 225 634 181 577 111 c 24
 535 59 506 33 452 -7 c 24
 422 -30 400 -38 364 -48 c 24
 325 -59 304 -61 261 -62 c 1
 322 -28 354 -7 406 39 c 24
 465 92 496 125 544 189 c 24
 594 256 618 297 655 372 c 24
 691 444 732 564 732 564 c 25
174 606 m 1
 252 585 267 579 312 540 c 24
 340 516 350 490 351 453 c 24
 352 423 341 399 315 384 c 24
 298 374 281 389 270 405 c 24
 247 437 248 463 231 498 c 24
 210 541 199 563 174 606 c 1
EndSplineSet
EndChar
