Width: 1000
Flags: HW
LayerCount: 2
Fore
SplineSet
432 236 m 17
 504 212 542 203 603 164 c 24
 642 139 660 116 681 74 c 24
 695 47 705 21 687 -4 c 24
 673 -23 647 -13 627 -1 c 24
 598 15 591 36 570 62 c 24
 547 90 536 108 513 137 c 24
 482 176 464 197 432 236 c 17
717 415 m 25
 438 415 l 25
 438 465 l 25
 720 465 l 25
 741 478 751 506 774 498 c 24
 813 485 828 459 846 422 c 24
 852 410 831 407 822 398 c 25
 597 95 l 25
 552 140 l 25
 717 415 l 25
450 375 m 8
 420 322 403 291 366 243 c 24
 330 196 310 169 264 132 c 24
 226 102 195 92 153 74 c 9
 200 139 230 173 273 240 c 24
 308 294 325 326 354 384 c 24
 378 433 389 461 408 512 c 24
 425 556 432 582 447 627 c 25
 484 610 513 612 543 584 c 24
 554 574 536 563 531 549 c 25
 499 481 469 408 450 375 c 8
EndSplineSet
EndChar
