Width: 1000
Flags: HW
LayerCount: 2
Fore
SplineSet
777 711 m 17
 819 702 855 696 894 666 c 24
 915 650 918 629 918 603 c 24
 918 587 909 575 894 570 c 24
 878 564 864 567 852 579 c 24
 829 602 829 623 813 651 c 24
 800 675 791 688 777 711 c 17
672 639 m 17
 726 627 749 626 786 597 c 24
 809 579 818 556 813 528 c 24
 809 507 789 488 768 495 c 24
 739 504 737 532 720 558 c 24
 700 589 691 607 672 639 c 17
738 334 m 24
 766 337 798 329 803 301 c 24
 807 275 776 265 750 259 c 24
 553 215 437 208 238 173 c 24
 217 169 204 149 184 158 c 24
 146 177 106 236 106 236 c 1
 738 334 l 24
189 384 m 24
 155 405 120 459 120 459 c 1
 120 459 377 489 541 514 c 24
 575 519 593 541 627 536 c 24
 656 531 680 519 686 491 c 24
 691 470 666 460 645 456 c 24
 481 423 385 422 219 396 c 24
 207 394 200 377 189 384 c 24
347 601 m 24
 340 640 316 699 316 699 c 1
 316 699 401 686 444 657 c 24
 458 648 438 631 440 615 c 24
 466 427 487 322 516 135 c 24
 527 64 547 24 543 -48 c 24
 541 -77 531 -104 503 -112 c 24
 482 -118 468 -93 462 -72 c 0
 441 0 434 71 418 163 c 24
 389 334 379 431 347 601 c 24
EndSplineSet
EndChar
