Width: 1000
Flags: HW
LayerCount: 2
Fore
SplineSet
477 378 m 25
 516 365.13 546.783 372.813 577 345 c 24
 591.197 331.932 569.68 315.72 565 297 c 25
 565 -45 l 17
 564 -69 545.532 -92.377 523 -87 c 24
 493.408 -79.9385 477 -48 477 -24 c 9
 477 378 l 25
624 591 m 25
 649.74 557.07 674.363 543.614 690 504 c 24
 694.898 491.592 677.19 487.53 669 477 c 25
 624.54 431.37 602.378 402.592 555 360 c 24
 486.373 298.305 451.072 257.577 372 210 c 24
 311.102 173.357 261 156 201 147 c 9
 254.82 194.97 287.805 219.238 339 270 c 24
 425.979 356.242 473.677 406.404 555 498 c 24
 584.984 531.772 597.09 554.73 624 591 c 25
EndSplineSet
EndChar
