Width: 1000
Flags: HW
LayerCount: 2
Fore
SplineSet
435 139 m 1
 480 117 501 107 545 95 c 24
 589 83 615 79 660 76 c 24
 724 72 768 82 825 76 c 0
 851 73 876 53 870 28 c 24
 863 -1 834 -7 804 -13 c 24
 747 -24 712 -24 654 -14 c 24
 601 -5 569 3 525 34 c 24
 481 65 463 91 435 139 c 1
450 619 m 1
 507 609 541 606 600 607 c 24
 672 608 712 630 783 622 c 24
 805 620 826 605 825 583 c 24
 824 556 806 537 780 529 c 24
 718 511 679 516 615 523 c 24
 576 527 554 536 520 556 c 24
 488 574 474 590 450 619 c 1
180 710 m 25
 180 710 238 678 267 649 c 24
 279 637 283 624 282 607 c 24
 276 538 262 500 249 432 c 24
 242 395 237 374 231 337 c 24
 226 305 222 287 222 254 c 24
 222 210 231 142 231 142 c 25
 231 142 256 188 274 217 c 24
 304 266 323 292 354 340 c 25
 338 280 328 245 312 185 c 24
 295 123 279 90 270 27 c 24
 265 -11 290 -35 276 -70 c 24
 267 -91 241 -103 222 -90 c 24
 187 -66 180 -37 168 4 c 24
 149 73 146 114 144 185 c 24
 142 262 150 305 159 382 c 24
 168 462 184 506 189 586 c 24
 192 634 180 710 180 710 c 25
EndSplineSet
EndChar
