Width: 1000
Flags: HW
LayerCount: 2
Fore
SplineSet
486 402 m 25
 516 404 533 405 563 408 c 24
 622 413 655 427 714 422 c 24
 740 420 759 412 773 390 c 24
 782 377 774 357 759 352 c 24
 700 333 662 343 601 334 c 16
 567 329 534 339 500 328 c 9
 486 402 l 25
471 613 m 25
 471 613 514 585 534 559 c 24
 549 540 556 525 558 501 c 24
 563 446 553 415 552 360 c 24
 551 274 554 225 554 139 c 24
 554 109 561 91 552 63 c 24
 539 21 528 -2 501 -36 c 24
 480 -61 464 -78 432 -84 c 24
 387 -93 358 -88 315 -72 c 24
 281 -59 260 -44 243 -12 c 24
 221 30 207 57 222 108 c 0
 236 155 272 182 314 190 c 0
 362 199 404 195 459 183 c 24
 514 171 543 153 594 129 c 24
 653 101 688 88 741 51 c 24
 767 33 786 21 794 -9 c 24
 798 -26 783 -45 765 -44 c 24
 725 -41 708 -18 672 0 c 24
 642 15 626 23 597 39 c 24
 565 56 546 69 516 84 c 0
 470 107 402 132 363 129 c 0
 334 127 290 112 285 75 c 24
 280 34 306 1 345 -12 c 24
 385 -26 430 -12 450 18 c 0
 474 54 477 83 481 127 c 24
 489 208 482 254 481 335 c 24
 480 412 480 455 477 532 c 24
 476 564 471 613 471 613 c 25
EndSplineSet
EndChar
