Width: 1000
Flags: H
TeX: 117 0
LayerCount: 2
Fore
SplineSet
96 192 m 25
 124 172 142 163 168 141 c 24
 188 124 195 112 213 93 c 25
 369 150 l 25
 329 108 298 91 267 42 c 24
 253 20 273 -1 261 -24 c 24
 252 -41 237 -53 219 -48 c 24
 187 -39 172 -22 153 6 c 24
 132 38 131 62 120 99 c 24
 109 135 105 156 96 192 c 25
708 288 m 1
 777 252 823 230 879 171 c 24
 914 134 927 102 933 51 c 24
 935 30 918 11 897 12 c 24
 870 14 859 35 843 57 c 24
 820 89 819 119 798 147 c 0
 763 205 753 225 708 288 c 1
537 -81 m 24
 501 -94 474 -93 438 -78 c 24
 393 -59 379 -30 342 0 c 25
 381 -8 402 -21 441 -21 c 24
 470 -21 495 -23 513 0 c 24
 538 33 543 63 537 105 c 24
 526 178 501 215 471 282 c 16
 452 325 396 363 366 410 c 1
 435 375 483 366 534 309 c 24
 590 248 609 200 630 120 c 24
 643 70 640 35 618 -12 c 24
 601 -50 576 -67 537 -81 c 24
426 693 m 17
 483 684 515 676 561 645 c 24
 595 622 613 601 624 561 c 24
 633 530 634 496 606 480 c 24
 580 465 566 516 537 511 c 24
 487 503 467 474 423 450 c 25
 455 499 491 519 504 576 c 24
 511 607 486 623 468 649 c 24
 455 669 442 676 426 693 c 17
765 553 m 0
 765 533 783 516 804 516 c 0
 826 516 844 533 844 553 c 0
 844 574 826 591 804 591 c 0
 783 591 765 574 765 553 c 0
717 554 m 0
 717 604 756 645 804 645 c 0
 851 645 892 604 892 554 c 0
 892 505 851 464 804 464 c 0
 756 464 717 505 717 554 c 0
EndSplineSet
EndChar
