Width: 1000
Flags: HW
LayerCount: 2
Fore
SplineSet
411 756 m 25
 411 756 477 726 495 687 c 24
 509 657 489 636 481 604 c 24
 464 539 450 503 430 439 c 24
 418 400 412 377 400 338 c 24
 389 302 384 281 373 245 c 25
 413 268 444 287 475 305 c 0
 521 332 563 337 607 342 c 0
 672 349 715 336 769 299 c 24
 814 269 838 236 844 182 c 24
 851 117 843 69 799 20 c 0
 757 -27 707 -48 640 -75 c 24
 585 -97 544 -101 491 -102 c 0
 448 -103 417 -99 373 -93 c 1
 452 -75 497 -64 571 -31 c 24
 632 -4 668 12 715 59 c 24
 744 88 761 114 759 155 c 24
 757 194 741 223 706 240 c 24
 659 264 623 258 571 249 c 24
 508 238 476 217 418 189 c 24
 378 170 364 144 322 129 c 24
 306 123 286 125 280 141 c 24
 267 176 276 200 283 237 c 24
 296 300 314 332 331 394 c 24
 359 493 377 548 399 649 c 24
 408 690 411 756 411 756 c 25
133 534 m 25
 133 534 186 530 220 531 c 24
 275 533 307 531 361 541 c 24
 472 562 531 594 643 612 c 24
 676 617 703 622 727 600 c 24
 743 585 735 555 715 546 c 0
 646 516 584 506 499 486 c 24
 416 467 368 453 283 447 c 24
 253 445 234 451 208 466 c 24
 174 486 133 534 133 534 c 25
EndSplineSet
EndChar
