Width: 1000
Flags: HW
LayerCount: 2
Fore
SplineSet
326 276 m 25
 299 216 291 179 257 123 c 24
 232 82 222 43 176 30 c 24
 149 22 126 59 131 87 c 24
 139 134 175 147 203 186 c 24
 250 251 272 292 323 354 c 24
 376 419 401 464 470 512 c 24
 527 552 569 568 638 572 c 24
 691 575 722 556 767 527 c 24
 803 504 817 481 836 443 c 24
 859 397 871 368 872 317 c 24
 873 250 867 210 839 149 c 24
 815 95 788 71 743 32 c 24
 710 4 685 -4 644 -19 c 24
 608 -32 587 -36 548 -40 c 1
 592 -15 616 -1 653 32 c 24
 697 72 725 101 755 146 c 0
 790 198 797 237 800 299 c 24
 803 346 792 374 770 416 c 24
 753 448 738 468 704 482 c 24
 657 501 624 507 575 494 c 24
 516 478 491 448 443 411 c 24
 404 380 386 359 353 321 c 24
 340 306 337 294 326 276 c 25
302 386 m 24
 302 421 303 454 272 470 c 24
 242 485 204 474 191 443 c 24
 174 405 192 374 215 339 c 24
 228 319 251 309 272 320 c 24
 297 333 302 358 302 386 c 24
329 177 m 25
 274 215 237 229 188 275 c 24
 158 303 144 323 131 362 c 24
 120 395 118 418 131 450 c 24
 146 487 161 510 197 527 c 24
 233 544 262 544 299 530 c 24
 332 517 359 499 362 464 c 24
 372 352 342 289 329 177 c 25
296 740 m 25
 321 723 341 720 359 696 c 24
 383 664 396 642 401 602 c 24
 410 529 400 487 395 414 c 24
 389 332 376 286 374 204 c 24
 371 109 394 55 383 -40 c 24
 380 -64 365 -89 341 -85 c 24
 314 -81 308 -54 302 -28 c 24
 289 29 293 63 293 122 c 24
 293 199 296 242 302 318 c 24
 306 372 318 402 320 456 c 24
 323 528 320 569 314 641 c 24
 311 680 303 701 296 740 c 25
EndSplineSet
EndChar
