Width: 1000
Flags: HW
LayerCount: 2
Fore
SplineSet
159 584 m 25
 256.11 607.4 311.206 619.327 408 644 c 24
 430.59 649.758 443.907 671.926 465 662 c 24
 493.188 648.734 514.406 626.841 510 596 c 24
 505.201 562.411 468.823 561.98 447 536 c 24
 419.442 503.193 404.517 483.613 384 446 c 24
 348.156 380.287 324.382 343.733 303 272 c 24
 287.568 220.228 283.73 187.531 291 134 c 24
 296.995 89.8525 301.989 57.7783 336 29 c 24
 370.011 0.22168 403.48 -7.53809 447 2 c 24
 497.091 12.9785 518.739 40.7393 555 77 c 0
 582 104 603.416 135.607 624 179 c 24
 647.153 227.81 655.702 257.968 666 311 c 24
 679.226 379.114 674.454 419.273 684 488 c 16
 688.868 523.049 678.852 571.34 686.012 599 c 0
 693 626 696 635 723 632 c 0
 758.904 628.011 749.255 589.844 759 560 c 24
 768.194 531.841 758.525 511.867 771 485 c 24
 789.729 444.66 808.932 426.5 837 392 c 24
 865.213 357.321 898.073 349.377 915 308 c 24
 922.925 288.629 910.157 268.429 891 260 c 24
 872.023 251.65 857.099 263.275 840 275 c 24
 814.745 292.317 805.725 308.577 786 332 c 24
 768.214 353.121 760.38 366.77 744 389 c 25
 738.15 337.52 741.026 307.396 729 257 c 24
 716.285 203.718 707.747 172.804 681 125 c 24
 652.089 73.3291 630.814 45.8975 588 5 c 24
 551.395 -29.9658 528.199 -51.5283 480 -67 c 24
 429.819 -83.1074 394.997 -89.666 345 -73 c 24
 300.201 -58.0674 279.377 -32.4434 255 8 c 24
 225.959 56.1816 219.894 90.166 213 146 c 24
 207.95 186.906 215.476 210.898 225 251 c 24
 237.824 304.996 248.293 334.924 270 386 c 24
 288.226 428.883 303.567 450.726 327 491 c 24
 341.035 515.123 350.79 527.6 366 551 c 17
 344.272 548.688 308.239 536.622 291 533 c 0
 264.608 527.455 276.077 519.016 243 524 c 8
 203.19 529.999 191.76 560.6 159 584 c 25
EndSplineSet
EndChar
