Width: 1000
Flags: HW
LayerCount: 2
Fore
SplineSet
753 606 m 25
 783 584 808 579 831 549 c 24
 852 521 862 500 861 465 c 24
 861 445 848 429 828 426 c 24
 810 423 798 437 789 453 c 24
 775 479 781 499 774 528 c 24
 767 559 761 576 753 606 c 25
660 585 m 17
 699 555 727 539 750 495 c 24
 765 465 769 437 750 409 c 24
 738 390 708 393 693 409 c 24
 671 434 681 459 675 492 c 24
 668 528 666 549 660 585 c 17
606 753 m 25
 612 721 621 704 621 672 c 24
 621 651 617 638 606 621 c 24
 577 575 554 554 519 513 c 24
 474 461 448 432 402 381 c 24
 381 358 348 324 348 324 c 1
 348 324 412 272 450 234 c 24
 490 194 511 170 546 126 c 24
 590 71 622 43 651 -21 c 24
 661 -43 660 -69 639 -81 c 24
 620 -92 601 -75 585 -60 c 24
 543 -20 529 12 492 57 c 24
 457 100 439 124 402 165 c 24
 369 201 346 217 315 255 c 24
 292 284 259 299 264 336 c 24
 270 382 309 394 339 429 c 24
 379 476 403 500 444 546 c 24
 478 584 500 602 531 642 c 24
 563 683 577 710 606 753 c 25
EndSplineSet
EndChar
