Width: 1000
Flags: HW
LayerCount: 2
Fore
SplineSet
720 645 m 1
 774 631 824 615 879 576 c 24
 913 552 935 530 942 489 c 16
 944 477 932 457 915 448 c 24
 900 439 870 449 870 449 c 1
 870 449 829 438 804 429 c 24
 764 414 742 403 702 387 c 25
 732 419 750 436 780 468 c 24
 796 485 819 513 819 513 c 1
 819 513 804 539 792 555 c 24
 765 591 752 608 720 645 c 1
207 297 m 24
 190 267 193 238 213 210 c 24
 228 189 256 186 279 198 c 24
 301 210 304 233 303 258 c 24
 302 283 296 306 273 315 c 24
 248 325 220 320 207 297 c 24
315 750 m 17
 356 730 378 719 402 684 c 24
 415 665 400 647 399 624 c 24
 392 519 390 459 381 354 c 24
 376 300 371 270 363 216 c 24
 357 174 346 151 345 108 c 24
 345 80 341 59 360 39 c 24
 387 11 412 4 450 -3 c 24
 509 -14 543 -9 603 -6 c 24
 634 -4 658 -11 681 9 c 24
 709 33 710 60 720 96 c 24
 735 151 735 184 744 240 c 25
 757 160 756 114 777 36 c 24
 784 11 818 5 813 -21 c 24
 807 -49 782 -56 756 -66 c 24
 708 -85 678 -88 627 -93 c 24
 562 -100 524 -103 459 -96 c 24
 414 -91 387 -85 348 -63 c 24
 314 -43 292 -27 276 9 c 24
 257 51 264 126 264 126 c 1
 264 126 219 117 198 132 c 24
 164 155 145 176 135 216 c 24
 124 261 130 292 150 333 c 24
 166 367 186 387 222 396 c 24
 255 404 279 390 305 372 c 9
 310 435 315 471 318 534 c 24
 320 583 319 611 318 660 c 24
 318 695 316 715 315 750 c 17
69 579 m 1
 109 576 129 575 168 576 c 24
 241 578 282 575 354 588 c 24
 428 601 465 636 540 642 c 24
 563 644 586 629 588 606 c 24
 590 580 569 566 546 555 c 24
 496 531 463 528 408 519 c 24
 344 508 308 503 243 504 c 24
 198 505 171 507 129 525 c 24
 100 537 85 557 69 579 c 1
EndSplineSet
EndChar
