Width: 1000
Flags: H
TeX: 117 0
LayerCount: 2
Fore
SplineSet
847 662 m 0
 847 643 865 628 886 628 c 0
 908 628 925 643 925 662 c 0
 925 682 908 698 886 698 c 0
 865 698 847 682 847 662 c 0
797 663 m 0
 797 712 836 753 884 753 c 0
 932 753 970 712 970 663 c 0
 970 613 932 572 884 572 c 0
 836 572 797 613 797 663 c 0
710 613 m 16
 715 590 710 514 713 493 c 0
 728 393 727 371 725 256 c 8
 723 166 728 114 710 25 c 24
 703 -12 693 -38 662 -59 c 24
 627 -84 596 -92 554 -83 c 24
 502 -72 467 -55 437 -11 c 24
 414 23 411 60 434 94 c 24
 464 138 502 149 554 160 c 24
 604 171 636 164 684 147 c 24
 755 121 795 100 854 52 c 24
 877 33 898 10 885 -17 c 0
 873 -42 858 -44 839 -38 c 24
 803 -27 794 -0 764 22 c 24
 736 43 722 62 689 73 c 24
 642 89 612 99 563 91 c 24
 531 86 496 76 494 43 c 24
 492 11 525 -5 557 -11 c 24
 585 -17 615 -11 626 16 c 24
 656 92 649 142 650 223 c 24
 652 337 641 401 635 514 c 24
 631 585 628 626 623 697 c 25
 657 664 700 659 710 613 c 16
434 475 m 25
 491 477 524 472 581 481 c 24
 654 493 704 514 764 529 c 0
 797 537 820 539 851 526 c 24
 867 519 883 495 869 484 c 24
 823 447 785 442 728 427 c 24
 674 413 642 412 587 409 c 24
 554 407 533 402 503 415 c 24
 470 429 461 452 434 475 c 25
191 679 m 25
 221 657 245 651 269 622 c 24
 282 606 284 591 281 571 c 24
 271 501 248 464 236 394 c 24
 226 333 227 297 224 235 c 24
 221 188 222 162 221 115 c 25
 246 140 260 152 284 178 c 24
 304 199 313 213 332 235 c 25
 319 198 312 176 299 139 c 24
 287 104 272 86 269 49 c 24
 265 3 287 -22 281 -68 c 24
 278 -91 270 -121 248 -116 c 24
 212 -108 195 -82 182 -47 c 24
 153 33 149 84 146 169 c 24
 142 259 154 310 164 400 c 24
 172 475 184 517 191 592 c 24
 194 626 191 645 191 679 c 25
EndSplineSet
EndChar
