Width: 1000
Flags: HW
LayerCount: 2
Fore
SplineSet
471 432 m 25
 508 423 534 428 567 408 c 24
 577 402 562 392 558 381 c 25
 558 270 l 25
 551 231 552 208 540 171 c 24
 530 139 520 121 501 93 c 24
 480 61 467 43 438 18 c 24
 400 -15 376 -32 330 -54 c 24
 295 -71 273 -72 234 -81 c 9
 281 -40 313 -22 354 24 c 24
 392 66 410 93 435 144 c 0
 456 186 468 231 471 282 c 9
 471 432 l 25
168 594 m 25
 207 596 229 596 267 600 c 24
 379 611 442 622 555 633 c 16
 628 640 708 639 771 633 c 0
 784 632 812 651 828 636 c 24
 856 610 865 584 864 546 c 24
 864 528 840 532 825 522 c 24
 783 494 759 478 717 450 c 24
 690 432 674 422 648 402 c 24
 601 367 575 345 528 309 c 25
 522 369 l 25
 741 558 l 1
 741 558 677 566 636 564 c 24
 570 561 533 555 468 546 c 24
 427 540 404 532 363 525 c 24
 333 520 314 503 285 513 c 24
 233 532 214 562 168 594 c 25
EndSplineSet
EndChar
