Width: 1000
Flags: HW
LayerCount: 2
Fore
SplineSet
658 321 m 17
 714 304 745 293 787 255 c 24
 825 221 846 194 856 144 c 24
 862 113 853 82 824 70 c 24
 800 59 778 83 767 106 c 0
 752 138 739 168 720 206 c 24
 697 252 682 276 658 321 c 17
348 315 m 1
 348 267 348 235 337 193 c 0
 326 151 311 121 273 96 c 24
 246 79 215 77 191 98 c 0
 176 111 179 133 189 151 c 24
 206 181 232 185 256 210 c 24
 294 249 316 273 348 315 c 1
813 747 m 17
 841 746 881 743 917 722 c 24
 942 708 955 690 960 662 c 24
 963 644 951 626 933 624 c 24
 912 621 898 635 886 652 c 0
 858 690 841 710 813 747 c 17
707 690 m 1
 732 689 768 684 792 672 c 0
 822 657 842 644 852 612 c 24
 858 592 847 565 826 564 c 24
 796 563 782 582 764 608 c 0
 747 633 731 661 707 690 c 1
165 483 m 25
 165 483 229 480 270 480 c 24
 410 480 490 480 630 483 c 24
 685 484 716 499 771 492 c 24
 803 488 834 486 846 456 c 24
 855 434 828 413 804 411 c 24
 604 393 489 409 288 405 c 24
 263 404 246 386 225 399 c 24
 191 421 165 483 165 483 c 25
486 714 m 25
 523 699 551 701 582 675 c 24
 591 667 573 659 567 648 c 25
 567 2 l 26
 567 -37 550 -80 510 -79 c 0
 481 -78 479 -39 453 -21 c 24
 419 2 394 6 357 24 c 17
 483 24 l 9
 486 714 l 25
EndSplineSet
EndChar
