Width: 1000
Flags: HW
LayerCount: 2
Fore
SplineSet
816 779 m 17
 866 759 891 749 927 714 c 24
 949 693 957 673 959 643 c 24
 960 624 953 607 935 601 c 24
 916 595 900 604 887 619 c 24
 864 646 865 670 851 702 c 24
 838 732 830 749 816 779 c 17
705 761 m 1
 743 751 764 742 792 717 c 24
 820 692 839 673 846 636 c 24
 850 615 836 597 816 591 c 24
 796 585 781 596 768 612 c 24
 748 636 751 658 738 687 c 0
 724 719 720 731 705 761 c 1
855 513 m 24
 835 477 791 500 750 498 c 24
 679 494 638 504 567 498 c 24
 480 491 431 481 345 465 c 24
 286 454 255 432 195 429 c 24
 164 427 146 437 120 453 c 24
 104 463 102 477 90 492 c 25
 124 498 143 501 177 507 c 24
 255 520 300 527 378 540 c 24
 466 554 514 569 603 576 c 24
 676 582 720 591 792 573 c 24
 825 565 872 543 855 513 c 24
489 771 m 25
 489 771 552 740 576 705 c 24
 589 687 573 670 573 648 c 24
 576 435 580 315 585 102 c 25
 543 86 522 61 477 60 c 24
 438 59 411 68 384 96 c 24
 351 130 335 160 336 207 c 24
 337 265 349 304 387 348 c 24
 420 386 455 413 504 402 c 24
 560 389 596 353 609 297 c 0
 621 246 619 211 612 156 c 24
 605 98 595 66 573 12 c 24
 559 -23 547 -41 522 -69 c 24
 496 -97 478 -111 444 -129 c 24
 403 -150 376 -158 333 -168 c 1
 388 -125 418 -102 462 -51 c 24
 484 -25 491 -5 501 27 c 24
 516 75 531 103 528 153 c 24
 525 219 524 263 486 318 c 24
 473 337 445 311 432 291 c 24
 408 255 386 227 399 186 c 24
 410 152 446 134 480 144 c 24
 511 153 516 177 516 219 c 9
 505 403 498 506 489 690 c 24
 487 722 489 771 489 771 c 25
EndSplineSet
EndChar
