Width: 1000
Flags: HW
LayerCount: 2
Fore
SplineSet
513 273 m 17
 588 234 613 218 669 171 c 24
 727 122 758 91 804 30 c 24
 820 8 830 -9 825 -36 c 24
 822 -54 806 -67 787 -65 c 24
 757 -62 742 -48 720 -27 c 24
 671 21 655 57 609 108 c 24
 566 156 540 181 492 225 c 9
 513 273 l 17
792 765 m 1
 836 761 864 756 897 738 c 0
 928 719 943 696 948 660 c 24
 951 636 938 613 915 608 c 24
 893 603 875 622 866 641 c 0
 855 665 850 679 837 702 c 24
 822 728 814 738 792 765 c 1
672 693 m 1
 736 686 752 683 792 654 c 24
 820 634 830 610 834 576 c 24
 836 558 822 545 804 540 c 24
 785 535 771 542 756 555 c 24
 738 571 739 588 726 609 c 24
 706 642 696 658 672 693 c 1
261 438 m 24
 228 467 222 483 198 531 c 9
 271 535 312 536 384 540 c 24
 468 545 517 542 600 555 c 24
 623 559 632 589 654 582 c 24
 688 571 708 550 717 516 c 24
 724 492 698 482 687 459 c 24
 670 423 667 400 647 366 c 24
 611 305 588 272 545 216 c 24
 510 171 491 145 447 108 c 24
 384 55 347 24 273 -12 c 24
 214 -40 184 -52 111 -54 c 1
 182 -11 217 13 279 63 c 24
 337 110 366 140 417 195 c 24
 454 235 472 261 504 306 c 24
 527 339 538 358 558 393 c 24
 576 424 584 442 600 474 c 17
 480 459 411 450 297 444 c 0
 287 443 272 429 261 438 c 24
EndSplineSet
EndChar
