Width: 1000
Flags: HW
LayerCount: 2
Fore
SplineSet
512 617 m 25
 512 617 591 606 620 581 c 0
 636.067 567.149 607 550 599 530 c 25
 599 98 l 25
 625 110 642 112 665 128 c 24
 717 165 745 189 791 233 c 24
 825 265 839 288 869 323 c 24
 901 359 918 380 950 416 c 17
 934 361 921 328 891 277 c 24
 850 207 825 167 770 107 c 24
 729 63 698 46 647 14 c 24
 629 3 617 -3 596 -4 c 24
 576 -5 560 -6 545 8 c 24
 524 28 512 44.9307 512 74 c 26
 512 617 l 25
305 599 m 25
 305 599 375 592 404 563 c 24
 419 548 399 530 395 509 c 25
 395 375 l 18
 395 318 382 264 354 204 c 0
 334 161 312 128 275 87 c 24
 242 49 221 27 176 4 c 24
 133 -19 105 -24 56 -28 c 1
 117 14 137 32 179 81 c 24
 219 127 238 157 263 213 c 24
 285 262 295 292 299 345 c 0
 303 396 305 451 305 518 c 26
 305 599 l 25
EndSplineSet
EndChar
