Width: 1000
Flags: HW
LayerCount: 2
Fore
SplineSet
645 718 m 25
 653.19 672.37 666.946 647.35 666 601 c 24
 665.694 586.02 652.479 581.711 642 571 c 24
 599.763 527.824 575.195 504.169 531 463 c 24
 489.764 424.589 466.049 403.368 423 367 c 24
 398.151 346.007 357 316 357 316 c 1
 357 316 431.921 250.079 477 205 c 24
 544.298 137.702 587.247 103.648 645 28 c 24
 671.384 -6.55957 689.095 -30.5303 690 -74 c 24
 690.482 -97.1602 670.63 -120.95 648 -116 c 24
 616.387 -109.085 613.896 -78.5205 594 -53 c 24
 560.043 -9.44727 544.871 18.1758 510 61 c 24
 478.096 100.181 459.018 121.563 423 157 c 24
 386.36 193.049 359.983 207.297 324 244 c 24
 301.228 267.229 269.559 277.653 273 310 c 24
 277.122 348.744 312.068 356.844 339 385 c 24
 389.323 437.611 419.52 465.52 471 517 c 24
 514.29 560.29 541.931 581.713 582 628 c 24
 610.042 660.394 620.43 682.9 645 718 c 25
EndSplineSet
EndChar
