Width: 1000
Flags: HW
LayerCount: 2
Fore
SplineSet
810 729 m 17
 846 723 875 716 906 690 c 24
 932 668 951 646 948 612 c 24
 946 590 916 577 897 588 c 24
 870 603 877 633 861 660 c 24
 843 688 830 702 810 729 c 17
744 669 m 25
 773 654 795 653 819 630 c 24
 845 604 867 586 867 549 c 24
 867 526 842 509 820 515 c 24
 795 522 798 549 786 573 c 24
 768 610 760 632 744 669 c 25
156 558 m 25
 212 572 244 578 300 594 c 16
 346 607 364 617 402 627 c 0
 416 631 438 644 456 642 c 8
 491 638 509 595 498 561 c 0
 492 543 454 535 435 510 c 24
 393 456 373 422 342 360 c 24
 316 309 300 279 291 222 c 24
 282 159 273 119 297 60 c 24
 314 18 342 -6 387 -15 c 24
 435 -25 468 -11 507 18 c 24
 560 58 582 93 612 153 c 24
 641 210 643 249 654 312 c 24
 667 385 663 428 675 501 c 24
 682 543 666 583 702 606 c 24
 726 622 744 582 750 549 c 0
 757 509 746 520 768 462 c 0
 783 423 843 366 885 321 c 0
 903 302 913 281 903 257 c 24
 896 239 873 239 855 246 c 24
 829 256 819 273 801 294 c 24
 772 327 761 350 735 385 c 25
 720 296 724 242 696 156 c 24
 678 99 657 69 618 24 c 24
 578 -22 552 -51 495 -75 c 24
 442 -98 404 -107 348 -93 c 24
 302 -82 281 -54 255 -15 c 24
 224 30 208 62 207 117 c 24
 205 197 222 242 246 318 c 24
 263 371 283 397 309 447 c 24
 326 480 338 498 357 531 c 25
 313 523 288 504 243 510 c 24
 205 515 190 539 156 558 c 25
EndSplineSet
EndChar
