Width: 1000
Flags: HW
LayerCount: 2
Fore
SplineSet
612 333 m 17
 666 300 691 288 726 243 c 24
 762 196 778 163 789 105 c 24
 795 74 790 49 768 27 c 24
 754 13 730 18 717 33 c 24
 691 62 690 89 678 126 c 24
 668 159 671 180 660 213 c 24
 645 261 631 286 612 333 c 17
366 63 m 24
 388 101 403 122 426 159 c 25
 413 106 407 76 393 24 c 24
 383 -14 375 -34 366 -72 c 24
 362 -89 374 -106 360 -117 c 24
 343 -130 324 -127 306 -117 c 24
 274 -98 255 -82 240 -48 c 24
 216 8 213 65 211 105 c 9
 210 393 l 25
 246 371 274 367 303 336 c 24
 313 326 300 313 300 299 c 24
 298 232 296 194 298 127 c 24
 299 89 299 68 307 31 c 24
 311 14 320 8 329 -7 c 25
 343 20 350 36 366 63 c 24
EndSplineSet
EndChar
