Width: 1000
Flags: HW
LayerCount: 2
Fore
SplineSet
299 292 m 17
 337 315 396 347 433 358 c 0
 459 365 486 362 517 349 c 0
 559 332 569 319 583 286 c 0
 597 253 600 231 601 194 c 0
 602 147 600 121 605 77 c 0
 608 48 612 28 632 8 c 24
 644 -4 661 -2 677 5 c 24
 712 20 729 34 756 61 c 0
 786 91 802 110 826 144 c 0
 849 177 857 191 877 231 c 1
 875 185 872 159 856 117 c 24
 839 73 823 50 793 14 c 24
 763 -22 741 -39 702 -65 c 24
 679 -80 664 -89 637 -89 c 24
 612 -89 596 -81 576 -66 c 24
 557 -52 550 -39 541 -17 c 24
 531 7 528 22 526 48 c 24
 523 94 528 120 529 166 c 0
 530 208 530 219 514 252 c 0
 502 277 481 294 457 294 c 0
 433 294 391 282 367 270 c 0
 324 249 316 241 265 214 c 9
 299 292 l 17
463 696 m 25
 463 696 512 649 526 609 c 24
 532 592 516 583 508 567 c 24
 483 518 466 492 441 444 c 24
 415 394 401 365 376 314 c 24
 353 267 341 241 319 194 c 24
 300 154 291 130 271 90 c 24
 241 30 230 -7 191 -61 c 24
 179 -78 162 -95 143 -86 c 24
 122 -76 116 -52 122 -29 c 0
 136 26 158 65 187 122 c 0
 212 172 227 200 253 249 c 24
 278 297 295 323 319 371 c 24
 345 423 358 453 382 506 c 24
 415 580 463 696 463 696 c 25
EndSplineSet
EndChar
