Width: 1006
Flags: HW
LayerCount: 2
Fore
SplineSet
728 612 m 0
 728 591 755 562 775 562 c 0
 795 562 818 589 818 610 c 0
 818 631 795 664 775 664 c 0
 755 664 728 633 728 612 c 0
684 611 m 0
 684 666 722 710 768 710 c 0
 814 710 864 661 864 606 c 0
 864 551 826 510 780 510 c 0
 734 510 684 556 684 611 c 0
660 519 m 25
 660 519 688 460 684 420 c 24
 682 405 662 410 648 405 c 24
 606 389 583 377 540 365 c 24
 426 333 246 291 246 291 c 25
 240 359 l 25
 240 359 318 377 366 392 c 24
 441 416 483 428 555 459 c 24
 598 478 660 519 660 519 c 25
291 563 m 9
 291 117 l 2
 291 75 312 51 363 45 c 0
 447 35 603 39 666 42 c 0
 694 43 727 42 732 14 c 24
 737 -14 706 -35 681 -40 c 0
 635 -49 608 -50 561 -49 c 24
 470 -48 391 -47 327 -36 c 0
 277 -27 204 18 204 63 c 2
 204 647 l 25
 204 647 282 643 315 611 c 24
 330 596 292 584 291 563 c 9
EndSplineSet
EndChar
