Width: 1000
Flags: H
TeX: 117 0
LayerCount: 2
Fore
SplineSet
726 618 m 25
 760 595 789 591 813 558 c 24
 822 545 802 536 795 522 c 25
 714 390 682 306 588 183 c 24
 519 93 475 42 381 -21 c 24
 341 -48 305 -51 258 -39 c 24
 209 -27 177 0 153 36 c 1
 131 92 134 131 153 192 c 1
 207 291 288 375 426 396 c 1
 508 390 553 334 606 294 c 9
 642 248 666 225 699 177 c 24
 734 127 762 103 780 45 c 24
 786 25 772 8 753 0 c 24
 734 -8 718 -1 702 12 c 24
 667 41 656 65 630 102 c 24
 599 146 586 173 558 219 c 17
 538 259 457 320 444 315 c 1
 405 327 372 310 330 288 c 1
 282 261 232 212 216 126 c 1
 210 87 251 45 303 33 c 1
 381 42 441 120 474 168 c 1
 552 270 594 345 669 474 c 0
 699 526 704 562 726 618 c 25
EndSplineSet
EndChar
