Width: 1000
Flags: H
TeX: 117 0
LayerCount: 2
Fore
SplineSet
735 768 m 17
 792 762 835 756 873 730 c 0
 897 714 919 698 928 667 c 24
 935 645 928 623 909 611 c 24
 891 600 873 609 856 621 c 24
 829 640 825 662 804 687 c 24
 778 719 762 736 735 768 c 17
645 665 m 1
 707 653 730 648 774 617 c 24
 802 597 816 576 819 542 c 24
 821 521 806 504 786 500 c 24
 764 496 748 508 736 526 c 0
 722 547 712 565 696 590 c 24
 677 620 673 628 645 665 c 1
423 -33 m 0
 373 -14 330 12 328 66 c 9
 328 663 l 25
 365 650 394 656 423 630 c 24
 435 619 409 615 408 591 c 1
 408 96 l 17
 426 57 444 49 477 45 c 24
 566 35 616 56 705 63 c 17
 741 63 767 42 756 18 c 24
 738 -21 702 -29 660 -36 c 24
 569 -50 477 -54 423 -33 c 0
609 336 m 24
 627 365 633 384 648 414 c 25
 594 396 563 388 510 369 c 24
 386 324 318 294 195 249 c 24
 178 243 166 228 150 237 c 24
 116 256 110 283 84 312 c 25
 164 334 209 344 288 369 c 24
 425 413 500 444 636 489 c 24
 661 497 678 515 702 504 c 24
 740 487 760 465 774 426 c 24
 780 409 752 407 741 393 c 24
 712 357 703 331 672 297 c 24
 645 267 628 251 594 228 c 24
 563 207 544 199 507 186 c 1
 567 266 572 276 609 336 c 24
EndSplineSet
EndChar
