Width: 1000
Flags: HW
LayerCount: 2
Fore
SplineSet
450 476 m 25
 510 483 544 486 603 495 c 24
 683 507 726 527 807 531 c 24
 841 533 871 536 890 508 c 24
 903 488 880 466 858 456 c 24
 808 433 774 437 720 429 c 24
 659 420 625 410 564 411 c 24
 531 411 511 416 483 432 c 24
 464 443 463 459 450 476 c 25
644 699 m 25
 684 680 719 684 747 649 c 24
 768 622 753 596 754 562 c 24
 756 462 755 406 753 306 c 24
 752 246 756 212 744 153 c 24
 732 91 726 54 693 0 c 24
 669 -40 643 -54 603 -78 c 24
 576 -95 555 -93 525 -102 c 25
 559 -58 585 -38 611 11 c 24
 638 61 647 92 660 147 c 24
 672 201 674 233 675 288 c 24
 677 416 676 488 666 615 c 24
 663 649 653 666 644 699 c 25
222 684 m 25
 257 659 291 658 312 621 c 24
 327 594 306 573 301 543 c 24
 292 486 286 455 277 398 c 24
 270 356 265 333 261 291 c 24
 257 247 254 221 258 177 c 24
 261 138 271 117 279 78 c 25
 301 129 314 159 336 210 c 24
 365 278 382 316 411 384 c 25
 404 326 404 292 393 234 c 24
 383 180 371 152 357 99 c 24
 348 66 335 49 333 15 c 24
 331 -17 356 -35 347 -65 c 24
 342 -82 320 -88 303 -81 c 24
 267 -66 248 -49 227 -16 c 24
 201 24 194 52 186 99 c 24
 175 164 178 201 180 267 c 24
 182 334 191 371 198 438 c 24
 205 498 210 531 216 591 c 24
 220 627 220 648 222 684 c 25
EndSplineSet
EndChar
