Width: 1000
Flags: HW
LayerCount: 2
Fore
SplineSet
783 618 m 17
 818 614 851 607 884 582 c 24
 912 562 930 538 931 510 c 0
 932 487 907 468 885 474 c 24
 852 483 842 510 826 540 c 0
 810 570 800 587 783 618 c 17
672 567 m 17
 724 559 740 552 768 531 c 0
 795 511 814 490 813 456 c 24
 812 432 788 410 765 417 c 24
 732 427 726 456 711 486 c 0
 696 518 687 536 672 567 c 17
69 288 m 25
 112 320 139 334 180 369 c 24
 239 420 266 456 324 507 c 24
 343 524 354 550 378 543 c 24
 437 527 460 491 510 456 c 24
 589 400 631 364 711 309 c 24
 778 263 821 245 885 195 c 24
 914 172 942 159 945 123 c 24
 947 98 919 82 894 84 c 24
 848 88 828 114 789 138 c 24
 733 172 703 194 651 234 c 24
 586 284 553 317 489 369 c 24
 450 400 427 417 387 447 c 25
 358 419 341 404 312 375 c 24
 266 329 243 300 195 255 c 24
 182 242 174 223 156 228 c 24
 116 238 103 265 69 288 c 25
EndSplineSet
EndChar
