Width: 1000
Flags: HW
TeX: 117 0
LayerCount: 2
Fore
SplineSet
672 237 m 25
 762 237 l 25
 762 -93 l 25
 672 -93 l 25
 672 237 l 25
513 107 m 25
 927 107 l 25
 927 57 l 25
 513 57 l 25
 513 107 l 25
519 -67 m 25
 936 -67 l 25
 936 -117 l 25
 519 -117 l 25
 519 -67 l 25
513 267 m 25
 867 267 l 25
 883.38 279.87 888.891 305.435 909 300 c 24
 944.178 290.492 961.287 269.381 978 237 c 24
 984.55 224.309 965.19 218.7 957 207 c 25
 957 -111 l 17
 949 -140 943 -162 912 -165 c 1
 888 -163 877 -139 867 -111 c 9
 867 217 l 25
 513 217 l 25
 513 267 l 25
483 291 m 25
 526.29 271.11 561.953 275.251 594 240 c 24
 607.745 224.881 581.19 210.72 573 192 c 25
 573 -129 l 17
 565 -158 559 -180 528 -183 c 1
 504 -181 493 -157 483 -129 c 9
 483 291 l 25
576 418 m 25
 876 418 l 25
 876 368 l 25
 576 368 l 25
 576 418 l 25
576 569 m 25
 810 569 l 25
 826 582 832 607 852 602 c 24
 887 592 904 571 921 539 c 24
 928 526 908 521 900 509 c 25
 900 386 l 17
 892 357 886 335 855 332 c 1
 831 334 820 358 810 386 c 9
 810 519 l 25
 576 519 l 25
 576 569 l 25
552 596 m 25
 595 576 631 580 663 545 c 24
 677 530 650 516 642 497 c 25
 642 383 l 17
 634 354 628 332 597 329 c 1
 573 331 562 355 552 383 c 9
 552 596 l 25
495 690 m 25
 838 690 l 25
 867 718 876 750 901 759 c 1
 927 755 969 702 1000 669 c 1
 1008 651 991 640 973 640 c 9
 495 640 l 25
 495 690 l 25
351 453 m 25
 394 433 430 437 462 402 c 24
 476 387 449 373 441 354 c 25
 441 -6 l 17
 433 -35 427 -57 396 -60 c 1
 372 -58 361 -34 351 -6 c 9
 351 453 l 25
306 519 m 25
 306 -132 l 17
 298 -161 292 -183 261 -186 c 1
 237 -184 226 -160 216 -132 c 9
 216 519 l 25
 306 519 l 25
93 147 m 25
 93 453 l 25
 136.29 433.11 171.953 437.251 204 402 c 24
 217.745 386.881 191.19 372.72 183 354 c 25
 183 138 l 25
 170.13 84.1797 169.431 51.8145 150 0 c 24
 130.522 -51.9414 118.453 -82.5234 84 -126 c 24
 67.4131 -146.931 47.4004 -146.13 24 -159 c 25
 35.7002 -122.73 44.3008 -102.855 54 -66 c 24
 67.7256 -13.8418 74.2861 15.9473 84 69 c 24
 89.5146 99.1211 89.4902 116.58 93 147 c 25
81 549 m 25
 324 549 l 25
 353 577 362 609 387 618 c 1
 413 614 455 561 486 528 c 1
 494 510 477 499 459 499 c 9
 81 499 l 25
 81 549 l 25
111 708 m 25
 303 708 l 25
 332 736 341 768 366 777 c 1
 392 773 434 720 465 687 c 1
 473 669 456 658 438 658 c 9
 111 658 l 25
 111 708 l 25
EndSplineSet
EndChar
