Width: 1000
Flags: HW
LayerCount: 2
Fore
SplineSet
674 610 m 25
 356 610 l 25
 328 551 323 511 284 458 c 24
 266 433 247 409 215 415 c 24
 192 419 199 450 203 472 c 24
 214 530 229 560 254 613 c 24
 273 654 278 686 317 710 c 24
 337 722 350 695 371 684 c 25
 722 684 l 17
 755 676 773 668 782 641 c 24
 789 620 765 610 755 590 c 24
 709 499 677 451 638 358 c 24
 598 261 575 207 551 106 c 24
 534 35 551 -9 536 -81 c 24
 531 -107 528 -136 500 -141 c 24
 473 -146 456 -120 449 -95 c 24
 435 -44 442 -12 449 40 c 24
 459 112 471 153 494 223 c 24
 516 291 533 327 563 392 c 24
 603 478 631 525 674 610 c 25
EndSplineSet
EndChar
