Width: 1000
Flags: HW
LayerCount: 2
Fore
SplineSet
612 180 m 25
 657 180 l 25
 694.44 136.71 713.438 110.36 753 69 c 24
 790.76 29.5234 813.081 8.02823 855 -27 c 24
 898.634 -63.4609 926.37 -80.0703 972 -114 c 25
 952.11 -118.68 938.155 -114.899 921 -126 c 24
 896.68 -141.736 898.873 -180 870 -180 c 24
 836.181 -180 831.558 -143.201 810 -117 c 24
 755.429 -50.6748 722.643 -14.4645 675 57 c 24
 645.104 101.845 636.57 132.03 612 180 c 25
561 435 m 25
 639 435 l 25
 639 171 l 25
 619.11 104.31 628.995 56.2365 588 0 c 24
 533.64 -74.5713 483.843 -102.044 405 -150 c 24
 367.906 -172.562 339.12 -166.47 297 -177 c 25
 350.82 -129.03 383.684 -104.64 435 -54 c 24
 472.761 -16.7363 497.436 2.67185 525 48 c 24
 550.97 90.7061 543.45 121.2 561 168 c 25
 561 435 l 25
411 199 m 1
 819 199 l 1
 819 149 l 1
 411 149 l 1
 411 199 l 1
408 357 m 25
 771 357 l 25
 787 370 793 395 813 390 c 24
 848 380 865 359 882 327 c 24
 889 314 869 309 861 297 c 25
 861 174 l 17
 853 145 847 123 816 120 c 1
 792 122 781 146 771 174 c 9
 771 307 l 25
 408 307 l 25
 408 357 l 25
390 375 m 25
 433 355 469 359 501 324 c 24
 515 309 488 295 480 276 c 25
 480 162 l 17
 472 133 466 111 435 108 c 1
 411 110 400 134 390 162 c 9
 390 375 l 25
480 473.43 m 25
 600 473 l 25
 629 501.43 638 533.43 663 542.43 c 1
 689 538.43 731 485.43 762 452.43 c 1
 770 434.43 753 423.43 735 423.43 c 9
 480 423 l 25
 480 473.43 l 25
612 712.14 m 25
 643.59 681.533 661.747 664.675 693 633.66 c 24
 740.141 586.878 761.716 553.949 813 512.67 c 24
 838.707 491.979 857.469 486.986 888 476.7 c 24
 922.199 465.179 942.9 464.731 978 457.08 c 25
 956.94 432.85 941.348 422.455 924 394.95 c 24
 914.984 380.657 927.466 348.354 912 352.44 c 24
 871.287 363.198 856.807 391.394 825 421.11 c 24
 774.732 468.074 747.354 496.067 702 548.64 c 24
 673.46 581.724 663.635 606.216 636 640.2 c 24
 617.883 662.479 604.89 672.115 585 692.52 c 25
 612 712.14 l 25
531 757.92 m 25
 573.12 741.341 618.743 755.89 639 715.41 c 24
 653.803 685.83 606.06 675.516 585 650.01 c 25
 560.43 611.751 549.41 588.189 522 551.91 c 24
 483.753 501.288 464.819 469.349 417 427.65 c 24
 381.617 396.797 352.95 391.745 312 368.79 c 25
 341.25 412.162 358.626 436.05 387 480 c 24
 425.326 539.365 450.492 570.92 483 633.66 c 24
 506.9 679.787 512.28 709.459 531 757.92 c 25
192 477 m 25
 235 457 271 461 303 426 c 24
 317 411 290 397 282 378 c 25
 282 -129 l 17
 274 -158 268 -180 237 -183 c 1
 213 -181 202 -157 192 -129 c 9
 192 477 l 25
213 729 m 25
 256.29 706.77 292.846 709.385 324 672 c 24
 337.771 655.476 311.19 640.89 303 621 c 25
 281.94 569.52 270.635 540.241 249 489 c 24
 226.173 434.935 217.656 402.215 189 351 c 24
 162.369 303.404 146.931 275.197 108 237 c 24
 83.3379 212.804 60.4199 211.38 30 195 c 25
 55.7402 242.97 74.4988 267.986 96 318 c 24
 128.452 393.487 141.589 438.194 168 516 c 24
 184.895 565.77 196.136 593.577 207 645 c 24
 213.789 677.134 213 696.24 213 729 c 25
EndSplineSet
EndChar
