Width: 1000
Flags: H
TeX: 117 0
LayerCount: 2
Fore
SplineSet
759 741 m 25
 799 725 830 729 861 699 c 24
 873 688 848 677 840 663 c 25
 805 620 793 588 750 552 c 24
 727 533 706 537 678 528 c 25
 704 585 722 616 744 675 c 24
 753 700 753 715 759 741 c 25
438 738 m 25
 493 703 532 693 579 648 c 24
 602 626 616 604 609 573 c 24
 603 547 579 536 552 534 c 24
 534 533 528 551 519 567 c 24
 508 587 511 603 501 624 c 24
 479 670 463 694 438 738 c 25
447 415 m 1
 816 415 l 1
 816 365 l 1
 447 365 l 1
 447 415 l 1
447 -80 m 1
 789 -80 l 1
 789 -130 l 1
 447 -130 l 1
 447 -80 l 1
450 42 m 1
 786 42 l 1
 786 -8 l 1
 450 -8 l 1
 450 42 l 1
459 171 m 25
 729 171 l 25
 745 184 751 209 771 204 c 24
 806 194 823 173 840 141 c 24
 847 128 827 123 819 111 c 25
 819 -132 l 17
 811 -161 805 -183 774 -186 c 1
 750 -184 739 -160 729 -132 c 9
 729 121 l 25
 459 121 l 25
 459 171 l 25
429 204 m 25
 472 184 508 188 540 153 c 24
 554 138 527 124 519 105 c 25
 519 -129 l 17
 511 -158 505 -180 474 -183 c 1
 450 -181 439 -157 429 -129 c 9
 429 204 l 25
582 516 m 1
 672 516 l 1
 672 261 l 1
 582 261 l 1
 582 516 l 1
435 295 m 1
 804 295 l 1
 804 245 l 1
 435 245 l 1
 435 295 l 1
435 537 m 25
 777 537 l 25
 793 550 799 575 819 570 c 24
 854 560 871 539 888 507 c 24
 895 494 875 489 867 477 c 25
 867 279 l 17
 859 250 853 228 822 225 c 1
 798 227 787 251 777 279 c 9
 777 487 l 25
 435 487 l 25
 435 537 l 25
390 567 m 25
 433 547 469 551 501 516 c 24
 515 501 488 487 480 468 c 25
 480 282 l 17
 472 253 466 231 435 228 c 1
 411 230 400 254 390 282 c 9
 390 567 l 25
198 498 m 25
 241 478 277 482 309 447 c 24
 323 432 296 418 288 399 c 25
 288 -129 l 17
 280 -158 274 -180 243 -183 c 1
 219 -181 208 -157 198 -129 c 9
 198 498 l 25
240 753 m 25
 284 724 320 719 354 678 c 24
 365 665 346 652 339 636 c 24
 301 556 281 509 237 432 c 24
 200 366 180 328 132 270 c 24
 107 239 83 232 51 207 c 25
 78 261 96 290 120 345 c 24
 151 417 170 458 192 534 c 24
 217 618 221 668 240 753 c 25
EndSplineSet
EndChar
