Width: 1000
Flags: H
TeX: 117 0
LayerCount: 2
Fore
SplineSet
602 612 m 25
 633 599 655 600 681 579 c 24
 689 573 677 564 674 555 c 25
 650 465 l 17
 641 447 632 429 608 432 c 1
 588 433 580 466 575 480 c 9
 602 612 l 25
314 606 m 25
 348 593 374 597 401 573 c 24
 411 565 390 557 383 546 c 25
 362 477 l 17
 350 453 329 431 302 438 c 24
 278 444 275 468 284 498 c 9
 314 606 l 25
434 -61 m 1
 788 -61 l 1
 788 -111 l 1
 434 -111 l 1
 434 -61 l 1
431 95 m 1
 779 95 l 1
 779 45 l 1
 431 45 l 1
 431 95 l 1
428 234 m 25
 716 234 l 25
 732 247 738 272 758 267 c 24
 793 257 810 236 827 204 c 24
 834 191 814 186 806 174 c 25
 806 -105 l 17
 798 -134 792 -156 761 -159 c 1
 737 -157 726 -133 716 -105 c 9
 716 184 l 25
 428 184 l 25
 428 234 l 25
407 267 m 25
 450 247 486 251 518 216 c 24
 532 201 505 187 497 168 c 25
 497 -108 l 17
 489 -137 483 -159 452 -162 c 1
 428 -160 417 -136 407 -108 c 9
 407 267 l 25
929 255 m 9
 779 255 l 17
 751 260 727 278 722 303 c 9
 722 510 l 25
 812 510 l 25
 812 371 l 17
 812 350 832 336 848 335 c 9
 875 335 l 25
 886 345 894 348 902 360 c 24
 924 392 933 413 953 447 c 25
 952 406 945 383 950 342 c 24
 953 320 976 310 971 288 c 24
 966 268 950 258 929 255 c 9
698 519 m 9
 698 783 l 25
 741 763 777 767 809 732 c 24
 823 717 796 703 788 684 c 25
 788 546 l 17
 779 474 777 455 749 405 c 24
 721 356 696 333 650 300 c 24
 610 271 579 271 533 252 c 17
 590 306 616 325 653 384 c 24
 682 431 686 471 698 519 c 9
632 528 m 25
 830 528 l 25
 830 528 852 559 876 568 c 1
 895 561 919 533 938 507 c 1
 946 489 930 478 912 478 c 9
 632 478 l 25
 632 528 l 25
605 675 m 25
 806 675 l 25
 806 675 828 706 852 715 c 1
 871 708 895 680 914 654 c 1
 922 636 906 625 888 625 c 9
 605 625 l 25
 605 675 l 25
455 321 m 9
 455 516 l 25
 545 516 l 25
 545 375 l 25
 614 405 l 25
 582 362 568 335 533 294 c 24
 524 284 515 283 503 276 c 17
 479 275 473 294 455 321 c 9
431 552 m 25
 431 786 l 25
 474 766 510 770 542 735 c 24
 556 720 529 706 521 687 c 25
 521 570 l 25
 508 521 511 490 488 444 c 24
 459 386 441 351 392 309 c 24
 350 273 311 267 263 252 c 9
 295 285 317 300 344 336 c 24
 372 373 387 395 404 438 c 24
 421 480 420 508 431 552 c 25
320 537 m 25
 518 537 l 25
 518 537 540 568 564 577 c 1
 583 570 607 542 626 516 c 1
 634 498 618 487 600 487 c 9
 320 487 l 25
 320 537 l 25
329 672 m 25
 548 672 l 25
 548 672 570 703 594 712 c 1
 613 705 637 677 656 651 c 1
 664 633 648 622 630 622 c 9
 329 622 l 25
 329 672 l 25
167 537 m 25
 210 517 246 521 278 486 c 24
 292 471 265 457 257 438 c 25
 257 -105 l 17
 249 -134 243 -156 212 -159 c 1
 188 -157 177 -133 167 -105 c 9
 167 537 l 25
230 765 m 25
 269 745 299 745 329 714 c 24
 339 704 315 697 308 684 c 24
 266 605 249 557 203 480 c 24
 176 436 160 410 122 375 c 24
 91 347 65 342 29 321 c 25
 59 371 81 398 107 450 c 24
 143 521 159 562 188 636 c 24
 207 685 214 715 230 765 c 25
EndSplineSet
EndChar
