Width: 1000
Flags: HW
LayerCount: 2
Fore
SplineSet
375 -51 m 25
 810 -51 l 25
 839 -23 848 9 873 18 c 1
 899 14 941 -39 972 -72 c 1
 980 -90 963 -101 945 -101 c 9
 375 -101 l 25
 375 -51 l 25
339 411 m 25
 339 411 418 395 450 360 c 24
 464 345 437 331 429 312 c 25
 429 57 l 2
 429 36 438 -48 432 -81 c 0
 424 -123 389 -135 369 -135 c 0
 349 -135 331 -128 330 -106 c 0
 329 -86 339 6 339 42 c 2
 339 411 l 25
615 438 m 25
 615 753 l 25
 615 753 694 737 726 702 c 24
 740 687 713 673 705 654 c 25
 705 438 l 25
 615 438 l 25
543 71 m 25
 831 71 l 25
 831 21 l 25
 544 21 l 25
 543 71 l 25
537 210 m 25
 810 210 l 25
 810 160 l 25
 537 160 l 25
 537 210 l 25
537 340 m 25
 831 340 l 25
 831 290 l 25
 537 290 l 25
 537 340 l 25
537 468 m 25
 771 468 l 25
 787 481 793 506 813 501 c 24
 848 491 865 470 882 438 c 24
 889 425 869 420 861 408 c 25
 861 174 l 2
 861 153 874 69 868 36 c 0
 860 -6 825 -18 805 -18 c 0
 785 -18 767 -11 766 11 c 0
 765 31 771 123 771 159 c 2
 771 418 l 25
 537 418 l 25
 537 468 l 25
501 498 m 25
 501 498 580 482 612 447 c 24
 626 432 599 418 591 399 c 25
 591 174 l 2
 591 153 600 69 594 36 c 0
 586 -6 551 -18 531 -18 c 0
 511 -18 493 -11 492 11 c 0
 491 31 501 123 501 159 c 2
 501 498 l 25
375 603 m 25
 813 603 l 25
 842 631 851 663 876 672 c 1
 902 668 944 615 975 582 c 1
 983 564 966 553 948 553 c 9
 375 553 l 25
 375 603 l 25
264 624 m 25
 264 48 l 2
 264 27 273 -57 267 -90 c 0
 259 -132 224 -144 204 -144 c 0
 184 -144 166 -137 165 -115 c 0
 164 -95 174 -3 174 33 c 2
 174 441 l 25
 264 624 l 25
234 750 m 25
 234 750 325 719 348 690 c 0
 360 675 324 671 315 654 c 24
 284 593 277 554 249 492 c 24
 218 423 200 384 162 318 c 24
 139 277 124 255 93 219 c 0
 72 194 54 175 27 159 c 1
 54 214 71 255 96 318 c 24
 120 377 132 411 153 471 c 24
 177 541 189 580 210 651 c 24
 221 689 234 750 234 750 c 25
EndSplineSet
EndChar
