Width: 1000
Flags: H
TeX: 117 0
LayerCount: 2
Fore
SplineSet
612 -75 m 1
 612 513 l 25
 655 493 691 497 723 462 c 24
 737 447 710 433 702 414 c 25
 702 -75 l 1
 612 -75 l 1
474 -43 m 1
 876 -43 l 1
 876 -93 l 1
 474 -93 l 1
 474 -43 l 1
828 162 m 25
 871 142 907 146 939 111 c 24
 953 96 926 82 918 63 c 25
 918 -81 l 17
 910 -110 904 -132 873 -135 c 1
 849 -133 838 -109 828 -81 c 9
 828 162 l 25
414 174 m 25
 457 154 493 158 525 123 c 24
 539 108 512 94 504 75 c 25
 504 -87 l 17
 496 -116 490 -138 459 -141 c 1
 435 -139 424 -115 414 -87 c 9
 414 174 l 25
810 468 m 25
 853 448 889 452 921 417 c 24
 935 402 908 388 900 369 c 25
 900 225 l 17
 892 196 886 174 855 171 c 1
 831 173 820 197 810 225 c 9
 810 468 l 25
474 254 m 1
 855 254 l 1
 855 204 l 1
 474 204 l 1
 474 254 l 1
429 453 m 25
 472 433 508 437 540 402 c 24
 554 387 527 373 519 354 c 25
 519 231 l 17
 511 202 505 180 474 177 c 1
 450 179 439 203 429 231 c 9
 429 453 l 25
342 560 m 1
 840 560 l 1
 840 510 l 1
 342 510 l 1
 342 560 l 1
357 729 m 25
 786 729 l 25
 802 742 808 767 828 762 c 24
 863 752 880 731 897 699 c 24
 904 686 884 681 876 669 c 25
 876 543 l 17
 868 514 862 492 831 489 c 1
 807 491 796 515 786 543 c 9
 786 679 l 25
 357 679 l 25
 357 729 l 25
315 216 m 25
 315 761 l 25
 358 741 394 745 426 710 c 24
 440 695 413 681 405 662 c 25
 405 204 l 17
 402 144 394 97 372 33 c 24
 355 -16 339 -42 306 -81 c 24
 286 -104 266 -107 240 -123 c 25
 258 -75 270 -49 285 0 c 24
 296 37 301 58 306 96 c 24
 312 142 311 169 315 216 c 25
126 504 m 25
 169 484 205 488 237 453 c 24
 251 438 224 424 216 405 c 25
 216 -105 l 17
 208 -134 202 -156 171 -159 c 1
 147 -157 136 -133 126 -105 c 9
 126 504 l 25
201 774 m 25
 241 754 269 751 303 723 c 24
 311 716 295 709 291 699 c 24
 272 651 264 623 243 576 c 24
 215 515 199 481 165 423 c 24
 140 380 127 354 93 318 c 24
 71 295 51 291 24 273 c 25
 46 326 61 354 81 408 c 24
 112 491 125 540 153 624 c 24
 172 682 182 716 201 774 c 25
EndSplineSet
EndChar
