Width: 1000
Flags: H
TeX: 117 0
LayerCount: 2
Fore
SplineSet
688 447 m 25
 711 365 714 315 748 237 c 24
 789 145 821 97 879 15 c 24
 913 -33 943 -52 984 -95 c 25
 957 -107 942 -112 915 -125 c 24
 899 -132 890 -156 876 -146 c 24
 836 -118 825 -88 802 -45 c 24
 756 39 732 87 700 177 c 24
 673 251 671 296 652 372 c 25
 688 447 l 25
837 498 m 25
 927 498 l 25
 908 409 904 357 879 270 c 24
 856 192 845 146 804 75 c 24
 764 6 737 -33 676 -84 c 24
 625 -126 574 -147 523 -156 c 9
 565 -115 595 -98 631 -51 c 24
 680 12 703 51 738 123 c 24
 770 190 783 231 802 303 c 24
 822 378 823 422 837 498 c 25
688 528 m 25
 885 528 l 25
 885 528 907 559 931 568 c 1
 950 561 974 533 993 507 c 1
 1001 489 985 478 967 478 c 9
 688 478 l 25
 688 528 l 25
691 753 m 25
 730 735 758 736 790 708 c 24
 800 700 783 690 778 678 c 25
 767 634 764 608 751 564 c 24
 727 485 722 436 682 363 c 24
 657 317 625 304 589 267 c 25
 608 327 622 359 637 420 c 24
 655 494 661 537 673 612 c 24
 682 667 684 698 691 753 c 25
373 309 m 1
 373 489 l 25
 416 469 452 473 484 438 c 24
 498 423 471 409 463 390 c 25
 463 309 l 1
 373 309 l 1
514 39 m 1
 514 151 l 25
 388 151 l 25
 388 201 l 25
 514 201 l 25
 530 214 536 239 556 234 c 24
 591 224 608 203 625 171 c 24
 632 158 612 153 604 141 c 25
 604 36 l 1
 602 4 592 -25 577 -63 c 8
 562 -101 544 -125 505 -138 c 24
 485 -145 481 -114 466 -99 c 24
 444 -76 431 -62 409 -39 c 25
 475 -39 l 17
 499 -39 512 6 514 39 c 1
334 132 m 9
 334 318 l 25
 424 318 l 25
 424 135 l 17
 412 78 412 42 388 -12 c 24
 369 -54 350 -74 316 -105 c 24
 290 -128 268 -131 238 -147 c 25
 265 -96 288 -70 307 -15 c 24
 326 40 325 81 334 132 c 9
228 333 m 25
 549 333 l 25
 549 333 571 364 595 373 c 1
 614 366 638 338 657 312 c 1
 665 294 649 283 631 283 c 9
 228 283 l 25
 228 333 l 25
391 486 m 25
 391 780 l 25
 434 760 470 764 502 729 c 24
 516 714 489 700 481 681 c 25
 481 486 l 25
 391 486 l 25
280 648 m 25
 517 648 l 25
 517 648 539 679 563 688 c 1
 582 681 606 653 625 627 c 1
 633 609 617 598 599 598 c 9
 280 598 l 25
 280 648 l 25
244 501 m 25
 541 501 l 25
 541 501 563 532 587 541 c 1
 606 534 630 506 649 480 c 1
 657 462 641 451 623 451 c 9
 244 451 l 25
 244 501 l 25
127 471 m 25
 170 451 206 455 238 420 c 24
 252 405 225 391 217 372 c 25
 217 -105 l 17
 209 -134 203 -156 172 -159 c 1
 148 -157 137 -133 127 -105 c 9
 127 471 l 25
172 771 m 25
 215 749 247 747 283 714 c 24
 292 706 272 698 265 687 c 25
 243 631 234 598 208 543 c 24
 166 455 145 402 91 321 c 24
 69 289 49 279 16 255 c 9
 36 310 49 340 67 396 c 24
 97 487 113 538 139 630 c 24
 154 684 159 716 172 771 c 25
EndSplineSet
EndChar
