Width: 1000
Flags: H
TeX: 117 0
LayerCount: 2
Fore
SplineSet
648 534 m 25
 668 454 675 408 699 330 c 24
 717 271 726 237 756 183 c 24
 792 118 816 81 867 27 c 24
 906 -14 938 -24 984 -57 c 25
 964 -70 952 -76 933 -90 c 24
 916 -103 912 -133 891 -126 c 24
 850 -113 836 -85 810 -51 c 24
 763 10 735 46 705 117 c 24
 668 204 661 259 639 351 c 24
 627 404 626 435 618 489 c 25
 648 534 l 25
810 528 m 25
 901 528 l 25
 892.42 473.01 891.631 441.203 879 387 c 24
 860.763 308.741 855.34 262.113 822 189 c 24
 787.934 114.292 765.131 70.9737 708 12 c 24
 654.037 -43.7041 614.146 -68.1255 543 -99 c 24
 487.416 -123.121 447 -120 390 -126 c 9
 442.65 -94.4102 474.955 -80.5741 525 -45 c 24
 572.375 -11.3242 600.488 7.46492 639 51 c 24
 682.002 99.6104 694 116 732 189 c 0
 762 246 775.159 298.805 792 372 c 24
 805.732 431.685 802.98 467.16 810 528 c 25
636 558 m 25
 888 558 l 25
 888 558 910 589 934 598 c 1
 953 591 977 563 996 537 c 1
 1004 519 988 508 970 508 c 9
 636 508 l 25
 636 558 l 25
651 759 m 25
 691 747 721 755 753 729 c 24
 766 719 744 705 738 690 c 25
 727 653 724 631 711 594 c 24
 690 537 685 501 651 450 c 24
 621 405 594 378 552 354 c 9
 565 386 576 402 585 435 c 24
 608 516 616 563 633 645 c 24
 642 689 644 715 651 759 c 25
303 71 m 1
 522 71 l 1
 522 21 l 1
 303 21 l 1
 303 71 l 1
291 336 m 25
 480 336 l 25
 496 349 502 374 522 369 c 24
 557 359 574 338 591 306 c 24
 598 293 578 288 570 276 c 25
 570 51 l 17
 562 22 556 0 525 -3 c 1
 501 -1 490 23 480 51 c 9
 480 286 l 25
 291 286 l 25
 291 336 l 25
273 363 m 25
 316 343 352 347 384 312 c 24
 398 297 371 283 363 264 c 25
 363 3 l 17
 355 -26 349 -48 318 -51 c 1
 294 -49 283 -25 273 3 c 9
 273 363 l 25
375 327 m 25
 375 759 l 25
 418 739 454 743 486 708 c 24
 500 693 473 679 465 660 c 25
 465 327 l 25
 375 327 l 25
237 537 m 25
 510 537 l 25
 510 537 532 568 556 577 c 1
 575 570 599 542 618 516 c 1
 626 498 610 487 592 487 c 9
 237 487 l 25
 237 537 l 25
129 531 m 25
 172 511 208 515 240 480 c 24
 254 465 227 451 219 432 c 25
 219 -84 l 17
 211 -113 205 -135 174 -138 c 1
 150 -136 139 -112 129 -84 c 9
 129 531 l 25
174 762 m 25
 214 743 243 743 276 714 c 24
 286 705 267 696 261 684 c 25
 242 635 233 607 213 558 c 24
 195 513 185 488 165 444 c 24
 137 385 125 349 90 294 c 24
 68 259 46 246 18 216 c 25
 37 279 48 315 66 378 c 24
 88 455 101 499 123 576 c 24
 143 648 154 689 174 762 c 25
EndSplineSet
EndChar
