Width: 1000
Flags: H
TeX: 117 0
LayerCount: 2
Fore
SplineSet
489 157 m 1
 876 157 l 1
 876 107 l 1
 489 107 l 1
 489 157 l 1
780 291 m 25
 780 -81 l 17
 772 -110 766 -132 735 -135 c 1
 711 -133 700 -109 690 -81 c 9
 690 291 l 25
 780 291 l 25
663 291 m 25
 663 -93 l 17
 655 -122 649 -144 618 -147 c 1
 594 -145 583 -121 573 -93 c 9
 573 291 l 25
 663 291 l 25
822 -78 m 25
 822 271 l 25
 483 271 l 25
 483 321 l 25
 822 321 l 25
 838.38 333.87 843.891 359.435 864 354 c 24
 899.178 344.492 916.287 323.381 933 291 c 24
 939.55 278.309 920.19 272.7 912 261 c 25
 912 -102 l 17
 903 -129 897.62 -148.441 873 -153 c 24
 851.787 -156.929 847.793 -130.543 831 -117 c 24
 811.509 -101.281 799.89 -93.21 780 -78 c 25
 822 -78 l 25
444 345 m 25
 487.29 325.11 522.953 329.251 555 294 c 24
 568.745 278.881 542.19 264.72 534 246 c 25
 534 -99 l 17
 526 -128 520 -150 489 -153 c 1
 465 -151 454 -127 444 -99 c 9
 444 345 l 25
426 445 m 1
 819 445 l 1
 819 395 l 1
 426 395 l 1
 426 445 l 1
417 606 m 25
 756 606 l 25
 772 619 778 644 798 639 c 24
 833 629 850 608 867 576 c 24
 874 563 854 558 846 546 c 25
 846 432 l 17
 838 403 832 381 801 378 c 1
 777 380 766 404 756 432 c 9
 756 556 l 25
 417 556 l 25
 417 606 l 25
369 180 m 25
 369 630 l 25
 412 610 448 614 480 579 c 24
 494 564 467 550 459 531 c 25
 459 240 l 25
 450 171 455 130 435 63 c 24
 416 0 398 -34 360 -87 c 24
 342 -112 320 -114 294 -132 c 25
 314 -81 332 -54 345 0 c 24
 362 69 360 110 369 180 c 25
378 731 m 25
 780 731 l 25
 809 759 818 791 843 800 c 1
 869 796 911 743 942 710 c 1
 950 692 933 681 915 681 c 9
 378 681 l 25
 378 731 l 25
204 528 m 25
 247 508 283 512 315 477 c 24
 329 462 302 448 294 429 c 25
 294 -141 l 17
 286 -170 280 -192 249 -195 c 1
 225 -193 214 -169 204 -141 c 9
 204 528 l 25
267 792 m 25
 310.29 768.21 345.558 768.249 378 731 c 24
 389.235 718.1 356.219 714.003 348 699 c 24
 306.769 623.736 295.768 574.817 252 501 c 24
 217.032 442.024 195.818 408.141 147 360 c 24
 110.26 323.77 79.29 316.08 36 288 c 25
 81.6299 365.22 113.348 405.547 153 486 c 24
 194.301 569.799 210.385 620.454 243 708 c 24
 254.895 739.928 257.64 759.24 267 792 c 25
EndSplineSet
EndChar
