Width: 1000
Flags: H
TeX: 117 0
LayerCount: 2
Fore
SplineSet
747 201 m 25
 776 175 802 169 822 135 c 24
 839 106 842 83 834 51 c 24
 829 32 812 22 792 21 c 24
 776 20 767 33 762 48 c 24
 751 80 756 101 753 135 c 24
 750 161 749 175 747 201 c 25
660 189 m 25
 682 163 703 154 717 123 c 24
 729 96 733 77 726 48 c 24
 720 26 709 10 687 6 c 24
 669 3 653 15 648 33 c 24
 639 64 655 82 657 114 c 24
 659 143 659 160 660 189 c 25
579 171 m 25
 595 148 613 138 621 111 c 24
 630 81 631 60 621 30 c 24
 613 6 604 -14 579 -18 c 24
 559 -21 544 -2 543 18 c 24
 540 52 562 69 570 102 c 24
 576 128 575 144 579 171 c 25
498 150 m 25
 507 103 532 77 522 30 c 24
 515 -7 495 -32 459 -42 c 24
 435 -48 412 -25 411 0 c 24
 409 29 439 35 453 60 c 24
 473 94 480 115 498 150 c 25
861 30 m 25
 861 196 l 25
 435 196 l 25
 435 246 l 25
 861 246 l 25
 877 259 883 284 903 279 c 24
 938 269 955 248 972 216 c 24
 979 203 959 198 951 186 c 25
 951 33 l 17
 942 -33 927 -61 891 -108 c 24
 860 -148 834 -169 786 -183 c 24
 768 -188 766 -161 753 -147 c 24
 729 -122 715 -109 690 -84 c 25
 777 -84 l 25
 798 -64 814 -56 831 -33 c 24
 847 -11 849 5 861 30 c 25
771 325 m 25
 426 325 l 25
 426 375 l 25
 783 375 l 25
 801 386 809 410 828 402 c 24
 862 388 875 364 891 330 c 24
 896 320 878 319 870 312 c 25
 831 225 l 25
 735 225 l 25
 771 325 l 25
678 351 m 25
 678 457 l 25
 438 457 l 25
 438 507 l 25
 678 507 l 25
 694 520 700 545 720 540 c 24
 755 530 772 509 789 477 c 24
 796 464 776 459 768 447 c 25
 768 351 l 25
 678 351 l 25
390 222 m 9
 390 534 l 25
 433 514 469 518 501 483 c 24
 515 468 488 454 480 435 c 25
 480 243 l 17
 468 171 469 138 441 78 c 24
 409 8 382 -28 330 -84 c 24
 304 -112 279 -115 246 -135 c 25
 273 -93 292 -71 315 -27 c 24
 338 18 348 45 363 93 c 24
 378 142 381 174 390 222 c 9
742 721 m 25
 782 699 809 694 843 666 c 24
 886 630 913 609 938 560 c 24
 949 539 947 513 928 500 c 24
 907 486 886 497 865 511 c 24
 840 527 836 547 819 571 c 24
 800 598 791 614 772 641 c 24
 753 669 741 685 721 714 c 25
 742 721 l 25
567 690 m 25
 609 690 l 25
 632 664 654 655 669 624 c 24
 686 589 696 563 687 525 c 24
 682 503 662 490 639 492 c 24
 617 494 608 513 600 534 c 24
 590 559 600 577 594 603 c 24
 587 638 578 656 567 690 c 25
405 714 m 9
 439 696 462 693 492 669 c 24
 498 664 486 658 483 651 c 24
 462 605 454 578 429 534 c 24
 405 492 395 465 360 432 c 24
 331 405 305 403 270 384 c 25
 304 453 328 490 357 561 c 24
 381 619 393 645 405 714 c 9
825 795 m 25
 847 760 869 745 882 705 c 24
 885 695 868 695 858 693 c 24
 820 686 798 688 759 684 c 24
 630 670 429 645 429 645 c 1
 423 672 l 25
 490 691 528 700 594 720 c 24
 685 748 735 766 825 795 c 25
141 495 m 25
 184 475 220 479 252 444 c 24
 266 429 239 415 231 396 c 25
 231 -120 l 17
 223 -149 217 -171 186 -174 c 1
 162 -172 151 -148 141 -120 c 9
 141 495 l 25
225 753 m 25
 267 734 294 729 333 705 c 0
 343 699 326 688 321 678 c 24
 296 631 284 603 255 558 c 24
 212 492 191 452 138 393 c 24
 99 349 67 334 21 297 c 25
 54 361 74 397 105 462 c 24
 135 525 150 562 177 627 c 24
 197 676 206 704 225 753 c 25
EndSplineSet
EndChar
