Width: 1000
Flags: HW
LayerCount: 2
Fore
SplineSet
184 515 m 25
 227 495 263 499 295 464 c 24
 309 449 282 435 274 416 c 25
 274 -130 l 17
 266 -159 260 -181 229 -184 c 1
 205 -182 194 -158 184 -130 c 9
 184 515 l 25
283 773 m 25
 319 748 354 748 376 710 c 24
 387 691 358 680 346 662 c 24
 307 602 288 566 244 509 c 24
 207 460 186 432 139 392 c 24
 111 368 88 365 55 347 c 25
 87 396 107 423 136 473 c 24
 173 537 193 574 226 641 c 24
 251 691 261 722 283 773 c 25
446 -100 m 25
 792 -100 l 25
 792 -150 l 25
 446 -150 l 25
 446 -100 l 25
436 45 m 25
 753 45 l 25
 769 58 775 83 795 78 c 24
 830 68 847 47 864 15 c 24
 871 2 851 -3 843 -15 c 25
 843 -123 l 17
 835 -152 829 -174 798 -177 c 1
 774 -175 763 -151 753 -123 c 9
 753 -5 l 25
 436 -5 l 25
 436 45 l 25
404 72 m 25
 447 52 483 56 515 21 c 24
 529 6 502 -8 494 -27 c 25
 494 -120 l 17
 486 -149 480 -171 449 -174 c 1
 425 -172 414 -148 404 -120 c 9
 404 72 l 25
347 150 m 25
 783 150 l 25
 812 178 821 210 846 219 c 1
 872 215 914 162 945 129 c 1
 953 111 936 100 918 100 c 9
 347 100 l 25
 347 150 l 25
664 306 m 25
 705 291 736 294 769 267 c 24
 780 258 758 249 750 237 c 24
 724 198 709 177 683 138 c 25
 644 138 l 25
 664 306 l 25
460 288 m 17
 523 258 544 258 579 216 c 24
 597 194 598 165 580 144 c 24
 565 126 539 132 521 147 c 24
 500 164 507 188 496 213 c 24
 483 243 474 259 460 288 c 17
448 317 m 25
 778 317 l 25
 778 267 l 25
 448 267 l 25
 448 317 l 25
448 444 m 25
 733 444 l 25
 749 457 755 482 775 477 c 24
 810 467 827 446 844 414 c 24
 851 401 831 396 823 384 c 25
 823 303 l 17
 815 274 809 252 778 249 c 1
 754 251 743 275 733 303 c 9
 733 394 l 25
 448 394 l 25
 448 444 l 25
406 480 m 25
 449 460 485 464 517 429 c 24
 531 414 504 400 496 381 c 25
 496 288 l 17
 488 259 482 237 451 234 c 1
 427 236 416 260 406 288 c 9
 406 480 l 25
363 540 m 25
 724 540 l 25
 724 540 762 600 787 609 c 1
 813 605 855 552 886 519 c 1
 894 501 877 490 859 490 c 9
 363 490 l 25
 363 540 l 25
564 513 m 25
 564 768 l 25
 607 748 643 752 675 717 c 24
 689 702 662 688 654 669 c 25
 654 513 l 25
 564 513 l 25
305 657 m 25
 758 657 l 25
 787 685 796 717 821 726 c 1
 847 722 889 669 920 636 c 1
 928 618 911 607 893 607 c 9
 305 607 l 25
 305 657 l 25
EndSplineSet
EndChar
