Width: 1000
Flags: H
TeX: 117 0
LayerCount: 2
Fore
SplineSet
642 308 m 25
 732 308 l 25
 732 -108 l 25
 642 -108 l 25
 642 308 l 25
438 66 m 25
 798 66 l 25
 798 66 820 97 844 106 c 1
 863 99 887 71 906 45 c 1
 914 27 898 16 880 16 c 9
 438 16 l 25
 438 66 l 25
438 -82 m 25
 840 -82 l 25
 840 -82 862 -51 886 -42 c 1
 905 -49 929 -77 948 -103 c 1
 956 -121 940 -132 922 -132 c 9
 438 -132 l 25
 438 -82 l 25
444 206 m 25
 792 206 l 25
 792 206 814 237 838 246 c 1
 857 239 881 211 900 185 c 1
 908 167 892 156 874 156 c 9
 444 156 l 25
 444 206 l 25
486 345 m 25
 486 -127 l 17
 478 -156 472 -178 441 -181 c 1
 417 -179 406 -155 396 -127 c 9
 396 267 l 25
 486 345 l 25
465 335 m 25
 839 335 l 25
 839 335 861 366 885 375 c 1
 904 368 928 340 947 314 c 1
 955 296 939 285 921 285 c 9
 465 285 l 25
 465 335 l 25
678 485 m 25
 719 472 749 478 783 452 c 24
 794 443 768 435 762 422 c 24
 746 386 740 363 726 326 c 25
 660 326 l 25
 678 485 l 25
489 499 m 25
 523 483 549 485 576 459 c 24
 586 450 571 438 564 427 c 24
 534 382 513 358 480 315 c 24
 457 285 448 265 420 240 c 24
 386 210 361 202 324 177 c 25
 346 220 358 245 381 288 c 24
 410 342 431 371 459 426 c 24
 473 453 477 471 489 499 c 25
411 533 m 25
 879 533 l 25
 879 483 l 25
 411 483 l 25
 411 533 l 25
828 716 m 25
 871 696 907 700 939 665 c 24
 953 650 926 636 918 617 c 25
 918 525 l 17
 910 496 904 474 873 471 c 1
 849 473 838 497 828 525 c 9
 828 716 l 25
387 713 m 25
 430 693 466 697 498 662 c 24
 512 647 485 633 477 614 c 25
 477 519 l 17
 469 490 463 468 432 465 c 1
 408 467 397 491 387 519 c 9
 387 713 l 25
606 516 m 25
 606 770 l 25
 649 750 685 754 717 719 c 24
 731 704 704 690 696 671 c 25
 696 516 l 25
 606 516 l 25
255 617 m 25
 255 -139 l 17
 247 -168 241 -190 210 -193 c 1
 186 -191 175 -167 165 -139 c 9
 165 455 l 25
 255 617 l 25
222 750 m 25
 263 729 293 727 327 695 c 24
 336 686 314 680 309 668 c 24
 275 579 269 523 228 437 c 24
 192 361 163 321 111 255 c 24
 87 224 63 216 33 191 c 25
 62 263 80 303 108 375 c 24
 141 462 162 510 189 599 c 24
 207 657 209 691 222 750 c 25
EndSplineSet
EndChar
