Width: 1000
Flags: HW
TeX: 117 0
LayerCount: 2
Fore
SplineSet
315 174 m 25
 357 189 l 25
 357 189 434 119 489 81 c 24
 541 45 573 27 630 0 c 24
 693 -30 731 -43 798 -63 c 24
 846 -77 924 -87 924 -87 c 25
 924 -87 870 -110 837 -129 c 24
 818 -140 814 -160 792 -162 c 24
 760 -165 739 -158 711 -141 c 24
 613 -83 560 -44 471 27 c 24
 406 79 315 174 315 174 c 25
653 166 m 25
 338 166 l 25
 338 216 l 25
 665 216 l 25
 684 224 695 246 713 237 c 24
 745 221 759 199 770 165 c 24
 774 152 757 147 746 138 c 24
 686 86 654 55 590 9 c 24
 527 -36 490 -61 419 -93 c 24
 355 -122 316 -131 248 -147 c 24
 200 -159 172 -163 122 -165 c 1
 213 -126 262 -105 347 -57 c 24
 437 -6 486 26 569 87 c 24
 605 113 653 166 653 166 c 25
341 261 m 25
 341 261 398 244 419 216 c 24
 428 204 409 194 398 183 c 24
 357 140 335 113 287 78 c 24
 244 48 216 35 167 18 c 24
 129 5 106 0 65 0 c 1
 108 27 135 44 176 78 c 24
 221 115 245 137 284 180 c 24
 310 209 341 261 341 261 c 25
674 546 m 17
 729 531 759 522 806 492 c 24
 842 468 866 451 881 411 c 24
 890 388 881 361 858 352 c 24
 832 342 809 355 791 376 c 0
 771 399 768 425 749 453 c 24
 723 491 703 510 674 546 c 17
560 324 m 25
 560 615 l 25
 650 615 l 25
 650 315 l 18
 650 275 621 251 584 237 c 24
 565 230 564 263 548 276 c 24
 524 297 508 305 482 324 c 25
 560 324 l 25
383 444 m 26
 383 621 l 25
 473 621 l 25
 473 438 l 18
 473 393 459 346 423 303 c 24
 384 257 344 241 290 222 c 1
 324 262 340 282 359 327 c 24
 377 370 383 397 383 444 c 26
243 537 m 25
 243 537 308 501 336 465 c 24
 343 456 326 449 318 441 c 24
 274 399 254 370 203 336 c 24
 159 307 126 295 78 282 c 1
 118 322 135 346 167 390 c 24
 190 422 200 442 218 477 c 24
 230 500 243 537 243 537 c 25
111 654 m 25
 758 654 l 25
 758 654 796 714 821 723 c 1
 847 719 889 666 920 633 c 1
 928 615 911 604 893 604 c 9
 111 604 l 25
 111 654 l 25
461 633 m 25
 461 789 l 25
 461 789 540 773 572 738 c 24
 586 723 559 709 551 690 c 25
 551 633 l 25
 461 633 l 25
EndSplineSet
EndChar
