Width: 1000
Flags: H
TeX: 117 0
LayerCount: 2
Fore
SplineSet
804 45 m 25
 804 355 l 25
 483 355 l 25
 483 405 l 25
 804 405 l 25
 820.38 417.87 825.891 443.435 846 438 c 24
 881.178 428.492 898.287 407.381 915 375 c 24
 921.55 362.309 902.19 356.7 894 345 c 25
 894 0 l 25
 869.43 -22.2305 864.134 -57 831 -57 c 24
 801.938 -57 803.846 -20.2501 783 0 c 24
 762.685 19.7344 748.23 27.4502 726 45 c 25
 804 45 l 25
450 435 m 25
 493 415 529 419 561 384 c 24
 575 369 548 355 540 336 c 25
 540 -6 l 17
 532 -35 526 -57 495 -60 c 1
 471 -58 460 -34 450 -6 c 9
 450 435 l 25
624 774 m 25
 667 754 703 758 735 723 c 24
 749 708 722 694 714 675 c 25
 714 -102 l 17
 706 -131 700 -153 669 -156 c 1
 645 -154 634 -130 624 -102 c 9
 624 774 l 25
387 606 m 25
 807 606 l 25
 807 606 845 666 870 675 c 1
 896 671 938 618 969 585 c 1
 977 567 960 556 942 556 c 9
 387 556 l 25
 387 606 l 25
144 252 m 25
 191.97 225.09 225.13 218.667 267 183 c 24
 321.293 136.75 358.71 110.471 387 45 c 24
 403.408 7.02734 395.94 -26.2658 372 -60 c 24
 360.175 -76.6631 333.544 -64.1286 321 -48 c 24
 296.694 -16.749 305.706 12.589 288 48 c 24
 265.647 92.7061 253.319 119.662 219 156 c 24
 192.259 184.313 167.76 188.94 135 210 c 25
 144 252 l 25
330 481 m 9
 39 481 l 25
 39 531 l 25
 339 531 l 25
 357.72 540.75 367.214 563.349 387 556 c 24
 418.333 544.362 432.046 523.213 444 492 c 24
 449.107 478.663 427.301 475.619 423 462 c 24
 398.987 385.961 397.643 339.505 372 264 c 24
 355.338 214.94 341.358 188.606 315 144 c 24
 280.329 85.3262 259.494 52.4689 216 0 c 24
 185.358 -36.9639 166.752 -58.6135 126 -84 c 24
 93.6523 -104.15 69.2695 -102.3 33 -114 c 25
 82.1396 -61.3496 116.946 -37.4655 159 21 c 24
 213.489 96.7529 246.485 140.533 279 228 c 24
 314.072 322.347 309 384 330 481 c 9
204 756 m 25
 241.44 741.96 268.893 745.125 300 720 c 24
 309.846 712.048 285.353 705.203 282 693 c 24
 255.911 598.037 248.742 542.577 225 447 c 24
 203.105 358.862 199.181 306.139 165 222 c 24
 152.529 191.303 140.145 167.036 108 159 c 24
 87.1318 153.783 67.7901 176.523 69 198 c 24
 72.9775 268.603 103.371 303.268 120 372 c 24
 156.049 521.003 171.24 606.24 204 756 c 25
EndSplineSet
EndChar
