Width: 1000
Flags: H
TeX: 117 0
LayerCount: 2
Fore
SplineSet
531 240 m 24
 491 272 481 303 447 342 c 24
 413 381 392 401 357 438 c 17
 417 426 444 423 492 396 c 24
 545 366 580 346 611 294 c 24
 626 269 621 237 597 221 c 24
 575 206 552 223 531 240 c 24
406 615 m 25
 741 615 l 25
 761 629 768 657 792 651 c 24
 830 641 849 618 867 582 c 24
 874 568 850 563 843 549 c 24
 828 518 822 500 810 468 c 24
 793 425 788 399 768 357 c 24
 736 289 718 250 678 186 c 24
 647 137 626 111 585 69 c 24
 546 28 521 8 474 -24 c 24
 420 -61 389 -86 327 -108 c 24
 260 -131 204 -144 147 -138 c 9
 203 -106 237 -92 291 -57 c 24
 353 -18 388 4 444 51 c 24
 489 89 512 113 549 159 c 24
 586 205 605 233 633 285 c 24
 663 340 676 374 699 432 c 24
 719 481 726 511 744 561 c 25
 406 561 l 25
 406 615 l 25
441 780 m 25
 480 759 510 758 540 726 c 24
 549 716 523 713 516 702 c 24
 484 646 474 610 441 555 c 24
 402 490 384 449 333 393 c 24
 293 348 262 330 210 300 c 24
 173 279 148 278 108 264 c 25
 142 297 164 312 195 348 c 24
 242 403 266 435 306 495 c 24
 337 541 351 569 375 618 c 24
 396 661 405 687 423 732 c 24
 431 751 434 761 441 780 c 25
EndSplineSet
EndChar
