Width: 1000
Flags: H
TeX: 117 0
LayerCount: 2
Fore
SplineSet
690 409 m 25
 732 409 l 25
 746 348 744 311 768 253 c 24
 786 211 805 192 837 160 c 24
 864 133 886 125 918 103 c 25
 892 88 877 80 852 64 c 24
 839 56 835 33 822 40 c 24
 786 61 770 83 753 121 c 24
 722 188 718 232 702 304 c 24
 693 344 695 368 690 409 c 25
648 298 m 25
 648 685 l 25
 691 665 727 669 759 634 c 24
 773 619 746 605 738 586 c 25
 738 289 l 17
 726 223 716 183 687 121 c 24
 671 86 655 68 624 46 c 24
 591 22 564 13 528 7 c 9
 555 43 575 61 597 100 c 24
 616 135 623 157 633 196 c 24
 643 235 642 258 648 298 c 25
510 -54 m 25
 921 -54 l 25
 921 -104 l 25
 510 -104 l 25
 510 -54 l 25
516 445 m 25
 762 445 l 25
 762 445 784 476 808 485 c 1
 827 478 851 450 870 424 c 1
 878 406 862 395 844 395 c 9
 516 395 l 25
 516 445 l 25
486 709 m 25
 867 709 l 25
 883 722 889 747 909 742 c 24
 944 732 961 711 978 679 c 24
 985 666 965 661 957 649 c 25
 957 -89 l 17
 949 -118 943 -140 912 -143 c 1
 888 -141 877 -117 867 -89 c 9
 867 659 l 25
 486 659 l 25
 486 709 l 25
462 741 m 25
 505 721 541 725 573 690 c 24
 587 675 560 661 552 642 c 25
 552 -110 l 17
 544 -139 538 -161 507 -164 c 1
 483 -162 472 -138 462 -110 c 9
 462 741 l 25
150 234 m 25
 208 198 245 182 300 141 c 24
 348 105 380 86 414 36 c 24
 435 5 442 -21 435 -57 c 24
 431 -78 410 -95 390 -87 c 24
 360 -76 360 -47 342 -21 c 24
 319 11 310 32 285 63 c 24
 256 98 238 117 204 147 c 24
 182 167 166 174 141 192 c 25
 150 234 l 25
348 499 m 25
 48 499 l 25
 48 549 l 25
 342 549 l 25
 360 564 364 593 387 588 c 24
 423 580 437 556 456 525 c 24
 463 514 447 507 444 495 c 24
 418 381 416 313 381 201 c 24
 357 127 340 84 294 21 c 24
 251 -38 217 -66 156 -105 c 24
 112 -133 87 -135 30 -147 c 9
 84 -97 119 -73 168 -18 c 24
 209 28 230 56 258 111 c 24
 288 170 297 207 315 270 c 24
 330 323 334 354 342 408 c 24
 347 443 346 464 348 499 c 25
210 789 m 25
 247 774 276 777 306 750 c 24
 317 740 296 729 294 714 c 24
 269 559 266 469 237 315 c 24
 225 254 218 217 189 162 c 24
 180 144 163 133 144 138 c 24
 124 144 114 162 114 183 c 24
 113 231 132 256 141 303 c 24
 159 391 170 440 183 528 c 24
 197 629 199 687 210 789 c 25
EndSplineSet
EndChar
