Width: 1000
Flags: H
TeX: 117 0
LayerCount: 2
Fore
SplineSet
486 462 m 25
 549 471 l 25
 549 471 575 352 609 282 c 24
 646 205 675 164 730 99 c 24
 770 51 800 29 852 -6 c 24
 900 -39 984 -75 984 -75 c 25
 984 -75 923 -92 888 -111 c 24
 873 -119 876 -145 859 -144 c 24
 830 -143 814 -129 793 -108 c 24
 727 -43 693 -4 640 72 c 24
 598 132 580 169 553 237 c 24
 519 322 486 462 486 462 c 25
445 450 m 2
 445 780 l 25
 445 780 524 764 556 729 c 24
 570 714 543 700 535 681 c 25
 535 453 l 2
 535 365 524 315 493 234 c 24
 462 152 436 106 379 39 c 24
 318 -33 277 -71 196 -120 c 24
 143 -152 99 -158 43 -165 c 1
 118 -112 172 -72 244 0 c 24
 299 55 328 90 367 159 c 0
 400 218 412 256 430 321 c 24
 443 370 445 416 445 450 c 2
55 486 m 25
 818 486 l 25
 818 486 856 546 881 555 c 1
 907 551 949 498 980 465 c 1
 988 447 971 436 953 436 c 9
 55 436 l 25
 55 486 l 25
EndSplineSet
EndChar
