Width: 1000
Flags: HW
LayerCount: 2
Fore
SplineSet
618 606 m 25
 618 606 670 579 693 551 c 24
 699 544 682 542 675 537 c 25
 641 512 624 494 588 472 c 24
 565 458 553 454 525 447 c 1
 551 484 565 506 588 546 c 24
 601 569 618 606 618 606 c 25
306 597 m 17
 346 583 369 573 402 546 c 24
 422 530 430 514 435 489 c 24
 438 473 435 457 420 451 c 24
 402 443 387 450 372 462 c 24
 353 478 351 495 340 518 c 24
 325 548 319 566 306 597 c 17
450 624 m 25
 450 624 529 608 561 573 c 24
 575 558 548 544 540 525 c 25
 540 243 l 17
 532 214 526 192 495 189 c 1
 471 191 460 215 450 243 c 9
 450 624 l 25
483 99 m 25
 555 99 l 25
 555 99 588 55 615 33 c 24
 652 2 674 -14 717 -36 c 24
 763 -60 791 -70 840 -84 c 24
 883 -97 954 -105 954 -105 c 25
 954 -105 905 -135 874 -153 c 24
 855 -164 847 -182 825 -180 c 24
 785 -177 763 -163 729 -141 c 0
 681 -110 650 -85 603 -45 c 24
 576 -22 563 -6 540 21 c 24
 516 50 483 99 483 99 c 25
435 141 m 26
 435 231 l 25
 435 231 514 215 546 180 c 24
 560 165 533 151 525 132 c 25
 525 96 l 18
 525 73 508 32 483 0 c 24
 453 -39 428 -57 387 -84 c 24
 345 -112 318 -124 270 -141 c 24
 225 -157 197 -161 150 -167 c 24
 109 -172 84 -173 45 -171 c 1
 113 -148 146 -136 207 -105 c 24
 259 -79 288 -64 333 -27 c 24
 368 1 385 22 408 60 c 24
 425 88 435 108 435 141 c 26
537 432 m 25
 537 432 601 371 645 336 c 24
 673 314 720 285 720 285 c 25
 720 285 685 271 663 261 c 24
 649 255 643 240 629 244 c 0
 606 251 592 264 575 287 c 0
 555 314 547 331 531 360 c 24
 519 382 501 417 501 417 c 25
 537 432 l 25
432 429 m 25
 471 429 l 25
 471 351 l 25
 471 351 449 317 429 300 c 24
 397 273 376 259 339 240 c 24
 315 228 305 225 273 219 c 1
 301 247 315 264 339 294 c 24
 367 329 382 350 408 387 c 24
 419 403 432 429 432 429 c 25
291 453 m 25
 603 453 l 25
 603 453 625 484 649 493 c 1
 668 486 692 458 711 432 c 1
 719 414 703 403 685 403 c 9
 291 403 l 25
 291 453 l 25
708 117 m 25
 708 607 l 25
 210 607 l 25
 210 657 l 25
 708 657 l 25
 724 670 730 695 750 690 c 24
 785 680 802 659 819 627 c 24
 826 614 806 609 798 597 c 25
 798 117 l 25
 708 117 l 25
54 138 m 25
 819 138 l 25
 848 166 857 198 882 207 c 1
 908 203 950 150 981 117 c 1
 989 99 972 88 954 88 c 9
 54 88 l 25
 54 138 l 25
192 117 m 25
 192 687 l 25
 192 687 271 671 303 636 c 24
 317 621 290 607 282 588 c 25
 282 117 l 25
 192 117 l 25
426 798 m 25
 426 798 495 775 528 744 c 24
 537 736 517 730 510 720 c 24
 488 689 475 671 453 639 c 25
 366 639 l 25
 426 798 l 25
EndSplineSet
EndChar
