Width: 1000
Flags: H
TeX: 117 0
LayerCount: 2
Fore
SplineSet
303 -57 m 25
 825 -57 l 25
 825 -57 863 3 888 12 c 1
 914 8 956 -45 987 -78 c 1
 995 -96 978 -107 960 -107 c 9
 303 -107 l 25
 303 -57 l 25
504 219 m 25
 795 219 l 25
 795 174 l 25
 504 174 l 25
 504 219 l 25
498 469 m 25
 783 469 l 25
 783 419 l 25
 498 419 l 25
 498 469 l 25
750 -72 m 25
 750 667 l 25
 498 667 l 25
 498 717 l 25
 750 717 l 25
 766 730 772 755 792 750 c 24
 827 740 844 719 861 687 c 24
 868 674 848 669 840 657 c 25
 840 -72 l 25
 750 -72 l 25
474 -81 m 25
 474 750 l 25
 517 730 553 734 585 699 c 24
 599 684 572 670 564 651 c 25
 564 -81 l 25
 474 -81 l 25
189 111 m 24
 169 125 154 127 132 138 c 25
 150 189 l 25
 182 177 202 175 231 159 c 24
 278 133 307 119 345 81 c 24
 376 51 395 30 405 -12 c 24
 410 -33 400 -53 381 -63 c 24
 365 -72 350 -61 336 -48 c 24
 301 -16 293 13 261 48 c 24
 236 75 220 90 189 111 c 24
324 393 m 9
 324 478 l 25
 24 478 l 25
 24 528 l 25
 324 528 l 25
 340 541 346 566 366 561 c 24
 401 551 418 530 435 498 c 24
 442 485 422 480 414 468 c 25
 414 381 l 17
 414 321 384 162 348 102 c 0
 309 37 276 7 219 -42 c 16
 178 -78 114 -99 57 -108 c 1
 99 -81 116 -66 147 -33 c 24
 194 17 224 45 258 105 c 24
 289 160 295 197 309 258 c 24
 321 310 321 330 324 393 c 9
207 318 m 24
 194 246 195 203 168 135 c 24
 160 115 143 99 123 105 c 24
 101 111 93 135 96 156 c 0
 108 243 125 341 141 459 c 24
 158 582 165 651 180 774 c 25
 219 759 245 759 279 735 c 24
 287 729 272 721 270 711 c 24
 244 558 234 471 207 318 c 24
EndSplineSet
EndChar
