Width: 1000
Flags: H
TeX: 117 0
LayerCount: 2
Fore
SplineSet
384 262 m 1
 422 249 446 241 474 212 c 24
 504 181 517 156 528 114 c 24
 534 90 536 66 516 52 c 24
 499 40 481 56 468 72 c 24
 448 97 450 118 439 148 c 0
 432 169 428 180 419 199 c 24
 407 224 399 238 384 262 c 1
555 270 m 26
 555 310 l 25
 420 310 l 25
 420 360 l 25
 555 360 l 25
 571 373 577 398 597 393 c 24
 632 383 649 362 666 330 c 24
 673 317 653 312 645 300 c 25
 645 255 l 26
 645 175 606 100 578 60 c 0
 556 28 540 6 510 -24 c 24
 485 -49 469 -62 438 -81 c 24
 400 -104 378 -116 336 -129 c 24
 294 -142 272 -144 225 -147 c 1
 282 -122 302 -112 345 -81 c 24
 388 -50 411 -28 446 12 c 24
 477 47 494 69 512 112 c 24
 537 171 555 206 555 270 c 26
417 528 m 25
 504 528 l 25
 504 528 500 467 493 428 c 24
 486 390 486 374 470 332 c 0
 448 274 440 258 416 214 c 24
 399 182 388 164 363 138 c 24
 334 108 320 94 279 72 c 1
 312 114 318 136 338 180 c 24
 356 220 363 243 375 285 c 24
 394 353 405 392 417 462 c 24
 421 487 417 528 417 528 c 25
276 549 m 25
 567 549 l 25
 567 549 589 580 613 589 c 1
 632 582 656 554 675 528 c 1
 683 510 667 499 649 499 c 9
 276 499 l 25
 276 549 l 25
690 363 m 26
 690 679 l 25
 183 679 l 25
 183 729 l 25
 690 729 l 25
 706 742 712 767 732 762 c 24
 767 752 784 731 801 699 c 24
 808 686 788 681 780 669 c 25
 780 360 l 18
 780 285 785 254 804 189 c 24
 820 135 838 108 867 60 c 24
 875 46 885 44 897 33 c 25
 975 132 l 25
 959 81 939 54 933 0 c 24
 929 -31 953 -47 951 -78 c 24
 949 -99 945 -122 924 -126 c 24
 897 -131 881 -112 861 -93 c 24
 827 -62 811 -40 786 0 c 24
 756 48 737 75 723 129 c 24
 699 218 690 271 690 363 c 26
162 162 m 26
 162 768 l 25
 162 768 241 752 273 717 c 24
 287 702 260 688 252 669 c 25
 252 153 l 26
 252 92 243 56 219 0 c 24
 199 -46 180 -71 142 -104 c 24
 110 -131 86 -142 45 -150 c 1
 88 -110 109 -87 135 -36 c 24
 154 2 151 29 157 72 c 24
 162 107 162 127 162 162 c 26
EndSplineSet
EndChar
