Width: 1000
Flags: HW
TeX: 117 0
LayerCount: 2
Fore
SplineSet
474 126 m 25
 561 126 l 25
 601 84 615 51 663 18 c 24
 719 -21 759 -29 822 -54 c 24
 868 -72 895 -76 942 -90 c 25
 902 -104 879 -110 840 -126 c 24
 823 -133 831 -159 798 -147 c 0
 753 -131 723 -116 681 -87 c 24
 620 -45 586 -20 534 33 c 24
 504 64 497 90 474 126 c 25
405 288 m 25
 446 277 473 282 510 261 c 24
 520 255 499 245 498 234 c 24
 494 197 498 175 498 138 c 25
 482 89 488 53 456 12 c 24
 408 -50 373 -88 300 -117 c 24
 209 -153 148 -137 51 -150 c 25
 138 -114 199 -115 273 -57 c 24
 343 -2 384 51 405 129 c 9
 405 288 l 25
42 162 m 25
 735 162 l 25
 764 190 773 222 798 231 c 1
 824 227 866 174 897 141 c 1
 905 123 888 112 870 112 c 9
 42 112 l 25
 42 162 l 25
561 483 m 25
 561 651 l 25
 651 651 l 25
 651 492 l 25
 635 445 642 409 609 372 c 24
 566 324 523 319 468 285 c 25
 498 328 524 348 546 396 c 24
 561 427 555 449 561 483 c 25
777 381 m 24
 777 625 l 25
 498 625 l 25
 498 675 l 25
 777 675 l 25
 793 688 799 713 819 708 c 24
 854 698 871 677 888 645 c 24
 895 632 875 627 867 615 c 25
 867 384 l 25
 853 344 852 315 822 282 c 24
 792 250 769 225 726 225 c 24
 703 225 709 257 693 273 c 24
 675 291 660 297 639 312 c 25
 732 312 l 17
 759 336 767 350 777 381 c 24
231 315 m 9
 231 759 l 25
 274 739 310 743 342 708 c 24
 356 693 329 679 321 660 c 25
 321 315 l 17
 231 315 l 9
54 327 m 25
 164 340 226 346 336 360 c 24
 391 367 422 373 477 381 c 25
 431 360 406 347 360 327 c 24
 309 304 280 291 228 270 c 24
 192 256 172 248 135 237 c 24
 120 233 106 220 96 231 c 24
 69 261 70 290 54 327 c 25
84 509 m 25
 354 509 l 25
 354 509 377 545 402 554 c 1
 428 550 416 521 447 488 c 1
 455 470 438 459 420 459 c 9
 84 459 l 25
 84 509 l 25
54 654 m 25
 384 654 l 25
 384 654 407 690 432 699 c 1
 458 695 446 666 477 633 c 1
 485 615 468 604 450 604 c 9
 54 604 l 25
 54 654 l 25
EndSplineSet
EndChar
