Width: 1000
Flags: H
TeX: 117 0
LayerCount: 2
Fore
SplineSet
461 204 m 17
 461 204 542 159 584 118 c 24
 613 88 631 69 639 28 c 24
 644 7 631 -12 612 -17 c 24
 590 -23 575 -10 559 5 c 24
 533 32 529 54 509 85 c 24
 483 123 439 181 439 181 c 25
 461 204 l 17
818 231 m 25
 542 231 l 25
 542 281 l 25
 825 281 l 25
 845 290 856 314 876 305 c 24
 907 292 923 269 930 236 c 24
 934 217 912 212 900 197 c 24
 867 157 850 132 813 95 c 24
 773 55 751 32 705 -1 c 24
 647 -43 612 -64 549 -97 c 24
 503 -121 475 -132 426 -148 c 24
 373 -166 343 -175 288 -184 c 24
 235 -192 225 -198 150 -192 c 9
 227 -161 272 -145 348 -112 c 24
 394 -92 419 -79 462 -55 c 24
 529 -17 567 3 630 47 c 24
 678 80 702 102 744 143 c 24
 776 174 818 231 818 231 c 25
609 368 m 25
 609 368 666 343 683 311 c 24
 690 297 668 291 656 281 c 24
 622 252 600 238 564 212 c 24
 514 176 487 154 435 123 c 24
 376 88 336 60 279 42 c 0
 216 22 180 11 119 11 c 1
 210 60 222 68 285 108 c 24
 333 138 360 157 405 191 c 24
 460 232 490 257 542 302 c 24
 570 326 609 368 609 368 c 25
368 571 m 25
 368 571 440 537 480 506 c 24
 507 485 527 473 535 441 c 24
 542 418 535 394 514 383 c 24
 495 373 478 389 462 403 c 24
 437 425 432 448 409 474 c 24
 385 503 342 543 342 543 c 25
 368 571 l 25
718 588 m 25
 432 588 l 25
 432 638 l 25
 729 638 l 25
 756 649 771 676 798 665 c 24
 832 651 842 623 852 587 c 24
 855 575 835 577 825 569 c 24
 785 537 764 516 723 485 c 24
 665 441 632 416 570 378 c 24
 501 335 462 309 387 276 c 24
 322 247 282 235 213 218 c 24
 161 205 135 203 78 200 c 1
 162 237 189 249 258 284 c 24
 325 318 361 339 426 377 c 24
 493 416 531 437 594 482 c 24
 646 519 670 547 718 588 c 25
528 776 m 25
 528 776 591 748 612 713 c 24
 620 700 597 693 585 683 c 24
 546 652 523 635 480 608 c 24
 406 562 365 532 285 497 c 24
 227 472 198 462 129 455 c 1
 213 507 245 530 315 584 c 24
 374 629 404 658 459 707 c 24
 487 732 528 776 528 776 c 25
EndSplineSet
EndChar
