Width: 1000
Flags: HW
LayerCount: 2
Fore
SplineSet
150 216 m 25
 204 195 237 190 288 162 c 24
 331 139 356 125 387 87 c 24
 410 59 422 36 420 0 c 24
 419 -23 404 -42 381 -45 c 24
 358 -48 348 -29 333 -12 c 24
 311 12 310 34 288 57 c 24
 259 88 239 102 204 126 c 24
 180 143 164 148 138 162 c 25
 150 216 l 25
351 481 m 25
 33 481 l 25
 33 531 l 25
 336 531 l 25
 357.06 548.55 362.875 579.97 390 576 c 24
 426.056 570.724 442.312 545.393 459 513 c 24
 466.188 499.046 448.02 491.04 441 477 c 25
 429.3 426.69 423.528 398.11 411 348 c 24
 393.104 276.419 392.629 232.574 363 165 c 24
 325.291 78.9971 297.813 32.0011 240 -42 c 24
 208.727 -82.0293 182.178 -97.9261 138 -123 c 24
 94.5312 -147.672 64.7998 -150.45 18 -168 c 25
 69.4805 -120.03 106.043 -99.9463 150 -45 c 24
 205.162 23.9521 234.3 66.2362 270 147 c 24
 306.386 229.315 311.789 281.536 333 369 c 24
 343.427 411.994 343.98 437.32 351 481 c 25
207 774 m 25
 247.95 757.62 278.595 760.798 312 732 c 24
 323.104 722.428 297.243 713.297 294 699 c 24
 271.362 599.188 266.776 541.216 246 441 c 24
 226.987 349.292 223.872 295.068 192 207 c 24
 178.622 170.033 169.414 138.069 132 126 c 24
 109.453 118.727 99 153.31 99 177 c 24
 99 228.93 120.642 255.327 132 306 c 24
 151.07 391.083 163.203 438.904 177 525 c 24
 192.478 621.58 195.3 676.89 207 774 c 25
333 -84 m 25
 891 -84 l 25
 891 -84 914 -48 939 -39 c 1
 965 -43 953 -72 984 -105 c 1
 992 -123 975 -134 957 -134 c 9
 333 -134 l 25
 333 -84 l 25
564 164 m 25
 843 164 l 25
 843 114 l 25
 565 114 l 25
 564 164 l 25
555 404 m 25
 837 404 l 25
 837 354 l 25
 555 354 l 25
 555 404 l 25
558 657 m 25
 789 657 l 25
 805 670 811 695 831 690 c 24
 866 680 883 659 900 627 c 24
 907 614 887 609 879 597 c 25
 879 105 l 17
 871 76 865 54 834 51 c 1
 810 53 799 77 789 105 c 9
 789 607 l 25
 558 607 l 25
 558 657 l 25
522 687 m 25
 565 667 601 671 633 636 c 24
 647 621 620 607 612 588 c 25
 612 96 l 17
 604 67 598 45 567 42 c 1
 543 44 532 68 522 96 c 9
 522 687 l 25
EndSplineSet
EndChar
