Width: 1000
Flags: H
TeX: 117 0
LayerCount: 2
Fore
SplineSet
552 -17 m 25
 825 -17 l 25
 825 -67 l 25
 552 -67 l 25
 552 -17 l 25
564 318 m 25
 804 318 l 25
 820 331 826 356 846 351 c 24
 881 341 898 320 915 288 c 24
 922 275 902 270 894 258 c 25
 894 -48 l 17
 886 -77 880 -99 849 -102 c 1
 825 -100 814 -76 804 -48 c 9
 804 268 l 25
 564 268 l 25
 564 318 l 25
528 351 m 25
 528 351 607 335 639 300 c 24
 653 285 626 271 618 252 c 25
 618 -72 l 17
 610 -101 604 -123 573 -126 c 1
 549 -124 538 -100 528 -72 c 9
 528 351 l 25
300 -102 m 1
 346 -34 375 9 417 84 c 24
 437 120 446 141 459 180 c 24
 483 249 495 289 513 360 c 24
 530 427 538 466 549 534 c 24
 555 570 553 591 555 627 c 25
 660 627 l 25
 655 592 654 572 646 537 c 24
 625 451 613 402 585 318 c 24
 560 241 547 196 510 123 c 24
 477 58 455 21 405 -33 c 24
 372 -69 343 -86 300 -102 c 1
408 660 m 25
 822 660 l 25
 822 660 844 691 868 700 c 1
 887 693 911 665 930 639 c 1
 938 621 922 610 904 610 c 9
 408 610 l 25
 408 660 l 25
183 258 m 25
 183 258 240 226 270 198 c 24
 308 162 331 141 357 96 c 24
 372 71 383 51 372 24 c 24
 363 2 340 -12 318 -3 c 24
 288 9 288 39 270 66 c 24
 253 92 249 112 228 135 c 24
 203 163 182 172 153 195 c 25
 183 258 l 25
336 393 m 26
 336 457 l 25
 72 457 l 25
 72 507 l 25
 336 507 l 25
 352 520 358 545 378 540 c 24
 413 530 430 509 447 477 c 24
 454 464 434 459 426 447 c 25
 426 399 l 18
 426 324 415 264 381 186 c 24
 345 103 311 62 252 -6 c 24
 222 -41 197 -53 156 -75 c 24
 128 -90 116 -94 78 -99 c 1
 126 -57 146 -37 183 9 c 24
 225 61 247 92 279 150 c 24
 300 187 308 211 318 252 c 24
 331 306 336 338 336 393 c 26
201 711 m 25
 201 711 276 697 309 666 c 24
 321 655 294 643 291 627 c 24
 274 545 275 496 258 414 c 24
 244 345 239 305 213 240 c 24
 199 204 191 174 156 159 c 24
 137 151 125 180 123 201 c 24
 120 247 135 272 144 318 c 24
 154 372 163 402 171 456 c 24
 185 555 201 711 201 711 c 25
EndSplineSet
EndChar
