Width: 1000
Flags: H
TeX: 117 0
LayerCount: 2
Fore
SplineSet
684 -60 m 24
 661 -41 644 -38 618 -24 c 25
 744 -24 l 25
 757 -9 767 -2 777 15 c 24
 790 38 792 53 801 78 c 25
 801 355 l 25
 627 355 l 25
 627 405 l 25
 801 405 l 25
 817 418 823 443 843 438 c 24
 878 428 895 407 912 375 c 24
 919 362 899 357 891 345 c 25
 891 30 l 25
 872 -3 869 -26 843 -54 c 24
 810 -90 792 -127 744 -129 c 24
 708 -130 711 -83 684 -60 c 24
309 -168 m 25
 371 -113 414 -90 468 -27 c 24
 515 27 539 63 567 129 c 24
 593 190 600 234 606 294 c 9
 606 789 l 25
 649 769 685 773 717 738 c 24
 731 723 704 709 696 690 c 25
 696 309 l 17
 693 255 682 208 660 147 c 24
 638 86 622 51 582 0 c 24
 541 -51 512 -77 456 -111 c 24
 404 -143 366 -146 309 -168 c 25
390 624 m 25
 789 624 l 25
 818 652 827 684 852 693 c 1
 878 689 920 636 951 603 c 1
 959 585 942 574 924 574 c 9
 390 574 l 25
 390 624 l 25
150 216 m 25
 204 195 237 190 288 162 c 24
 331 139 356 125 387 87 c 24
 410 59 422 36 420 0 c 24
 419 -23 404 -42 381 -45 c 24
 358 -48 348 -29 333 -12 c 24
 311 12 310 34 288 57 c 24
 259 88 239 102 204 126 c 24
 180 143 164 148 138 162 c 25
 150 216 l 25
339 481 m 25
 33 481 l 25
 33 531 l 25
 324 531 l 25
 344 549 349 580 375 576 c 24
 413 570 429 543 447 510 c 24
 454 497 436 490 429 477 c 25
 422 427 422 398 411 348 c 24
 396 276 393 233 363 165 c 24
 328 85 302 40 246 -27 c 24
 206 -75 173 -93 120 -126 c 24
 83 -149 58 -152 18 -168 c 25
 78 -113 121 -91 171 -27 c 24
 230 48 261 95 297 183 c 24
 325 251 323 296 333 369 c 24
 339 412 337 437 339 481 c 25
207 774 m 25
 248 758 279 761 312 732 c 24
 323 722 297 713 294 699 c 24
 271 599 267 541 246 441 c 24
 227 349 224 295 192 207 c 24
 179 170 169 138 132 126 c 24
 109 119 99 153 99 177 c 24
 99 229 122 255 132 306 c 24
 148 386 155 432 168 513 c 24
 184 615 192 672 207 774 c 25
EndSplineSet
EndChar
