Width: 1000
Flags: H
TeX: 117 0
LayerCount: 2
Fore
SplineSet
384 126 m 25
 421.44 103.77 448.635 99.2029 480 69 c 24
 513.426 36.8125 534.946 15.0675 546 -30 c 24
 552.113 -54.9209 542.825 -80.4699 519 -90 c 24
 494.588 -99.7646 473.589 -85.5431 456 -66 c 24
 438.152 -46.1689 447.368 -24.9815 438 0 c 24
 419.228 50.0586 405.06 76.8604 384 126 c 25
456 444 m 25
 525 444 l 25
 557.76 362.1 564.957 310.427 609 234 c 24
 645.501 170.66 674.167 138.348 729 90 c 24
 784.26 41.2764 822.609 21.937 888 -12 c 24
 915.962 -26.5117 935.58 -24.8096 966 -33 c 25
 923.88 -52.8896 895.961 -57.0057 858 -84 c 24
 841.32 -95.8613 851.069 -133.014 831 -129 c 24
 786.715 -120.143 769.935 -91.9346 738 -60 c 24
 683.977 -5.97656 649.305 23.3265 612 90 c 24
 538.332 221.662 516.84 305.94 456 444 c 25
408 462 m 25
 408 780 l 25
 451.29 760.11 486.953 764.251 519 729 c 24
 532.745 713.881 506.19 699.72 498 681 c 25
 498 456 l 25
 488.64 404.52 489.114 374.094 474 324 c 24
 448.012 237.867 434.775 187.681 393 108 c 24
 370.667 65.4014 348.197 46.6727 312 15 c 24
 254.06 -35.6973 221.716 -67.2804 153 -102 c 24
 108.145 -124.664 76.1396 -118.47 27 -129 c 25
 93.6904 -78.6904 135.843 -55.8141 198 0 c 24
 250.996 47.5879 284.354 73.9239 321 135 c 24
 362.922 204.869 375.05 251.258 396 330 c 24
 409.291 379.954 403.32 410.52 408 462 c 25
45 477 m 25
 750 477 l 25
 779 505 788 537 813 546 c 1
 839 542 881 489 912 456 c 1
 920 438 903 427 885 427 c 9
 45 427 l 25
 45 477 l 25
EndSplineSet
EndChar
