Width: 1000
Flags: H
TeX: 117 0
LayerCount: 2
Fore
SplineSet
156 738 m 25
 199 724 230 728 267 702 c 24
 278 694 252 685 249 672 c 24
 234 600 233 558 222 486 c 24
 209 399 204 350 186 264 c 24
 178 226 174 203 156 168 c 24
 143 142 136 120 108 111 c 24
 90 105 74 123 69 141 c 24
 61 168 73 185 78 213 c 24
 93 293 107 337 120 417 c 24
 133 495 135 540 144 618 c 24
 149 665 151 691 156 738 c 25
3 -132 m 9
 52 -91 86 -74 129 -27 c 24
 175 24 197 56 228 117 c 24
 262 183 278 222 294 294 c 0
 306 348 303 390 303 445 c 9
 24 445 l 25
 24 495 l 25
 309 495 l 25
 325 510 329 539 351 534 c 24
 388 525 404 501 423 468 c 24
 429 457 408 453 405 441 c 24
 392 381 399 344 384 285 c 24
 364 209 355 164 315 96 c 24
 273 25 244 -17 177 -66 c 24
 118 -109 87 -123 3 -132 c 9
123 216 m 25
 170 196 198 188 243 165 c 24
 289 141 319 131 357 96 c 24
 383 72 404 53 402 18 c 24
 401 -8 377 -24 351 -24 c 24
 321 -24 311 -0 288 18 c 24
 267 35 258 49 237 66 c 24
 208 90 190 101 159 123 c 24
 137 139 124 147 102 162 c 25
 123 216 l 25
930 612 m 24
 931 595 905 607 888 606 c 24
 782 599 722 594 615 591 c 24
 518 588 450 585 366 591 c 1
 456 612 477 619 549 636 c 24
 626 654 670 663 747 681 c 24
 800 693 882 714 882 714 c 1
 882 714 928 656 930 612 c 24
390 363 m 25
 838 363 l 25
 838 363 876 423 901 432 c 1
 927 428 969 375 1000 342 c 1
 1008 324 991 313 973 313 c 9
 390 313 l 25
 390 363 l 25
651 321 m 25
 711 321 l 25
 724 277 724 249 744 207 c 24
 769 154 789 127 825 81 c 24
 857 41 878 21 918 -12 c 24
 946 -35 966 -41 997 -60 c 25
 973 -75 960 -84 936 -99 c 24
 918 -111 911 -136 891 -129 c 24
 849 -113 835 -85 807 -51 c 24
 780 -18 770 4 750 42 c 24
 724 91 709 119 690 171 c 24
 670 228 666 262 651 321 c 25
717 300 m 1
 699 216 671 137 627 78 c 0
 591 30 544 -20 501 -54 c 0
 470 -78 411 -109 375 -123 c 0
 338 -137 315 -134 276 -141 c 1
 342 -94 382 -73 441 -18 c 0
 492 29 534 85 570 144 c 0
 588 174 621 243 627 324 c 1
 627 642 l 1
 717 642 l 1
 717 300 l 1
EndSplineSet
EndChar
