Width: 1000
Flags: HW
TeX: 117 0
LayerCount: 2
Fore
SplineSet
591 549 m 25
 620 529 646 527 666 498 c 24
 674 487 653 482 645 471 c 25
 627 455 619 443 600 429 c 24
 577 412 562 407 537 393 c 25
 548 425 553 443 564 474 c 24
 574 503 580 520 591 549 c 25
360 519 m 25
 387 507 405 506 429 489 c 24
 447 476 458 465 462 444 c 24
 466 421 467 399 447 387 c 24
 430 376 412 390 399 405 c 24
 380 428 382 449 372 477 c 24
 366 493 365 503 360 519 c 25
492 99 m 25
 552 99 l 25
 582 71 597 52 630 27 c 24
 661 4 679 -8 714 -24 c 24
 759 -45 786 -56 834 -69 c 24
 884 -83 915 -84 966 -93 c 25
 932 -111 912 -118 879 -138 c 24
 855 -152 850 -179 822 -180 c 24
 782 -181 761 -162 726 -141 c 24
 673 -109 645 -87 600 -45 c 24
 570 -17 558 3 534 36 c 24
 516 60 508 74 492 99 c 25
417 120 m 9
 417 234 l 25
 460 214 496 218 528 183 c 24
 542 168 515 154 507 135 c 25
 507 96 l 17
 495 54 470 14 432 -27 c 24
 392 -70 364 -90 312 -117 c 24
 258 -145 224 -154 165 -168 c 24
 123 -178 97 -175 54 -180 c 25
 116 -150 153 -136 213 -102 c 24
 249 -82 268 -68 300 -42 c 24
 332 -16 354 -4 378 30 c 24
 400 61 408 84 417 120 c 9
522 342 m 25
 519 399 l 25
 566 377 592 364 639 342 c 24
 682 322 707 311 750 291 c 25
 724 280 709 277 684 264 c 24
 671 257 669 236 654 240 c 24
 626 247 619 268 597 285 c 24
 568 307 551 320 522 342 c 25
270 189 m 25
 303 231 324 253 354 297 c 24
 380 335 391 359 414 399 c 25
 468 399 l 25
 468 321 l 25
 438 295 423 277 390 255 c 24
 346 225 317 215 270 189 c 25
549 540 m 17
 549 240 l 1
 541 211 535 189 504 186 c 1
 480 188 469 212 459 240 c 9
 459 540 l 25
 549 540 l 17
318 423 m 17
 614 423 l 9
 614 423 636 454 660 463 c 1
 679 456 703 428 722 402 c 1
 730 384 714 373 696 373 c 9
 318 373 l 25
 318 423 l 17
621 633 m 25
 635 601 654 586 657 552 c 24
 658 541 641 542 630 540 c 24
 575 531 544 527 489 525 c 24
 425 523 388 529 324 531 c 25
 354 540 372 545 402 555 c 24
 454 571 483 579 534 597 c 24
 569 609 587 619 621 633 c 25
717 117 m 25
 717 607 l 25
 219 607 l 25
 219 657 l 25
 717 657 l 25
 733 670 739 695 759 690 c 24
 794 680 811 659 828 627 c 24
 835 614 815 609 807 597 c 25
 807 117 l 25
 717 117 l 25
51 138 m 25
 816 138 l 25
 845 166 854 198 879 207 c 1
 905 203 947 150 978 117 c 1
 986 99 969 88 951 88 c 9
 51 88 l 25
 51 138 l 25
201 117 m 25
 201 684 l 25
 244 664 280 668 312 633 c 24
 326 618 299 604 291 585 c 25
 291 117 l 25
 201 117 l 25
417 783 m 25
 459 763 489 762 525 732 c 24
 534 725 514 717 507 708 c 24
 487 681 476 666 456 639 c 25
 378 639 l 25
 417 783 l 25
EndSplineSet
EndChar
