Width: 1000
Flags: H
TeX: 117 0
LayerCount: 2
Fore
SplineSet
524 249 m 25
 577 186 599 143 660 87 c 24
 729 23 773 -9 855 -57 c 24
 899 -83 930 -83 978 -99 c 25
 948 -114 931 -122 901 -138 c 24
 881 -149 873 -175 852 -168 c 24
 791 -149 762 -123 714 -81 c 24
 650 -25 616 11 567 81 c 24
 529 134 521 172 492 231 c 25
 524 249 l 25
842 161 m 1
 842 226 l 25
 209 226 l 25
 209 276 l 25
 842 276 l 25
 858 289 864 314 884 309 c 24
 919 299 936 278 953 246 c 24
 960 233 940 228 932 216 c 25
 932 143 l 1
 923 101 914 94 894 66 c 8
 871 34 850 16 812 8 c 24
 791 4 786 27 768 39 c 24
 732 63 711 76 674 99 c 25
 782 99 l 17
 808 98 840 123 842 161 c 1
170 452 m 25
 213 432 249 436 281 401 c 24
 295 386 268 372 260 353 c 25
 260 225 l 17
 252 196 246 174 215 171 c 1
 191 173 180 197 170 225 c 9
 170 452 l 25
200 414 m 25
 773 414 l 25
 773 364 l 25
 200 364 l 25
 200 414 l 25
138 558 m 25
 740 558 l 25
 756 571 762 596 782 591 c 24
 817 581 834 560 851 528 c 24
 858 515 838 510 830 498 c 25
 830 392 l 17
 822 363 816 341 785 338 c 1
 761 340 750 364 740 392 c 9
 740 508 l 25
 138 508 l 25
 138 558 l 25
455 237 m 9
 455 800 l 25
 498 780 534 784 566 749 c 24
 580 734 553 720 545 701 c 25
 545 255 l 17
 536 183 530 147 498 87 c 24
 463 23 434 -9 377 -54 c 24
 319 -100 279 -118 209 -144 c 24
 153 -165 118 -160 59 -171 c 17
 160 -110 197 -101 269 -42 c 8
 325 4 356 33 396 93 c 24
 430 143 453 195 455 237 c 9
44 678 m 25
 806 678 l 25
 835 706 844 738 869 747 c 1
 895 743 937 690 968 657 c 1
 976 639 959 628 941 628 c 9
 44 628 l 25
 44 678 l 25
EndSplineSet
EndChar
