Width: 1000
Flags: HW
TeX: 117 0
LayerCount: 2
Fore
SplineSet
522 399 m 25
 588 399 l 25
 613.74 336.99 622.47 299.276 654 240 c 24
 681.279 188.715 698.748 159.82 738 117 c 24
 789.541 60.7734 821.655 30.4878 885 -12 c 24
 919.119 -34.8848 945.39 -33.96 984 -48 c 25
 933.69 -65.5498 902.996 -69.8591 855 -93 c 24
 836.354 -101.989 836.051 -134.141 816 -129 c 24
 777.4 -119.103 761.909 -94.8789 738 -63 c 24
 683.823 9.23633 656.243 53.2033 618 135 c 24
 571.6 234.245 559.44 296.04 522 399 c 25
474 339 m 25
 474 648 l 25
 564 648 l 25
 564 330 l 17
 546 255 534.195 207.245 495 138 c 24
 462.74 81.0078 434.876 53.2363 384 12 c 24
 322.427 -37.9062 283.846 -64.2127 210 -93 c 24
 143.504 -118.922 100.2 -113.13 30 -126 c 25
 101.37 -88.5596 147.723 -77.2692 213 -30 c 24
 284.727 21.9395 320.117 58.9776 378 126 c 24
 409.872 162.904 420.964 189.544 441 234 c 24
 458.638 273.134 461.13 298.05 474 339 c 25
120 429 m 25
 801 429 l 25
 830 457 839 489 864 498 c 1
 890 494 932 441 963 408 c 1
 971 390 954 379 936 379 c 9
 120 379 l 25
 120 429 l 25
831 651 m 24
 833.3 637.859 811.295 643.094 798 642 c 24
 626.193 627.864 529.319 616.854 357 612 c 24
 279.669 609.821 236.22 619.32 159 624 c 25
 270.15 643.89 333.102 653.75 444 675 c 24
 528.511 691.193 576.746 698.249 660 720 c 24
 706.906 732.255 731.37 745.62 777 762 c 25
 798.06 718.71 822.701 698.42 831 651 c 24
EndSplineSet
EndChar
