Width: 1000
Flags: H
TeX: 117 0
LayerCount: 2
Fore
SplineSet
645 639 m 25
 735 639 l 25
 735 -96 l 25
 645 -96 l 25
 645 639 l 25
462 -66 m 25
 861 -66 l 25
 861 -66 884 -30 909 -21 c 1
 935 -25 923 -54 954 -87 c 1
 962 -105 945 -116 927 -116 c 9
 462 -116 l 25
 462 -66 l 25
444 342 m 25
 864 342 l 25
 864 342 887 378 912 387 c 1
 938 383 926 354 957 321 c 1
 965 303 948 292 930 292 c 9
 444 292 l 25
 444 342 l 25
846 750 m 25
 867.06 707.88 894.159 688.728 900 642 c 24
 901.974 626.209 876.21 634.68 861 630 c 25
 777.93 614.79 731.825 601.265 648 591 c 24
 559.549 580.169 508.92 581.85 420 576 c 25
 504.24 607.59 552.134 624.431 636 657 c 24
 672.662 671.238 693.039 680.074 729 696 c 24
 774.951 716.35 800.37 728.94 846 750 c 25
150 177 m 25
 188.61 164.13 214.463 165.53 249 144 c 24
 306.08 108.418 335.755 82.7705 381 33 c 24
 407.067 4.32617 424.093 -15.5605 429 -54 c 24
 432.051 -77.8975 422.372 -102.157 399 -108 c 24
 375.056 -113.986 361.881 -93.0059 345 -75 c 24
 325.646 -54.3555 326.189 -34.4795 309 -12 c 24
 280.314 25.5117 263.947 47.3779 228 78 c 24
 200.047 101.812 178.59 107.28 147 126 c 25
 150 177 l 25
351 451 m 25
 27 451 l 25
 27 501 l 25
 342 501 l 25
 365.4 519.72 372.73 555.425 402 549 c 24
 439.312 540.81 450.812 509.468 465 474 c 24
 470.304 460.74 452.19 455.7 444 444 c 25
 427.62 373.8 423.878 332.686 402 264 c 24
 373.447 174.356 363.94 119.35 315 39 c 24
 283.557 -12.623 252.065 -33.6592 201 -66 c 24
 145.19 -101.346 105.84 -106.26 45 -132 c 25
 104.67 -80.5195 144.955 -58.2832 198 0 c 24
 240.591 46.7979 261.207 77.6748 288 135 c 24
 312.158 186.688 315.845 220.047 327 276 c 24
 340.469 343.56 341.64 382.75 351 451 c 25
174 756 m 25
 216.12 740.79 247.5 745.552 282 717 c 24
 293.752 707.273 269.19 696.87 261 684 c 25
 241.11 540.09 229.412 458.976 210 315 c 24
 201.332 250.713 195 207 189 150 c 0
 185.275 114.612 161.366 80.0703 126 84 c 24
 96.1035 87.3223 106.986 128.937 108 159 c 24
 110.548 234.574 125.498 275.982 135 351 c 24
 147.729 451.495 155.29 508.169 165 609 c 24
 170.506 666.173 170.49 698.67 174 756 c 25
EndSplineSet
EndChar
