Width: 1000
Flags: H
TeX: 117 0
LayerCount: 2
Fore
SplineSet
693 393 m 1
 783 393 l 1
 783 -102 l 1
 693 -102 l 1
 693 393 l 1
564 252 m 25
 825 252 l 25
 825 252 848 288 873 297 c 1
 899 293 887 264 918 231 c 1
 926 213 909 202 891 202 c 9
 564 202 l 25
 564 252 l 25
576 99 m 25
 837 99 l 25
 837 99 860 135 885 144 c 1
 911 140 899 111 930 78 c 1
 938 60 921 49 903 49 c 9
 576 49 l 25
 576 99 l 25
552 -72 m 25
 864 -72 l 25
 864 -72 887 -36 912 -27 c 1
 938 -31 926 -60 957 -93 c 1
 965 -111 948 -122 930 -122 c 9
 552 -122 l 25
 552 -72 l 25
600 414 m 25
 600 -111 l 17
 592 -140 586 -162 555 -165 c 1
 531 -163 520 -139 510 -111 c 9
 510 315 l 25
 600 414 l 25
567 405 m 25
 867 405 l 25
 867 405 890 441 915 450 c 1
 941 446 929 417 960 384 c 1
 968 366 951 355 933 355 c 9
 567 355 l 25
 567 405 l 25
750 561 m 25
 786.27 543.45 817.683 547.345 843 516 c 24
 853.929 502.469 824.7 495.87 813 483 c 25
 732 378 l 25
 690 378 l 25
 750 561 l 25
591 561 m 25
 626.1 542.28 654.643 542.795 681 513 c 24
 690.463 502.303 668.19 494.7 660 483 c 25
 633.09 433.86 621.436 404.037 591 357 c 24
 569.757 324.17 558.265 303.762 528 279 c 24
 505.289 260.419 485.91 260.7 459 249 c 25
 485.91 298.14 506.17 323.402 528 375 c 24
 557.842 445.535 566.43 488.46 591 561 c 25
426 267 m 25
 456.42 250.62 481.176 250.937 504 225 c 24
 513.047 214.72 496.68 204.87 492 192 c 25
 470.94 138.18 465.069 105.063 438 54 c 24
 413.219 7.25293 400.299 -22.7159 360 -57 c 24
 319.348 -91.585 297 -105 237 -117 c 9
 269.76 -71.3701 292.593 -48.4598 321 0 c 24
 352.493 53.7236 367.209 86.0459 390 144 c 24
 408.292 190.515 411.96 219.03 426 267 c 25
261 207 m 25
 450 213 l 25
 444 162 l 17
 401.886 146.767 330 126 330 126 c 1
 330 126 310.811 101.83 303 111 c 24
 276.5 142.109 277.38 169.56 261 207 c 25
447 426 m 25
 475.08 401.43 499.979 395.099 519 363 c 24
 524.965 352.935 504.36 352.02 495 345 c 25
 463.41 300.54 448.42 273.308 414 231 c 24
 392.071 204.046 375.57 192.57 351 168 c 25
 318 168 l 25
 340.23 208.95 354.162 231.324 375 273 c 24
 404.492 331.984 418.92 366.33 447 426 c 25
291 438 m 25
 334.29 416.94 368.353 418.43 402 384 c 24
 423.82 361.672 431.072 335.19 420 306 c 24
 412.837 287.115 386.16 286.349 369 297 c 24
 344.956 311.924 346.698 335.238 333 360 c 24
 316.275 390.232 307.38 407.58 291 438 c 25
396 585 m 25
 431.1 562.77 463.476 562.912 486 528 c 24
 495.908 512.643 467.7 506.04 456 492 c 25
 419.73 449.88 408.74 415.582 363 384 c 24
 350.447 375.332 342.87 396.81 330 405 c 25
 344.04 438.93 353.359 457.525 366 492 c 24
 379.12 527.781 384.3 548.73 396 585 c 25
558 594 m 25
 558 759 l 25
 601 739 637 743 669 708 c 24
 683 693 656 679 648 660 c 25
 648 594 l 25
 558 594 l 25
336 609 m 25
 804 609 l 25
 833 637 842 669 867 678 c 1
 893 674 935 621 966 588 c 1
 974 570 957 559 939 559 c 9
 336 559 l 25
 336 609 l 25
18 363 m 25
 83.5195 387.57 121.469 398.939 186 426 c 24
 230.396 444.617 253.71 458.94 297 480 c 25
 225.63 401.61 187.417 355.476 114 279 c 24
 102.979 267.521 92.9765 244.521 81 255 c 24
 44.3027 287.11 42.5703 320.88 18 363 c 25
27 600 m 25
 243 600 l 25
 243 600 266 636 291 645 c 1
 317 641 305 612 336 579 c 1
 344 561 327 550 309 550 c 9
 27 550 l 25
 27 600 l 25
138 -36 m 25
 138 771 l 25
 181.29 751.11 216.953 755.251 249 720 c 24
 262.745 704.881 236.19 690.72 228 672 c 25
 228 -66 l 17
 210 -117 199.533 -138.102 159 -147 c 24
 129.909 -153.386 126.339 -113.777 105 -93 c 24
 81.875 -70.4834 68.4004 -58.2305 45 -36 c 25
 138 -36 l 25
EndSplineSet
EndChar
