Width: 1000
Flags: H
TeX: 117 0
LayerCount: 2
Fore
SplineSet
783 79 m 25
 675 79 l 25
 675 129 l 25
 777 129 l 25
 796 147 801 184 825 174 c 24
 865 158 875 125 888 84 c 24
 892 71 861 63 861 63 c 1
 861 63 843 -23 810 -66 c 24
 779 -107 755 -135 705 -144 c 24
 679 -149 678 -113 660 -93 c 24
 643 -74 633 -64 615 -45 c 25
 723 -45 l 25
 738 -16 748 0 762 30 c 24
 771 49 775 60 783 79 c 25
444 144 m 25
 444 234 l 25
 534 234 l 25
 534 126 l 17
 519 78 499 57 468 18 c 24
 437 -21 417 -42 378 -72 c 24
 350 -94 329 -98 297 -114 c 25
 338 -53 366 -22 402 42 c 24
 423 79 428 104 444 144 c 25
651 205 m 25
 354 205 l 25
 354 255 l 25
 663 255 l 25
 683 268 691 294 714 288 c 24
 744 280 759 258 768 228 c 24
 772 214 748 214 741 201 c 24
 720 158 722 128 699 87 c 24
 688 68 678 49 657 51 c 24
 637 53 628 73 627 93 c 24
 625 138 642 161 651 205 c 25
597 612 m 25
 687 612 l 25
 687 336 l 25
 597 336 l 25
 597 612 l 25
441 357 m 25
 804 357 l 25
 804 357 827 393 852 402 c 1
 878 398 866 369 897 336 c 1
 905 318 888 307 870 307 c 9
 441 307 l 25
 441 357 l 25
438 456 m 25
 750 456 l 25
 750 456 773 492 798 501 c 1
 824 497 812 468 843 435 c 1
 851 417 834 406 816 406 c 9
 438 406 l 25
 438 456 l 25
447 546 m 25
 750 546 l 25
 750 546 773 582 798 591 c 1
 824 587 812 558 843 525 c 1
 851 507 834 496 816 496 c 9
 447 496 l 25
 447 546 l 25
669 795 m 25
 701 774 728 772 750 741 c 24
 758 730 734 727 726 717 c 24
 692 677 675 653 642 612 c 25
 594 612 l 25
 616 662 630 693 651 744 c 24
 659 763 662 775 669 795 c 25
468 675 m 25
 468 348 l 17
 460 319 454 297 423 294 c 1
 399 296 388 320 378 348 c 9
 378 537 l 25
 468 675 l 25
441 645 m 25
 834 645 l 25
 834 645 857 681 882 690 c 1
 908 686 896 657 927 624 c 1
 935 606 918 595 900 595 c 9
 441 595 l 25
 441 645 l 25
447 792 m 25
 488 776 521 781 552 750 c 24
 564 738 531 732 522 717 c 24
 486 661 473 625 435 570 c 24
 400 519 375 495 336 447 c 25
 361 522 375 564 399 639 c 24
 418 699 428 732 447 792 c 25
162 -24 m 25
 162 786 l 25
 205 766 241 770 273 735 c 24
 287 720 260 706 252 687 c 25
 252 -75 l 17
 246 -114 226 -136 192 -141 c 24
 163 -145 160 -108 138 -90 c 24
 104 -63 83 -50 48 -24 c 25
 162 -24 l 25
18 348 m 25
 95 373 138 388 216 411 c 24
 275 429 309 437 369 453 c 25
 348 428 341 410 315 390 c 24
 279 362 251 358 213 333 c 24
 166 303 141 283 96 249 c 24
 85 241 78 214 69 225 c 24
 37 266 38 300 18 348 c 25
48 624 m 25
 300 624 l 25
 300 624 323 660 348 669 c 1
 374 665 362 636 393 603 c 1
 401 585 384 574 366 574 c 9
 48 574 l 25
 48 624 l 25
EndSplineSet
EndChar
