Width: 1000
Flags: H
TeX: 117 0
LayerCount: 2
Fore
SplineSet
447 120 m 25
 487 100 520 103 549 69 c 24
 570 45 575 17 561 -12 c 24
 551 -33 524 -39 504 -27 c 24
 480 -13 484 13 474 39 c 24
 462 70 458 88 447 120 c 25
714 -162 m 24
 686.368 -169.236 691.327 -123.032 672 -102 c 24
 651.22 -79.3867 635.4 -70.8896 612 -51 c 25
 708 -51 l 25
 708 279 l 25
 751.29 259.11 786.953 263.251 819 228 c 24
 832.745 212.881 806.19 198.72 798 180 c 25
 798 -69 l 17
 780 -105 761.28 -149.617 714 -162 c 24
333 141 m 25
 780 141 l 25
 809 169 818 201 843 210 c 1
 869 206 911 153 942 120 c 1
 950 102 933 91 915 91 c 9
 333 91 l 25
 333 141 l 25
669 789 m 25
 706.44 774.96 731.729 775.18 765 753 c 24
 789.934 736.378 808.203 722.58 813 693 c 24
 816.693 670.222 804.426 650.57 783 642 c 24
 765.019 634.808 751.087 648.724 738 663 c 24
 723.465 678.856 727.332 695.134 717 714 c 24
 700.32 744.459 687.72 759.75 669 789 c 25
459 290 m 1
 804 290 l 1
 804 240 l 1
 459 240 l 1
 459 290 l 1
453 424 m 1
 804 424 l 1
 804 374 l 1
 453 374 l 1
 453 424 l 1
442 528 m 25
 759 528 l 25
 775.38 540.87 780.891 566.435 801 561 c 24
 836.178 551.492 853.287 530.381 870 498 c 24
 876.55 485.309 857.19 479.7 849 468 c 25
 849 282 l 17
 841 253 835 231 804 228 c 1
 780 230 769 254 759 282 c 9
 759 478 l 25
 442 478 l 25
 442 528 l 25
390 561 m 25
 433.29 541.11 468.953 545.251 501 510 c 24
 514.745 494.881 488.19 480.72 480 462 c 25
 480 258 l 17
 472 229 466 207 435 204 c 1
 411 206 400 230 390 258 c 9
 390 561 l 25
567 267 m 25
 567 783 l 25
 610 763 646 767 678 732 c 24
 692 717 665 703 657 684 c 25
 657 267 l 25
 567 267 l 25
375 651 m 25
 774 651 l 25
 803 679 812 711 837 720 c 1
 863 716 905 663 936 630 c 1
 944 612 927 601 909 601 c 9
 375 601 l 25
 375 651 l 25
33 315 m 25
 97.3496 330.21 134.379 335.983 198 354 c 24
 266.707 373.457 304.14 388.77 372 411 c 17
 345 372 306.456 345.458 258 312 c 24
 207.594 277.195 172.845 267.978 120 237 c 24
 104.859 228.125 97.0674 198.284 84 210 c 24
 50.1035 240.39 52.8896 274.05 33 315 c 25
177 -42 m 25
 177 771 l 25
 220 751 256 755 288 720 c 24
 302 705 275 691 267 672 c 25
 267 -72 l 17
 246 -102 239 -136 207 -141 c 24
 178 -145 178 -106 156 -87 c 24
 132 -67 116 -60 90 -42 c 25
 177 -42 l 25
39 582 m 25
 279 582 l 25
 279 582 302 618 327 627 c 1
 353 623 341 594 372 561 c 1
 380 543 363 532 345 532 c 9
 39 532 l 25
 39 582 l 25
EndSplineSet
EndChar
