Width: 1000
Flags: H
TeX: 117 0
LayerCount: 2
Fore
SplineSet
594 117 m 25
 663 117 l 25
 689.91 76.0498 698.024 47.3083 732 12 c 24
 759.004 -16.0625 780.284 -26.4714 816 -42 c 24
 861.838 -61.9297 891.03 -63.96 939 -78 c 25
 917.94 -95.5498 901.124 -100.829 885 -123 c 24
 871.943 -140.953 888.46 -171.319 867 -177 c 24
 833.735 -185.806 809.906 -171.452 783 -150 c 24
 720.846 -100.444 690.927 -64.8808 645 0 c 24
 616.241 40.6279 613.89 71.3701 594 117 c 25
540 123 m 25
 540 255 l 25
 630 255 l 25
 630 105 l 25
 615.96 73.4102 613.604 52.4728 594 24 c 24
 563.914 -19.6953 545.595 -45.0706 504 -78 c 24
 460.073 -112.775 431.464 -130.252 378 -147 c 24
 332.101 -161.378 302.97 -152.49 255 -156 c 25
 293.61 -136.11 316.992 -127.733 354 -105 c 24
 399.083 -77.3066 427.264 -64.0858 465 -27 c 24
 496.245 3.70703 508.408 26.8164 528 66 c 24
 538.159 86.3193 535.32 100.77 540 123 c 25
321 147 m 25
 789 147 l 25
 818 175 827 207 852 216 c 1
 878 212 920 159 951 126 c 1
 959 108 942 97 924 97 c 9
 321 97 l 25
 321 147 l 25
411 283 m 1
 813 283 l 1
 813 233 l 1
 411 233 l 1
 411 283 l 1
423 402 m 1
 807 402 l 1
 807 352 l 1
 423 352 l 1
 423 402 l 1
414 512 m 25
 765 512 l 25
 781.38 524.87 786.891 550.435 807 545 c 24
 842.178 535.492 859.287 514.381 876 482 c 24
 882.55 469.309 863.19 463.7 855 452 c 25
 855 252 l 17
 847 223 841 201 810 198 c 1
 786 200 775 224 765 252 c 9
 765 462 l 25
 414 462 l 25
 414 512 l 25
384 546 m 25
 427.29 526.11 462.953 530.251 495 495 c 24
 508.745 479.881 482.19 465.72 474 447 c 25
 474 249 l 17
 466 220 460 198 429 195 c 1
 405 197 394 221 384 249 c 9
 384 546 l 25
654 786 m 25
 697.29 766.11 732.953 770.251 765 735 c 24
 778.745 719.881 752.19 705.72 744 687 c 25
 744 575 l 17
 736 546 730 524 699 521 c 1
 675 523 664 547 654 575 c 9
 654 786 l 25
474 783 m 25
 517.29 763.11 552.953 767.251 585 732 c 24
 598.745 716.881 572.19 702.72 564 684 c 25
 564 584 l 17
 556 555 550 533 519 530 c 1
 495 532 484 556 474 584 c 9
 474 783 l 25
345 654 m 25
 777 654 l 25
 806 682 815 714 840 723 c 1
 866 719 908 666 939 633 c 1
 947 615 930 604 912 604 c 9
 345 604 l 25
 345 654 l 25
33 324 m 25
 95.0098 334.53 130.262 338.98 192 351 c 24
 262.505 364.727 301.8 374.79 372 390 c 25
 334.56 363.09 315.892 344.119 276 321 c 24
 212.621 284.269 173.915 268.959 108 237 c 24
 96.6611 231.502 86.2275 215.456 78 225 c 24
 50.3076 257.123 50.5498 285.39 33 324 c 25
30 573 m 25
 288 573 l 25
 288 573 311 609 336 618 c 1
 362 614 350 585 381 552 c 1
 389 534 372 523 354 523 c 9
 30 523 l 25
 30 573 l 25
153 -99 m 24
 131.206 -79.0742 114.57 -73.3799 90 -57 c 25
 177 -57 l 25
 177 786 l 25
 220.29 766.11 255.953 770.251 288 735 c 24
 301.745 719.881 275.19 705.72 267 687 c 25
 267 -63 l 17
 255 -93 237.863 -139.464 195 -153 c 24
 169.559 -161.034 172.691 -117.003 153 -99 c 24
EndSplineSet
EndChar
