Width: 1000
Flags: H
TeX: 117 0
LayerCount: 2
Fore
SplineSet
333 14 m 1
 657 14 l 1
 657 -36 l 1
 333 -36 l 1
 333 14 l 1
621 177 m 25
 664 157 700 161 732 126 c 24
 746 111 719 97 711 78 c 25
 711 -45 l 17
 703 -74 697 -96 666 -99 c 1
 642 -97 631 -73 621 -45 c 9
 621 177 l 25
312 204 m 25
 355 184 391 188 423 153 c 24
 437 138 410 124 402 105 c 25
 402 -33 l 17
 394 -62 388 -84 357 -87 c 1
 333 -85 322 -61 312 -33 c 9
 312 204 l 25
468 -15 m 25
 468 231 l 25
 511 211 547 215 579 180 c 24
 593 165 566 151 558 132 c 25
 558 -15 l 25
 468 -15 l 25
813 66 m 25
 813 190 l 25
 438 190 l 25
 438 240 l 25
 813 240 l 25
 829.38 252.87 834.891 278.435 855 273 c 24
 890.178 263.492 907.287 242.381 924 210 c 24
 930.55 197.309 911.19 191.7 903 180 c 25
 903 63 l 25
 892.47 20.8799 892.014 -4.64467 876 -45 c 24
 862.456 -79.1309 852.907 -99.0179 828 -126 c 24
 809.49 -146.052 795.033 -165.729 768 -162 c 24
 746.723 -159.065 753.168 -131.699 741 -114 c 24
 727.335 -94.124 717.21 -84.7197 702 -66 c 25
 768 -66 l 25
 779.7 -47.2803 790.877 -38.8945 798 -18 c 24
 808.738 13.498 807.15 33.2402 813 66 c 25
447 354 m 25
 828 354 l 25
 828 354 851 390 876 399 c 1
 902 395 890 366 921 333 c 1
 929 315 912 304 894 304 c 9
 447 304 l 25
 447 354 l 25
435 466 m 1
 786 466 l 1
 786 416 l 1
 435 416 l 1
 435 466 l 1
441 575 m 1
 771 575 l 1
 771 525 l 1
 441 525 l 1
 441 575 l 1
438 687 m 25
 726 687 l 25
 742.38 699.87 747.891 725.435 768 720 c 24
 803.178 710.492 820.287 689.381 837 657 c 24
 843.55 644.309 824.19 638.7 816 627 c 25
 816 453 l 17
 808 424 802 402 771 399 c 1
 747 401 736 425 726 453 c 9
 726 637 l 25
 438 637 l 25
 438 687 l 25
411 723 m 25
 454.29 703.11 489.953 707.251 522 672 c 24
 535.745 656.881 509.19 642.72 501 624 c 25
 501 216 l 17
 493 187 487 165 456 162 c 1
 432 164 421 188 411 216 c 9
 411 723 l 25
570 798 m 25
 602.76 775.77 632.039 773.941 654 741 c 24
 662.312 728.533 635.7 726.36 624 717 c 25
 582 654 l 25
 498 654 l 25
 514.38 680.91 525.911 694.822 540 723 c 24
 554.089 751.178 558.3 768.75 570 798 c 25
15 333 m 25
 95.7305 354.06 140.94 367.246 222 387 c 24
 280.195 401.183 313.5 407.13 372 420 c 25
 333.39 393.09 312.489 376.603 273 351 c 24
 205.983 307.55 167.487 284.092 99 243 c 24
 85.54 234.924 73.7107 213.524 63 225 c 24
 31.5498 258.696 33.7197 290.88 15 333 c 25
18 588 m 25
 273 588 l 25
 273 588 296 624 321 633 c 1
 347 629 335 600 366 567 c 1
 374 549 357 538 339 538 c 9
 18 538 l 25
 18 588 l 25
153 -36 m 25
 153 777 l 25
 196.29 757.11 231.953 761.251 264 726 c 24
 277.745 710.881 251.19 696.72 243 678 c 25
 243 -60 l 17
 243 -96 218.254 -136.422 177 -147 c 24
 148.105 -154.409 148.383 -109.718 126 -90 c 24
 98.9551 -66.1748 80.25 -57.0596 51 -36 c 25
 153 -36 l 25
EndSplineSet
EndChar
