Width: 1000
Flags: HW
LayerCount: 2
Fore
SplineSet
42 297 m 25
 86.46 312.21 112.143 319.132 156 336 c 24
 233.871 365.95 276.78 385.41 354 417 c 25
 304.86 370.2 279.907 340.711 228 297 c 24
 190.755 265.636 164.288 255.083 126 225 c 24
 114.922 216.296 112.697 188.831 102 198 c 24
 67.7217 227.382 65.4004 258.39 42 297 c 25
48 546 m 25
 255 546 l 25
 255 546 278 582 303 591 c 1
 329 587 317 558 348 525 c 1
 356 507 339 496 321 496 c 9
 48 496 l 25
 48 546 l 25
171 -57 m 25
 171 783 l 25
 214 763 250 767 282 732 c 24
 296 717 269 703 261 684 c 25
 261 -102 l 25
 240 -125 238 -159 207 -162 c 0
 180 -165 177 -126 153 -108 c 24
 120 -84 98 -77 63 -57 c 25
 171 -57 l 25
903 267 m 25
 903 135 l 25
 867.9 109.26 849.311 93.002 813 69 c 24
 780.19 47.3125 762.443 32.7891 726 18 c 24
 681.024 -0.250977 652.8 -2.12988 606 -15 c 25
 651.63 22.4404 679.326 41.2959 723 81 c 24
 769.524 123.295 793.274 149.817 837 195 c 24
 863.49 222.373 877.26 238.92 903 267 c 25
798 378 m 25
 891 378 l 25
 891 336 l 25
 872 320 862 310 843 294 c 24
 807 263 789 242 750 216 c 24
 695 180 660 167 603 135 c 25
 650 185 679 212 723 264 c 24
 744 289 753 306 771 333 c 24
 782 350 787 360 798 378 c 25
840 -63 m 25
 840 352 l 25
 675 352 l 25
 675 402 l 25
 840 402 l 25
 856.38 414.87 861.891 440.435 882 435 c 24
 917.178 425.492 934.287 404.381 951 372 c 24
 957.55 359.309 938.19 353.7 930 342 c 25
 930 -102 l 25
 905.43 -121.89 898.508 -150.445 867 -153 c 24
 842.207 -155.01 839.835 -124.588 819 -111 c 24
 785.68 -89.2695 764.1 -81.7197 729 -63 c 25
 840 -63 l 25
672 570 m 1
 885 570 l 1
 885 520 l 1
 672 520 l 1
 672 570 l 1
630 597 m 25
 673 577 709 581 741 546 c 24
 755 531 728 517 720 498 c 25
 720 378 l 17
 712 349 706 327 675 324 c 1
 651 326 640 350 630 378 c 9
 630 597 l 25
627 738 m 25
 831 738 l 25
 847 751 853 776 873 771 c 24
 908 761 925 740 942 708 c 24
 949 695 929 690 921 678 c 25
 921 555 l 17
 913 526 907 504 876 501 c 1
 852 503 841 527 831 555 c 9
 831 688 l 25
 627 688 l 25
 627 738 l 25
528 222 m 25
 528 105 l 25
 497.58 86.2803 481.608 73.6357 450 57 c 24
 414.783 38.4648 394.94 27.0146 357 15 c 24
 324.176 4.60547 303.93 5.84961 270 0 c 25
 329.67 44.46 366.595 65.4648 423 114 c 24
 467.529 152.316 487.05 179.88 528 222 c 25
480 381 m 25
 519 381 l 25
 519 303 l 25
 493.26 274.92 481.286 256.513 453 231 c 24
 421.375 202.476 404.652 182.884 366 165 c 24
 324.533 145.814 296.46 148.53 252 138 c 25
 291.78 170.76 316.893 186.241 354 222 c 24
 381.507 248.507 393.274 267.061 417 297 c 24
 442.434 329.095 455.43 348.24 480 381 c 25
495 -48 m 25
 495 349 l 25
 372 349 l 25
 372 399 l 25
 495 399 l 25
 511.38 411.87 516.891 437.435 537 432 c 24
 572.178 422.492 589.287 401.381 606 369 c 24
 612.55 356.309 593.19 350.7 585 339 c 25
 585 -99 l 25
 563.94 -116.55 558.401 -143.17 531 -144 c 24
 507.005 -144.728 504.559 -117.228 486 -102 c 24
 458.865 -79.7354 442.08 -69.0596 414 -48 c 25
 495 -48 l 25
369 572 m 1
 543 572 l 1
 543 522 l 1
 369 522 l 1
 369 572 l 1
339 597 m 25
 382 577 418 581 450 546 c 24
 464 531 437 517 429 498 c 25
 429 369 l 17
 421 340 415 318 384 315 c 1
 360 317 349 341 339 369 c 9
 339 597 l 25
339 729 m 25
 486 729 l 25
 502 742 508 767 528 762 c 24
 563 752 580 731 597 699 c 24
 604 686 584 681 576 669 c 25
 576 552 l 17
 568 523 562 501 531 498 c 1
 507 500 496 524 486 552 c 9
 486 679 l 25
 339 679 l 25
 339 729 l 25
EndSplineSet
EndChar
