Width: 1000
Flags: H
TeX: 117 0
LayerCount: 2
Fore
SplineSet
600 576 m 25
 600 756 l 25
 643.29 736.11 678.953 740.251 711 705 c 24
 724.745 689.881 698.19 675.72 690 657 c 25
 690 576 l 25
 600 576 l 25
591 351 m 1
 681 351 l 1
 681 -108 l 1
 591 -108 l 1
 591 351 l 1
321 -81 m 25
 807 -81 l 25
 836 -53 845 -21 870 -12 c 1
 896 -16 938 -69 969 -102 c 1
 977 -120 960 -131 942 -131 c 9
 321 -131 l 25
 321 -81 l 25
396 36 m 25
 792 36 l 25
 792 36 815 72 840 81 c 1
 866 77 854 48 885 15 c 1
 893 -3 876 -14 858 -14 c 9
 396 -14 l 25
 396 36 l 25
450 146 m 1
 804 146 l 1
 804 96 l 1
 450 96 l 1
 450 146 l 1
453 254 m 1
 798 254 l 1
 798 204 l 1
 453 204 l 1
 453 254 l 1
447 369 m 25
 756 369 l 25
 772.38 381.87 777.891 407.435 798 402 c 24
 833.178 392.492 850.287 371.381 867 339 c 24
 873.55 326.309 854.19 320.7 846 309 c 25
 846 132 l 17
 838 103 832 81 801 78 c 1
 777 80 766 104 756 132 c 9
 756 319 l 25
 447 319 l 25
 447 369 l 25
420 402 m 25
 463.29 382.11 498.953 386.251 531 351 c 24
 544.745 335.881 518.19 321.72 510 303 c 25
 510 129 l 17
 502 100 496 78 465 75 c 1
 441 77 430 101 420 129 c 9
 420 402 l 25
696 585 m 25
 810 585 l 25
 791.28 549.9 781.049 529.923 762 495 c 24
 745.947 465.569 736.38 449.25 720 420 c 25
 678 420 l 25
 682.68 456.27 686.034 476.645 690 513 c 24
 693.056 541.011 693.66 556.92 696 585 c 25
504 594 m 25
 600 594 l 25
 595.32 551.88 594.498 527.878 588 486 c 24
 583.952 459.916 578.85 445.74 573 420 c 25
 534 420 l 25
 529.32 452.76 527.623 471.389 522 504 c 24
 515.918 539.274 511.02 558.9 504 594 c 25
372 456 m 25
 813 456 l 25
 842 484 851 516 876 525 c 1
 902 521 944 468 975 435 c 1
 983 417 966 406 948 406 c 9
 372 406 l 25
 372 456 l 25
378 618 m 25
 789 618 l 25
 818 646 827 678 852 687 c 1
 878 683 920 630 951 597 c 1
 959 579 942 568 924 568 c 9
 378 568 l 25
 378 618 l 25
54 291 m 25
 118.35 309.72 155.546 317.438 219 339 c 24
 276.188 358.433 306.84 373.77 363 396 c 25
 278.76 324.63 234.475 280.366 147 213 c 24
 132.024 201.467 116.482 182.854 102 195 c 24
 69.9277 221.899 72.7197 253.56 54 291 c 25
48 540 m 25
 294 540 l 25
 294 540 317 576 342 585 c 1
 368 581 356 552 387 519 c 1
 395 501 378 490 360 490 c 9
 48 490 l 25
 48 540 l 25
180 -60 m 25
 180 759 l 25
 223.29 739.11 258.953 743.251 291 708 c 24
 304.745 692.881 278.19 678.72 270 660 c 25
 270 -69 l 17
 252 -111 245.542 -139.164 207 -153 c 24
 181.889 -162.015 173.674 -127.865 153 -111 c 24
 129.203 -91.5869 116.4 -79.8896 93 -60 c 25
 180 -60 l 25
EndSplineSet
EndChar
