Width: 1000
Flags: HW
TeX: 117 0
LayerCount: 2
Fore
SplineSet
78 195 m 24
 46 232 45 265 24 309 c 25
 73 321 101 326 150 339 c 24
 219 357 258 368 327 387 c 25
 243 317 198 274 111 207 c 24
 100 199 87 185 78 195 c 24
633 274 m 25
 696 274 l 25
 710 228 708 198 732 156 c 24
 774 82 801 42 861 -18 c 24
 895 -52 927 -56 969 -81 c 25
 934 -90 913 -90 879 -104 c 24
 863 -111 857 -144 843 -132 c 24
 780 -79 757 -35 714 36 c 24
 681 90 671 126 651 186 c 24
 640 219 640 240 633 274 c 25
795 236 m 25
 612 236 l 25
 612 286 l 25
 792 286 l 25
 810 300 816 327 837 321 c 24
 875 310 891 286 912 252 c 24
 918 242 899 239 894 228 c 24
 874 183 873 154 849 111 c 24
 807 36 786 -10 726 -72 c 24
 685 -114 660 -117 597 -147 c 9
 637 -96 665 -71 699 -15 c 24
 735 44 749 81 774 146 c 24
 787 180 787 201 795 236 c 25
396 154 m 25
 561 154 l 25
 561 104 l 25
 396 104 l 25
 396 154 l 25
408 282 m 25
 558 282 l 25
 558 232 l 25
 408 232 l 25
 408 282 l 25
279 3 m 25
 346 16 383 23 450 36 c 24
 492 44 516 50 558 59 c 25
 555 15 l 25
 480 -22 438 -44 363 -81 c 24
 349 -88 336 -106 327 -96 c 0
 298 -65 298 -36 279 3 c 25
600 382 m 25
 600 -91 l 17
 592 -120 586 -142 555 -145 c 1
 531 -143 520 -119 510 -91 c 9
 510 382 l 25
 600 382 l 25
348 381 m 25
 438 381 l 25
 438 -11 l 25
 348 -11 l 25
 348 381 l 25
303 404 m 25
 762 404 l 25
 762 404 800 464 825 473 c 1
 851 469 893 416 924 383 c 1
 932 365 915 354 897 354 c 9
 303 354 l 25
 303 404 l 25
444 513 m 25
 756 513 l 25
 756 463 l 25
 444 463 l 25
 444 513 l 25
444 623 m 25
 750 623 l 25
 750 573 l 25
 444 573 l 25
 444 623 l 25
444 728 m 25
 705 728 l 25
 721 741 727 766 747 761 c 24
 782 751 799 730 816 698 c 24
 823 685 803 680 795 668 c 25
 795 507 l 17
 787 478 781 456 750 453 c 1
 726 455 715 479 705 507 c 9
 705 678 l 25
 444 678 l 25
 444 728 l 25
408 754 m 25
 451 734 487 738 519 703 c 24
 533 688 506 674 498 655 c 25
 498 498 l 17
 490 469 484 447 453 444 c 1
 429 446 418 470 408 498 c 9
 408 754 l 25
21 588 m 25
 264 588 l 25
 264 588 286 619 310 628 c 1
 329 621 353 593 372 567 c 1
 380 549 364 538 346 538 c 9
 21 538 l 25
 21 588 l 25
138 -42 m 25
 138 768 l 25
 181 748 217 752 249 717 c 24
 263 702 236 688 228 669 c 25
 228 -42 l 17
 219 -87 214 -123 174 -141 c 24
 147 -153 138 -110 114 -93 c 24
 84 -72 66 -62 36 -42 c 25
 138 -42 l 25
EndSplineSet
EndChar
