Width: 1000
Flags: H
TeX: 117 0
LayerCount: 2
Fore
SplineSet
693 513 m 25
 750 513 l 25
 793.29 477.9 814.395 453.561 861 423 c 24
 886.438 406.319 904.92 404.7 933 393 c 25
 911.94 374.28 901.449 362.03 879 345 c 24
 867.32 336.14 859.183 320.587 846 327 c 24
 808.772 345.11 794.299 367.028 768 399 c 24
 734.191 440.101 722.25 468.54 693 513 c 25
414 507 m 25
 483 507 l 25
 506.4 476.58 534.427 466.409 543 429 c 24
 549.212 401.893 543.811 363 516 363 c 24
 481.214 363 476.108 400.613 456 429 c 24
 436.029 457.193 430.38 476.58 414 507 c 25
509 -87 m 25
 509 222 l 25
 599 222 l 25
 599 -135 l 17
 591 -159 573.368 -189.909 542 -192 c 24
 515.028 -193.798 513.381 -160.843 494 -142 c 24
 471.24 -119.872 457.4 -108.45 434 -87 c 25
 509 -87 l 25
234 21 m 25
 771 21 l 25
 800 49 809 81 834 90 c 1
 860 86 902 33 933 0 c 1
 941 -18 924 -29 906 -29 c 9
 234 -29 l 25
 234 21 l 25
270 132 m 25
 669 132 l 25
 698 160 707 192 732 201 c 1
 758 197 800 144 831 111 c 1
 839 93 822 82 804 82 c 9
 270 82 l 25
 270 132 l 25
816 225 m 24
 817.398 209.147 792.677 215.737 777 213 c 24
 718.81 202.84 685.84 197.22 627 192 c 24
 540.633 184.339 491.703 179.283 405 180 c 24
 349.701 180.457 318.99 189.15 264 195 c 25
 333.03 209.04 371.863 217.497 441 231 c 24
 521.627 246.747 568.433 249.561 648 270 c 24
 696.411 282.436 721.2 297.45 768 315 c 25
 786.72 279.9 812.504 264.626 816 225 c 24
648 375 m 24
 611.017 342.559 578.46 342.06 534 321 c 25
 553.89 354.93 567.189 372.934 585 408 c 24
 604.69 446.766 612.45 470.22 630 510 c 25
 705 471 l 1
 705 471 680.734 403.714 648 375 c 24
657 669 m 25
 700 649 736 653 768 618 c 24
 782 603 755 589 747 570 c 25
 747 348 l 17
 739 319 733 297 702 294 c 1
 678 296 667 320 657 348 c 9
 657 669 l 25
564 540 m 25
 810 540 l 25
 810 540 833 576 858 585 c 1
 884 581 872 552 903 519 c 1
 911 501 894 490 876 490 c 9
 564 490 l 25
 564 540 l 25
339 375 m 24
 306.104 340.402 297 327 240 303 c 9
 261.06 346.29 273.942 370.236 294 414 c 24
 312.562 454.501 321.45 478.05 339 519 c 25
 414 486 l 1
 414 486 375 412.862 339 375 c 24
375 672 m 25
 418 652 454 656 486 621 c 24
 500 606 473 592 465 573 c 25
 465 312 l 17
 457 283 451 261 420 258 c 1
 396 260 385 284 375 312 c 9
 375 672 l 25
240 540 m 25
 474 540 l 25
 474 540 497 576 522 585 c 1
 548 581 536 552 567 519 c 1
 575 501 558 490 540 490 c 9
 240 490 l 25
 240 540 l 25
498 663 m 9
 498 800 l 25
 541.29 780.11 576.953 784.251 609 749 c 24
 622.745 733.881 596.19 719.72 588 701 c 25
 588 663 l 17
 498 663 l 9
168 699 m 25
 762 699 l 25
 791 727 800 759 825 768 c 1
 851 764 893 711 924 678 c 1
 932 660 915 649 897 649 c 9
 168 649 l 25
 168 699 l 25
132 183 m 25
 132 729 l 25
 175 709 211 713 243 678 c 24
 257 663 230 649 222 630 c 25
 222 162 l 25
 205.98 118.71 205.403 93.6037 195 51 c 24
 180.777 -7.24512 175.125 -41.5623 150 -96 c 24
 139.247 -119.298 125.591 -128.689 105 -144 c 24
 79.373 -163.056 61.0801 -167.79 33 -183 c 25
 62.25 -135.03 90.3981 -113.356 108 -60 c 24
 128.687 2.70605 121.708 42.3744 129 108 c 24
 132.24 137.164 132 153.75 132 183 c 25
EndSplineSet
EndChar
