Width: 1000
Flags: H
TeX: 117 0
LayerCount: 2
Fore
SplineSet
711 330 m 24
 673.121 350.661 667.08 381.24 639 414 c 25
 656.55 421.02 666.251 425.5 684 432 c 24
 749.33 455.924 786.48 468.6 852 492 c 25
 807.54 440.52 782.657 411.309 738 360 c 24
 727.666 348.127 724.818 322.463 711 330 c 24
654 642 m 25
 692.61 624.45 719.384 622.859 753 597 c 24
 782.12 574.6 797.1 556.399 810 522 c 24
 816.378 504.993 814.246 485.123 798 477 c 24
 776.836 466.418 756.084 470.741 738 486 c 24
 714.006 506.245 716.884 530.358 702 558 c 24
 684.111 591.222 672.72 609.24 654 642 c 25
408 306 m 24
 375.534 322.793 371.4 349.92 348 378 c 25
 377.25 394.38 393.792 403.545 423 420 c 24
 476.862 450.345 507.18 467.58 561 498 c 25
 511.86 433.65 485.459 396.321 435 333 c 24
 425.72 321.354 421.227 299.158 408 306 c 24
351 642 m 25
 389.61 632.64 414.466 635.767 450 618 c 24
 479.636 603.182 500.569 591.713 513 561 c 24
 523.248 535.682 522.229 509.186 501 492 c 24
 484.606 478.729 465.764 495.987 450 510 c 24
 431.993 526.006 434.455 544.727 420 564 c 24
 395.632 596.491 377.91 611.58 351 642 c 25
477 -49 m 1
 831 -49 l 1
 831 -99 l 1
 477 -99 l 1
 477 -49 l 1
483 94 m 1
 816 94 l 1
 816 44 l 1
 483 44 l 1
 483 94 l 1
477 240 m 25
 765 240 l 25
 781 253 787 278 807 273 c 24
 842 263 859 242 876 210 c 24
 883 197 863 192 855 180 c 25
 855 -90 l 17
 847 -119 841 -141 810 -144 c 1
 786 -142 775 -118 765 -90 c 9
 765 190 l 25
 477 190 l 25
 477 240 l 25
447 291 m 25
 490 271 526 275 558 240 c 24
 572 225 545 211 537 192 c 25
 537 -117 l 17
 529 -146 523 -168 492 -171 c 1
 468 -169 457 -145 447 -117 c 9
 447 291 l 25
597 375 m 25
 637.95 359.79 669.947 365.679 702 336 c 24
 714.382 324.536 687.36 314.04 678 300 c 25
 636 228 l 25
 579 228 l 25
 597 375 l 25
639 726 m 25
 804 726 l 25
 820 739 826 764 846 759 c 24
 881 749 898 728 915 696 c 24
 922 683 902 678 894 666 c 25
 894 372 l 17
 886 343 880 321 849 318 c 1
 825 320 814 344 804 372 c 9
 804 676 l 25
 639 676 l 25
 639 726 l 25
345 723 m 25
 540 723 l 25
 556.38 735.87 561.891 761.435 582 756 c 24
 617.178 746.492 634.287 725.381 651 693 c 24
 657.55 680.309 638.19 674.7 630 663 c 25
 630 354 l 17
 622 325 616 303 585 300 c 1
 561 302 550 326 540 354 c 9
 540 673 l 25
 345 673 l 25
 345 723 l 25
45 285 m 25
 117.54 311.91 158.04 328.249 231 354 c 24
 297.29 377.396 335.31 388.77 402 411 c 25
 361.05 377.07 338.801 356.877 297 324 c 24
 234.647 274.959 199.987 246.491 135 201 c 24
 117.854 188.998 102.301 162.719 87 177 c 24
 53.9619 207.836 61.3799 242.88 45 285 c 25
42 555 m 25
 312 555 l 25
 312 555 335 591 360 600 c 1
 386 596 374 567 405 534 c 1
 413 516 396 505 378 505 c 9
 42 505 l 25
 42 555 l 25
174 -114 m 24
 146.374 -87.002 124.59 -79.2305 93 -57 c 25
 201 -57 l 25
 201 768 l 25
 244.29 748.11 279.953 752.251 312 717 c 24
 325.745 701.881 299.19 687.72 291 669 c 25
 291 -120 l 17
 276 -141 261.354 -187.864 225 -186 c 24
 190.635 -184.237 198.61 -138.051 174 -114 c 24
EndSplineSet
EndChar
