Width: 1000
Flags: H
TeX: 117 0
LayerCount: 2
Fore
SplineSet
699 477 m 25
 736.44 455.94 765.251 453.988 795 423 c 24
 803.613 414.028 780.36 410.19 771 402 c 25
 746.43 373.92 708 330 708 330 c 1
 708 330 671.4 330 648 330 c 25
 699 477 l 25
627 342 m 1
 717 342 l 1
 717 -102 l 1
 627 -102 l 1
 627 342 l 1
456 -72 m 25
 855 -72 l 25
 855 -72 878 -36 903 -27 c 1
 929 -31 917 -60 948 -93 c 1
 956 -111 939 -122 921 -122 c 9
 456 -122 l 25
 456 -72 l 25
453 81 m 25
 807 81 l 25
 807 81 830 117 855 126 c 1
 881 122 869 93 900 60 c 1
 908 42 891 31 873 31 c 9
 453 31 l 25
 453 81 l 25
447 225 m 25
 816 225 l 25
 816 225 839 261 864 270 c 1
 890 266 878 237 909 204 c 1
 917 186 900 175 882 175 c 9
 447 175 l 25
 447 225 l 25
486 360 m 25
 831 360 l 25
 831 360 854 396 879 405 c 1
 905 401 893 372 924 339 c 1
 932 321 915 310 897 310 c 9
 486 310 l 25
 486 360 l 25
501 342 m 25
 501 -114 l 17
 493 -143 487 -165 456 -168 c 1
 432 -166 421 -142 411 -114 c 9
 411 264 l 25
 501 342 l 25
489 483 m 25
 525.27 463.11 553.853 462.312 582 432 c 24
 591.619 421.641 572.85 411.87 567 399 c 25
 536.58 359.22 522.392 334.32 489 297 c 24
 462.498 267.38 446.982 250.178 414 228 c 24
 378.393 204.057 353.61 198.72 315 180 c 25
 354.78 242.01 380.312 275.112 417 339 c 24
 448.268 393.449 460.92 426.84 489 483 c 25
792 690 m 25
 835 670 871 674 903 639 c 24
 917 624 890 610 882 591 c 25
 882 525 l 17
 874 496 868 474 837 471 c 1
 813 473 802 497 792 525 c 9
 792 690 l 25
456 536 m 1
 831 536 l 1
 831 486 l 1
 456 486 l 1
 456 536 l 1
426 702 m 25
 469 682 505 686 537 651 c 24
 551 636 524 622 516 603 c 25
 516 522 l 17
 508 493 502 471 471 468 c 1
 447 470 436 494 426 522 c 9
 426 702 l 25
612 498 m 25
 612 771 l 25
 655.29 751.11 690.953 755.251 723 720 c 24
 736.745 704.881 710.19 690.72 702 672 c 25
 702 498 l 25
 612 498 l 25
63 573 m 25
 324 573 l 25
 324 573 347 609 372 618 c 1
 398 614 386 585 417 552 c 1
 425 534 408 523 390 523 c 9
 63 523 l 25
 63 573 l 25
54 321 m 25
 106.65 333.87 136.764 339.542 189 354 c 24
 267.844 375.823 311.61 390.6 390 414 c 25
 359.58 390.6 342.563 377.213 312 354 c 24
 250.133 307.012 218.072 276.438 153 234 c 24
 136.572 223.286 119.732 206.054 105 219 c 24
 71.5918 248.358 73.8896 281.22 54 321 c 25
207 -153 m 24
 177.726 -158.728 176.784 -117.396 156 -96 c 24
 136.968 -76.4082 124.89 -66.7197 105 -48 c 25
 204 -48 l 25
 204 762 l 25
 247.29 742.11 282.953 746.251 315 711 c 24
 328.745 695.881 302.19 681.72 294 663 c 25
 294 -69 l 17
 273 -111 253.286 -143.944 207 -153 c 24
EndSplineSet
EndChar
