Width: 1000
Flags: H
TeX: 117 0
LayerCount: 2
Fore
SplineSet
561 144 m 25
 615 144 l 25
 637 119 646 102 672 81 c 24
 731 34 766 10 831 -27 c 24
 867 -47 891 -49 930 -63 c 25
 915 -76 905 -81 891 -96 c 24
 876 -112 880 -140 858 -141 c 24
 829 -143 817 -120 795 -102 c 24
 749 -65 725 -42 684 0 c 24
 656 28 644 48 618 78 c 24
 596 104 583 118 561 144 c 25
732 118 m 25
 528 118 l 25
 528 168 l 25
 750 168 l 25
 769 181 779 198 798 201 c 0
 816 204 854 174 867 141 c 24
 874 124 849 119 837 105 c 25
 803 64 791 34 750 0 c 24
 694 -47 656 -67 591 -99 c 24
 542 -123 510 -126 459 -144 c 25
 503 -112 531 -98 573 -63 c 24
 612 -31 633 -11 666 27 c 24
 695 60 706 83 732 118 c 25
711 255 m 9
 711 385 l 25
 588 385 l 25
 588 435 l 25
 711 435 l 25
 727.38 447.87 732.891 473.435 753 468 c 24
 788.178 458.492 805.287 437.381 822 405 c 24
 828.55 392.309 809.19 386.7 801 375 c 25
 801 315 l 17
 808 310 798 300 822 300 c 9
 873 300 l 25
 877.68 317.55 879.256 327.768 885 345 c 24
 893.314 369.943 899.64 383.43 909 408 c 25
 917.19 364.71 919.909 339.887 930 297 c 24
 933.983 280.069 950.5 271.501 945 255 c 24
 938.932 236.795 921.21 236.7 906 225 c 25
 771 225 l 17
 738 222 725 224 711 255 c 9
555 351 m 9
 555 477 l 25
 598.29 457.11 633.953 461.251 666 426 c 24
 679.745 410.881 653.19 396.72 645 378 c 25
 645 303 l 17
 624 270 607.173 245.342 573 219 c 24
 549.248 200.691 529.08 202.53 501 192 c 25
 515.04 218.91 527.239 232.26 537 261 c 24
 548.511 294.894 555 324 555 351 c 9
318 307 m 1
 501 307 l 1
 501 257 l 1
 318 257 l 1
 318 307 l 1
411 -39 m 25
 411 112 l 25
 327 112 l 25
 327 162 l 25
 411 162 l 25
 427.38 174.87 432.89 200.435 453 195 c 24
 488.178 185.492 505.287 164.381 522 132 c 24
 528.55 119.309 509.19 113.7 501 102 c 25
 501 -54 l 25
 486.96 -75.0596 484.345 -91.6778 465 -108 c 24
 445.389 -124.548 430.049 -140.566 405 -135 c 24
 378.337 -129.075 376.89 -102.72 357 -84 c 24
 337.037 -65.2109 324.06 -56.5498 303 -39 c 25
 411 -39 l 25
273 336 m 25
 316.29 316.11 351.953 320.251 384 285 c 24
 397.745 269.881 371.19 255.72 363 237 c 25
 363 117 l 17
 355 88 349 66 318 63 c 1
 294 65 283 89 273 117 c 9
 273 336 l 25
315 444 m 25
 429 444 l 25
 445.38 456.87 450.89 482.435 471 477 c 24
 506.178 467.492 523.287 446.381 540 414 c 24
 546.55 401.309 527.19 395.7 519 384 c 25
 519 285 l 17
 511 256 505 234 474 231 c 1
 450 233 439 257 429 285 c 9
 429 394 l 25
 315 394 l 25
 315 444 l 25
828 696 m 25
 855 668 880 659 897 624 c 24
 903 612 882 609 873 600 c 25
 765 519 l 25
 723 531 l 25
 748 568 762 589 786 627 c 24
 803 654 812 669 828 696 c 25
702 762 m 25
 732 737 760 733 780 699 c 24
 787 687 765 683 756 672 c 25
 681 597 l 25
 654 624 l 25
 662 647 667 661 675 684 c 24
 686 714 691 732 702 762 c 25
588 699 m 25
 633 699 l 25
 660 662 668 634 702 603 c 24
 750 560 783 543 840 513 c 24
 890 487 922 480 975 459 c 25
 963 446 955 440 945 426 c 24
 936 412 944 389 927 387 c 24
 897 383 881 400 855 414 c 24
 804 442 774 457 729 495 c 24
 685 532 662 556 630 603 c 24
 607 637 604 662 588 699 c 25
324 657 m 25
 354 636 380 633 402 603 c 24
 425 571 433 546 432 507 c 24
 432 491 414 479 399 483 c 24
 377 488 371 505 360 525 c 24
 351 541 356 553 351 570 c 24
 342 604 335 623 324 657 c 25
480 673 m 25
 291 673 l 25
 291 723 l 25
 471 723 l 25
 489 735 496 759 516 753 c 24
 547 744 559 722 573 693 c 24
 578 683 564 678 558 669 c 25
 538 621 537 588 507 546 c 24
 476 502 451 480 405 453 c 24
 341 415 297 409 228 381 c 25
 276 418 306 436 351 477 c 24
 393 517 418 540 450 588 c 24
 469 617 468 640 480 673 c 25
81 231 m 24
 67 223 54 196 45 210 c 24
 18 251 27 285 15 333 c 25
 64 337 92 337 141 342 c 24
 208 349 245 357 312 366 c 25
 249 327 214 304 150 267 c 24
 124 252 108 245 81 231 c 24
12 585 m 25
 222 585 l 25
 222 585 245 621 270 630 c 1
 296 626 284 597 315 564 c 1
 323 546 306 535 288 535 c 9
 12 535 l 25
 12 585 l 25
105 -48 m 25
 105 750 l 25
 148.29 730.11 183.953 734.251 216 699 c 24
 229.745 683.881 203.19 669.72 195 651 c 25
 195 -90 l 17
 176 -125 174.704 -132.609 150 -135 c 24
 126.709 -137.254 121.4 -112.084 102 -99 c 24
 71.0508 -78.127 52.5898 -67.8896 21 -48 c 25
 105 -48 l 25
EndSplineSet
EndChar
