Width: 1000
Flags: HW
LayerCount: 2
Fore
SplineSet
81 111 m 25
 807 111 l 25
 836 139 845 171 870 180 c 1
 896 176 938 123 969 90 c 1
 977 72 960 61 942 61 c 9
 81 61 l 25
 81 111 l 25
501 -92 m 25
 501 234 l 25
 544.29 214.11 579.953 218.251 612 183 c 24
 625.745 167.881 599.19 153.72 591 135 c 25
 591 -120 l 17
 579 -153 559.704 -182.365 522 -193 c 24
 498.547 -199.615 494.569 -166.065 474 -153 c 24
 432.305 -126.515 406.29 -115.79 363 -92 c 25
 501 -92 l 25
636 280 m 25
 267 280 l 25
 267 330 l 25
 666 330 l 25
 683.55 337.8 694.169 359.25 711 350 c 24
 746.712 330.375 767.399 308.602 777 269 c 24
 781.198 251.681 751.38 258.02 735 251 c 25
 552 149 l 25
 525 185 l 25
 636 280 l 25
792 574 m 25
 666 574 l 25
 666 624 l 25
 804 624 l 25
 822.72 634.53 832.14 659.178 852 651 c 24
 883.598 637.989 894.322 614.114 906 582 c 24
 910.663 569.177 895.02 563.7 888 552 c 25
 873.96 499.35 869.714 468.53 852 417 c 24
 843.834 393.243 840.54 376.951 822 360 c 24
 797.668 337.754 779.914 319.119 747 321 c 24
 725.941 322.203 732.388 351.574 717 366 c 24
 694.272 387.308 676.74 393.45 651 411 c 25
 750 411 l 25
 759.36 441.42 766.059 458.18 774 489 c 24
 782.455 521.813 784.98 540.85 792 574 c 25
387 540 m 24
 418.936 600.206 408.96 644.31 423 711 c 25
 525 711 l 25
 517.98 673.56 516.238 651.955 507 615 c 16
 495 567 492.48 550.504 474 513 c 24
 452.342 469.046 437.44 444.725 405 408 c 24
 374.752 373.757 353.972 356.848 315 333 c 24
 274.771 308.382 248.92 299.374 204 285 c 24
 160.727 271.152 134.46 270.36 90 261 c 25
 148.5 301.95 187.954 317.108 240 366 c 24
 304.747 426.823 345.372 461.521 387 540 c 24
642 679 m 25
 174 679 l 25
 174 729 l 25
 645 729 l 25
 663 745 667 777 690 771 c 24
 728 761 746 735 762 699 c 24
 768 685 742 685 735 672 c 24
 715 632 718 603 696 564 c 24
 683 541 674 522 648 516 c 24
 630 512 613 525 609 543 c 24
 602 572 617 589 624 618 c 24
 630 642 635 655 642 679 c 25
EndSplineSet
EndChar
