Width: 1000
Flags: HW
LayerCount: 2
Fore
SplineSet
81 -6 m 24
 43 19 41 53 15 90 c 25
 43 109 59 119 87 138 c 24
 150 181 186 206 249 249 c 25
 196 162 169 112 113 27 c 24
 103 12 96 -16 81 -6 c 24
62 501 m 25
 101 482 129 481 161 453 c 24
 186 431 199 411 204 378 c 24
 208 351 206 326 183 312 c 24
 163 300 141 312 126 330 c 24
 104 355 111 380 99 411 c 24
 86 447 76 466 62 501 c 25
435 159 m 25
 503 159 l 25
 537 127 553 106 591 78 c 24
 649 35 683 11 747 -21 c 24
 802 -49 837 -54 894 -75 c 25
 866 -88 846 -89 822 -108 c 24
 803 -123 807 -171 786 -159 c 24
 676 -100 632 -39 540 45 c 24
 495 86 476 115 435 159 c 25
702 130 m 25
 417 130 l 25
 417 180 l 25
 707 180 l 25
 725 188 735 210 752 201 c 24
 786 184 801 161 816 126 c 24
 821 115 801 114 792 105 c 24
 745 60 723 29 672 -12 c 24
 616 -57 584 -85 519 -114 c 24
 455 -143 417 -156 345 -159 c 9
 416 -110 460 -86 528 -33 c 24
 577 5 600 33 645 75 c 24
 668 96 680 109 702 130 c 25
835 226 m 25
 398 226 l 25
 398 276 l 25
 831 276 l 25
 853 284 867 308 888 297 c 24
 924 279 939 254 951 216 c 24
 955 202 931 205 918 198 c 25
 819 153 l 25
 835 226 l 25
399 327 m 25
 411 293 435 275 429 240 c 24
 421 194 407 163 367 138 c 24
 347 126 320 148 318 171 c 24
 315 205 341 219 357 249 c 24
 373 280 383 297 399 327 c 25
423 366 m 25
 751 366 l 25
 751 316 l 25
 423 316 l 25
 423 366 l 25
443 466 m 25
 741 466 l 25
 741 416 l 25
 443 416 l 25
 443 466 l 25
426 562 m 25
 693 562 l 25
 709 575 715 600 735 595 c 24
 770 585 787 564 804 532 c 24
 811 519 791 514 783 502 c 25
 783 358 l 17
 775 329 769 307 738 304 c 1
 714 306 703 330 693 358 c 9
 693 512 l 25
 426 512 l 25
 426 562 l 25
216 600 m 25
 259 580 295 584 327 549 c 24
 341 534 314 520 306 501 c 25
 306 -117 l 17
 298 -146 292 -168 261 -171 c 1
 237 -169 226 -145 216 -117 c 9
 216 600 l 25
465 645 m 25
 465 795 l 25
 508 775 544 779 576 744 c 24
 590 729 563 715 555 696 c 25
 555 645 l 25
 465 645 l 25
811 616 m 25
 148 616 l 25
 148 666 l 25
 813 666 l 25
 829 678 835 703 853 696 c 24
 896 680 922 660 942 618 c 24
 950 601 919 600 904 588 c 25
 798 522 l 25
 811 616 l 25
164 732 m 25
 170 695 192 672 180 636 c 24
 165 589 148 555 102 537 c 24
 74 526 34 549 36 579 c 24
 39 622 83 627 110 660 c 24
 133 687 143 704 164 732 c 25
EndSplineSet
EndChar
