Width: 1000
Flags: H
TeX: 117 0
LayerCount: 2
Fore
SplineSet
768 243 m 1
 768 406 l 9
 564 406 l 25
 564 456 l 25
 768 456 l 25
 784 469 790 494 810 489 c 24
 845 479 862 458 879 426 c 24
 886 413 866 408 858 396 c 17
 858 243 l 1
 858 195 849 172 837 150 c 0
 819 117 802 101 768 96 c 24
 749 93 752 122 738 136 c 24
 715 158 700 166 675 186 c 25
 738 186 l 17
 756 195 768 210 768 243 c 1
936 -126 m 25
 594 -126 l 17
 566 -121 542 -103 537 -78 c 9
 537 486 l 25
 580 466 616 470 648 435 c 24
 662 420 635 406 627 387 c 25
 627 -10 l 17
 627 -31 647 -45 663 -46 c 9
 861 -46 l 25
 868 -21 872 -7 879 18 c 24
 887 47 892 64 900 93 c 25
 909 39 906 7 924 -45 c 24
 932 -69 962 -71 966 -96 c 24
 968 -112 948 -114 936 -126 c 25
219 279 m 25
 268 258 301 256 345 225 c 24
 372 206 390 189 396 156 c 24
 401 130 394 101 369 93 c 24
 346 86 339 115 321 132 c 24
 294 158 281 174 255 201 c 24
 235 222 224 234 204 255 c 25
 219 279 l 25
433 361 m 9
 286 361 l 25
 286 411 l 25
 435 411 l 25
 454 420 463 442 483 435 c 24
 513 423 525 402 537 372 c 24
 542 359 524 355 519 342 c 24
 492 275 487 233 456 168 c 24
 428 111 411 78 369 30 c 24
 327 -18 296 -39 243 -75 c 24
 203 -102 177 -112 132 -129 c 24
 96 -143 73 -144 36 -153 c 25
 102 -104 142 -81 204 -27 c 24
 254 17 281 44 321 96 c 24
 352 137 367 163 387 210 c 24
 411 267 421 300 433 361 c 9
294 534 m 25
 333 514 361 513 393 483 c 24
 402 475 381 469 375 459 c 24
 351 419 340 394 315 354 c 24
 276 293 258 255 210 201 c 24
 181 168 158 155 120 132 c 24
 95 117 78 116 51 105 c 25
 87 154 110 180 144 231 c 24
 178 283 197 313 225 369 c 24
 256 432 267 470 294 534 c 25
477 636 m 25
 477 786 l 25
 520 766 556 770 588 735 c 24
 602 720 575 706 567 687 c 25
 567 636 l 25
 477 636 l 25
813 612 m 25
 204 612 l 25
 204 662 l 25
 819 662 l 25
 834 674 841 701 858 692 c 24
 900 668 917 640 936 596 c 24
 941 584 920 583 909 575 c 25
 792 509 l 25
 813 612 l 25
192 717 m 25
 206 675 227 653 228 609 c 24
 229 571 222 546 198 516 c 24
 181 494 159 482 132 489 c 24
 110 495 102 518 105 540 c 24
 111 579 135 594 153 630 c 24
 169 663 177 683 192 717 c 25
EndSplineSet
EndChar
