Width: 1000
Flags: H
TeX: 117 0
LayerCount: 2
Fore
SplineSet
462 -42 m 25
 462 432 l 25
 552 432 l 25
 552 -31 l 18
 552 -73 546 -100 521 -135 c 24
 506 -157 484 -172 459 -162 c 24
 429 -150 439 -113 414 -93 c 24
 380 -65 312 -42 312 -42 c 9
 462 -42 l 25
60 249 m 25
 786 249 l 25
 815 277 824 309 849 318 c 1
 875 314 917 261 948 228 c 1
 956 210 939 199 921 199 c 9
 60 199 l 25
 60 249 l 25
243 456 m 25
 630 456 l 25
 659 484 668 516 693 525 c 1
 719 521 761 468 792 435 c 1
 800 417 783 406 765 406 c 9
 243 406 l 25
 243 456 l 25
783 595 m 25
 189 595 l 25
 189 645 l 25
 783 645 l 25
 805 661 815 698 840 687 c 24
 890 666 908 631 930 582 c 24
 936 567 910 567 897 558 c 24
 853 528 827 512 783 483 c 25
 783 595 l 25
195 699 m 1
 213 653 223 627 222 579 c 24
 221 539 214 513 189 483 c 24
 168 458 145 443 114 450 c 24
 89 456 75 482 81 507 c 24
 90 547 126 553 147 588 c 24
 171 629 180 655 195 699 c 1
468 612 m 25
 468 798 l 25
 468 798 547 782 579 747 c 24
 593 732 566 718 558 699 c 25
 558 612 l 9
 468 612 l 25
EndSplineSet
EndChar
