Width: 1000
Flags: HW
LayerCount: 2
Fore
SplineSet
146 186 m 25
 146 387 l 25
 189 367 225 371 257 336 c 24
 271 321 244 307 236 288 c 25
 236 174 l 17
 227 115 220 83 192 32 c 24
 164 -21 141 -49 94 -88 c 24
 63 -114 35 -113 -3 -130 c 25
 23 -94 41 -76 63 -38 c 24
 86 0 97 24 113 66 c 24
 130 112 133 139 146 186 c 25
278 42 m 25
 278 199 l 25
 14 199 l 25
 14 249 l 25
 278 249 l 25
 294 262 299 287 320 282 c 24
 355 272 372 251 388 219 c 24
 395 206 376 201 368 189 c 25
 368 18 l 17
 362 -39 347 -60 318 -102 c 24
 301 -127 286 -151 256 -147 c 24
 231 -144 241 -111 228 -90 c 24
 214 -67 203 -57 187 -36 c 25
 243 -36 l 25
 253 -22 262 -16 269 0 c 24
 276 15 274 26 278 42 c 25
154 690 m 1
 244 690 l 1
 244 387 l 1
 154 387 l 1
 154 690 l 1
47 408 m 1
 342 408 l 1
 342 358 l 1
 47 358 l 1
 47 408 l 1
67 563 m 1
 349 563 l 1
 349 513 l 1
 67 513 l 1
 67 563 l 1
67 717 m 25
 276 717 l 25
 292 730 298 755 318 750 c 24
 353 740 370 719 387 687 c 24
 394 674 374 669 366 657 c 25
 366 387 l 17
 358 358 352 336 321 333 c 1
 297 335 286 359 276 387 c 9
 276 667 l 25
 67 667 l 25
 67 717 l 25
30 747 m 25
 73 727 109 731 141 696 c 24
 155 681 128 667 120 648 c 25
 120 387 l 17
 112 358 106 336 75 333 c 1
 51 335 40 359 30 387 c 9
 30 747 l 25
393 210 m 25
 436 191 462 185 502 162 c 24
 542 139 567 127 598 93 c 24
 621 68 631 48 638 15 c 24
 643 -7 642 -26 626 -42 c 24
 613 -55 595 -52 580 -42 c 24
 554 -24 550 -2 531 24 c 24
 512 50 506 67 483 90 c 24
 451 122 428 134 393 162 c 25
 393 210 l 25
542 444 m 25
 309 444 l 25
 309 494 l 25
 539 494 l 25
 555 508 560 536 580 530 c 24
 614 521 629 497 642 465 c 24
 648 450 629 444 620 431 c 25
 611 372 612 337 597 279 c 24
 575 193 565 143 527 62 c 24
 498 1 477 -33 429 -81 c 17
 392 -118 366 -132 312 -151 c 9
 346 -103 367 -78 398 -28 c 24
 426 17 440 43 461 92 c 24
 486 150 500 183 514 245 c 24
 532 321 531 366 542 444 c 25
446 758 m 25
 486 742 516 745 549 717 c 24
 559 708 538 699 531 687 c 25
 523 627 521 593 510 534 c 24
 494 445 483 394 462 306 c 24
 449 253 446 221 423 171 c 24
 413 149 403 132 380 128 c 24
 363 125 348 142 348 159 c 24
 347 206 369 229 378 275 c 24
 403 407 417 481 436 614 c 24
 444 670 442 702 446 758 c 25
729 186 m 25
 729 387 l 25
 772 367 808 371 840 336 c 24
 854 321 827 307 819 288 c 25
 819 174 l 17
 810 117 802 93 780 45 c 24
 759 -1 742 -26 708 -63 c 24
 683 -91 664 -104 630 -120 c 24
 594 -137 570 -136 532 -147 c 25
 578 -104 610 -85 649 -36 c 24
 683 7 698 35 717 87 c 24
 730 124 724 147 729 186 c 25
882 42 m 25
 882 199 l 25
 617 199 l 25
 617 249 l 25
 882 249 l 25
 898 262 904 287 924 282 c 24
 959 272 976 251 993 219 c 24
 1000 206 980 201 972 189 c 25
 972 18 l 17
 960 -30 948 -60 918 -102 c 24
 902 -125 886 -145 858 -141 c 24
 836 -138 843 -109 831 -90 c 24
 817 -68 806 -57 790 -36 c 25
 846 -36 l 25
 855 -22 863 -15 870 0 c 24
 877 15 877 26 882 42 c 25
756 690 m 1
 846 690 l 1
 846 387 l 1
 756 387 l 1
 756 690 l 1
650 408 m 1
 945 408 l 1
 945 358 l 1
 650 358 l 1
 650 408 l 1
670 563 m 1
 952 563 l 1
 952 513 l 1
 670 513 l 1
 670 563 l 1
670 717 m 25
 879 717 l 25
 895 730 901 755 921 750 c 24
 956 740 973 719 990 687 c 24
 997 674 977 669 969 657 c 25
 969 387 l 17
 961 358 955 336 924 333 c 1
 900 335 889 359 879 387 c 9
 879 667 l 25
 670 667 l 25
 670 717 l 25
633 747 m 25
 676 727 712 731 744 696 c 24
 758 681 731 667 723 648 c 25
 723 387 l 17
 715 358 709 336 678 333 c 1
 654 335 643 359 633 387 c 9
 633 747 l 25
EndSplineSet
EndChar
