Width: 1000
Flags: H
TeX: 117 0
LayerCount: 2
Fore
SplineSet
684 -45 m 25
 633 0 l 25
 684.48 31.5898 714.613 47.6934 765 81 c 24
 783.749 93.3936 792.45 102.96 810 117 c 25
 841.59 83.0703 869.738 71.1953 891 30 c 24
 897 18.376 870.87 26.3398 858 24 c 25
 684 -45 l 25
600 -21 m 24
 558.007 15.2666 538.381 40.4502 504 84 c 24
 485.474 107.467 480.21 124.26 465 150 c 25
 510 150 l 25
 556.8 105.54 579.266 75.9111 630 36 c 24
 667.533 6.47363 691.213 -7.93945 735 -27 c 24
 791.318 -51.5146 825.04 -61.6758 885 -75 c 24
 920.479 -82.8848 941.73 -78.6602 978 -81 c 25
 948.75 -104.4 929.879 -114.911 903 -141 c 24
 889.726 -153.885 894.495 -179.589 876 -180 c 24
 831.612 -180.986 806.471 -166.163 768 -144 c 24
 697.638 -103.465 661.457 -74.0762 600 -21 c 24
423 -66 m 24
 505.171 -55.2393 549.27 -36.7197 630 -18 c 25
 672 -57 l 25
 618.18 -74.5498 588.646 -87.2188 534 -102 c 24
 445.79 -125.86 394.455 -133.067 306 -156 c 24
 268.029 -165.844 248.055 -176.486 210 -186 c 24
 196.332 -189.417 182.956 -199.875 174 -189 c 24
 145.377 -154.243 144.72 -124.95 126 -84 c 25
 241.83 -76.9805 307.939 -81.0675 423 -66 c 24
270 48 m 1
 360 48 l 1
 360 -114 l 1
 270 -114 l 1
 270 48 l 1
198 -30 m 24
 144.406 -42.3682 111.99 -31.8301 57 -33 c 25
 122.52 -6.08984 161.646 4.32324 225 36 c 24
 260.41 53.7051 277.783 68.6504 309 93 c 24
 336.43 114.395 349.26 129.6 375 153 c 25
 498 153 l 25
 479.28 135.45 469.228 124.992 450 108 c 24
 418.904 80.5205 405.397 58.9316 369 39 c 24
 305.924 4.45801 268.073 -13.8291 198 -30 c 24
249 175 m 1
 747 175 l 1
 747 125 l 1
 249 125 l 1
 249 175 l 1
252 288 m 25
 687 288 l 25
 703.38 300.87 708.891 326.435 729 321 c 24
 764.178 311.492 781.287 290.381 798 258 c 24
 804.55 245.309 785.19 239.7 777 228 c 25
 777 168 l 17
 769 139 763 117 732 114 c 1
 708 116 697 140 687 168 c 9
 687 238 l 25
 252 238 l 25
 252 288 l 25
216 315 m 25
 259.29 295.11 294.953 299.251 327 264 c 24
 340.745 248.881 314.19 234.72 306 216 c 25
 306 159 l 17
 298 130 292 108 261 105 c 1
 237 107 226 131 216 159 c 9
 216 315 l 25
57 372 m 25
 786 372 l 25
 815 400 824 432 849 441 c 1
 875 437 917 384 948 351 c 1
 956 333 939 322 921 322 c 1
 57 322 l 9
 57 372 l 25
540 539 m 1
 630 539 l 1
 630 414 l 1
 540 414 l 1
 540 539 l 1
381 551 m 1
 471 551 l 1
 471 414 l 1
 381 414 l 1
 381 551 l 1
261 449 m 1
 768 449 l 1
 768 399 l 1
 261 399 l 1
 261 449 l 1
246 563 m 25
 708 563 l 25
 724.38 575.87 729.891 601.435 750 596 c 24
 785.178 586.492 802.287 565.381 819 533 c 24
 825.55 520.309 806.19 514.7 798 503 c 25
 798 450 l 17
 790 421 784 399 753 396 c 1
 729 398 718 422 708 450 c 9
 708 513 l 25
 246 513 l 25
 246 563 l 25
216 593 m 25
 259.29 573.11 294.953 577.251 327 542 c 24
 340.745 526.881 314.19 512.72 306 494 c 25
 306 429 l 17
 298 400 292 378 261 375 c 1
 237 377 226 401 216 429 c 9
 216 593 l 25
822 616 m 25
 174 616 l 25
 174 666 l 25
 816 666 l 25
 838.23 681.21 847.502 713.681 873 705 c 24
 917.648 689.801 936.81 660.624 957 618 c 24
 963.738 603.774 938.7 601.53 927 591 c 25
 822 552 l 25
 822 616 l 25
153 723 m 25
 178.74 682.05 207.797 665.053 219 618 c 24
 226.821 585.15 212.843 564.331 198 534 c 24
 185.226 507.896 176.873 488.065 150 477 c 24
 129.789 468.678 109.921 475.148 96 492 c 24
 82.5664 508.262 87.7607 525.568 93 546 c 24
 99.8887 572.867 117.096 582.731 126 609 c 24
 140.668 652.271 142.47 678.54 153 723 c 25
459 645 m 25
 459 792 l 25
 502.29 772.11 537.953 776.251 570 741 c 24
 583.745 725.881 557.19 711.72 549 693 c 25
 549 645 l 25
 459 645 l 25
EndSplineSet
EndChar
