Width: 1000
Flags: HW
TeX: 117 0
LayerCount: 2
Fore
SplineSet
55 -108 m 25
 772 -108 l 25
 801 -80 810 -48 835 -39 c 1
 861 -43 903 -96 934 -129 c 1
 942 -147 925 -158 907 -158 c 9
 55 -158 l 25
 55 -108 l 25
265 39 m 25
 696 39 l 25
 696 -11 l 25
 265 -11 l 25
 265 39 l 25
256 210 m 25
 685 210 l 25
 685 160 l 25
 256 160 l 25
 256 210 l 25
274 375 m 25
 640 375 l 25
 656 388 662 413 682 408 c 24
 717 398 734 377 751 345 c 24
 758 332 738 327 730 315 c 25
 730 27 l 17
 722 -2 716 -24 685 -27 c 1
 661 -25 650 -1 640 27 c 9
 640 325 l 25
 274 325 l 25
 274 375 l 25
226 408 m 25
 269 388 305 392 337 357 c 24
 351 342 324 328 316 309 c 25
 316 12 l 17
 308 -17 302 -39 271 -42 c 1
 247 -40 236 -16 226 12 c 9
 226 408 l 25
181 519 m 25
 640 519 l 25
 640 519 678 579 703 588 c 1
 729 584 771 531 802 498 c 1
 810 480 793 469 775 469 c 9
 181 469 l 25
 181 519 l 25
445 642 m 25
 445 800 l 25
 488 780 524 784 556 749 c 24
 570 734 543 720 535 701 c 25
 535 642 l 25
 445 642 l 25
805 616 m 25
 145 616 l 25
 145 666 l 25
 805 666 l 25
 825 681 833 714 856 705 c 24
 900 688 917 658 937 615 c 24
 943 602 919 602 907 594 c 25
 805 537 l 25
 805 616 l 25
151 726 m 25
 164 694 181 679 184 645 c 24
 187 602 184 576 166 537 c 24
 155 514 139 504 115 498 c 24
 97 494 82 499 70 513 c 24
 55 531 49 548 55 570 c 24
 63 602 86 611 103 639 c 24
 123 672 132 692 151 726 c 25
EndSplineSet
EndChar
