Width: 1000
Flags: H
TeX: 117 0
LayerCount: 2
Fore
SplineSet
663 141 m 25
 692.25 103.56 721.247 89.46 738 45 c 24
 753.27 4.47576 751.283 -23.9327 741 -66 c 24
 736.993 -82.3916 721.82 -90 705 -90 c 24
 685.872 -90 669.359 -78.8933 666 -60 c 24
 658.76 -19.2725 681 3.63872 681 45 c 24
 681 83.0879 670.02 103.56 663 141 c 25
450 -105 m 24
 415.774 -76.4785 422.55 -40.9502 405 0 c 25
 435.42 4.67969 452.649 6.89149 483 12 c 24
 570.823 26.7822 620.25 35.79 708 51 c 25
 708 15 l 25
 624.93 -20.0996 576.769 -36.9677 495 -75 c 24
 475.875 -83.8955 466.204 -118.503 450 -105 c 24
684 315 m 25
 684 675 l 25
 756 675 l 25
 756 399 l 25
 764.19 335.82 766.886 297.773 786 237 c 24
 813.018 151.097 830.875 101.132 882 27 c 24
 903.759 -4.5498 933.24 -4.11035 966 -24 c 25
 941.43 -29.8496 924.607 -25.9218 903 -39 c 24
 878.218 -54 880.488 -98.2478 852 -93 c 24
 814.432 -86.0791 809.921 -49.9621 789 -18 c 24
 767.508 14.835 757.725 35.2353 744 72 c 24
 724.832 123.342 718.137 153.795 705 207 c 24
 694.714 248.658 692.19 272.88 684 315 c 25
528 657 m 25
 618 657 l 17
 618 0 l 9
 528 0 l 25
 528 657 l 25
765 795 m 25
 804.78 758.73 840.428 748.818 867 702 c 24
 875.269 687.432 843.21 691.02 828 684 c 25
 789.39 673.47 768.496 663.456 729 657 c 24
 646.499 643.515 599.132 641.793 516 633 c 24
 477.446 628.922 455.61 624 417 624 c 25
 408 660 l 25
 481.71 678.72 524.785 684.155 597 708 c 24
 649.229 725.245 677.158 739.707 726 765 c 24
 743.04 773.824 749.79 783.3 765 795 c 25
375 174 m 25
 375 684 l 25
 418.29 664.11 453.953 668.251 486 633 c 24
 499.745 617.881 473.19 603.72 465 585 c 25
 465 174 l 17
 456 117 435.511 83.7706 408 30 c 24
 383.76 -17.3779 367.953 -43.8684 333 -84 c 24
 304.074 -117.212 279.93 -127.92 246 -156 c 25
 282.27 -78.7803 307.939 -37.4587 339 42 c 24
 358.428 91.6982 360.96 122.52 375 174 c 25
27 330 m 1
 27 330 224.64 401.37 351 447 c 25
 304.2 409.56 278.807 387.146 231 351 c 24
 182.831 314.579 155.246 294.497 105 261 c 24
 88.4502 249.967 74.8974 223.822 60 237 c 24
 31.1748 262.5 27 330 27 330 c 1
174 -30 m 25
 174 660 l 25
 217.29 640.11 252.953 644.251 285 609 c 24
 298.745 593.881 272.19 579.72 264 561 c 25
 264 -48 l 17
 252 -105 244.15 -133.289 201 -156 c 24
 176.829 -168.722 170.337 -126.233 150 -108 c 24
 136.393 -95.7998 128.003 -89.7443 114 -78 c 24
 91.7324 -59.3242 79.2305 -48.7197 57 -30 c 25
 174 -30 l 25
264 691 m 25
 42 691 l 25
 42 741 l 25
 252 741 l 25
 274.23 751.53 285.212 774.26 309 768 c 24
 339.403 759.999 356.623 741.008 366 711 c 24
 371.518 693.343 349.53 687.21 339 672 c 25
 228 603 l 25
 198 630 l 25
 213.21 640.53 222.999 644.908 237 657 c 24
 248.913 667.288 253.47 675.3 264 691 c 25
EndSplineSet
EndChar
