Width: 1000
Flags: H
TeX: 117 0
LayerCount: 2
Fore
SplineSet
471 609 m 25
 471 771 l 25
 514 751 550 755 582 720 c 24
 596 705 569 691 561 672 c 25
 561 609 l 25
 471 609 l 25
648 147 m 25
 709 127 747 125 804 96 c 24
 841 77 864 63 885 27 c 24
 902 -3 909 -29 894 -60 c 24
 883 -82 857 -85 834 -78 c 24
 806 -69 799 -47 780 -24 c 24
 754 8 745 30 720 63 c 24
 694 97 676 114 648 147 c 25
471 -72 m 25
 471 243 l 25
 561 243 l 25
 561 -108 l 17
 540 -138 523 -165 486 -168 c 24
 459 -170 460 -134 438 -117 c 24
 411 -96 392 -90 363 -72 c 25
 471 -72 l 25
279 177 m 25
 313 155 345 155 366 120 c 24
 376 104 349 96 336 84 c 24
 278 30 249 -7 183 -51 c 24
 131 -85 93 -89 36 -114 c 25
 93 -56 130 -27 183 36 c 24
 226 87 242 122 279 177 c 25
78 273 m 25
 750 273 l 25
 779 301 788 333 813 342 c 1
 839 338 881 285 912 252 c 1
 920 234 903 223 885 223 c 9
 78 223 l 25
 78 273 l 25
243 444 m 25
 597 444 l 25
 626 472 635 504 660 513 c 1
 686 509 728 456 759 423 c 1
 767 405 750 394 732 394 c 9
 243 394 l 25
 243 444 l 25
201 696 m 25
 210 648 229 622 225 573 c 24
 222 538 211 515 183 492 c 24
 160 473 134 463 108 477 c 24
 84 490 80 517 87 543 c 24
 95 571 124 571 141 594 c 24
 169 631 178 656 201 696 c 25
822 574 m 25
 192 574 l 25
 192 624 l 25
 825 624 l 25
 848 637 860 666 885 657 c 24
 926 643 947 617 963 576 c 24
 969 560 941 560 927 549 c 25
 801 474 l 25
 822 574 l 25
EndSplineSet
EndChar
