Width: 1000
Flags: H
TeX: 117 0
LayerCount: 2
Fore
SplineSet
540 405 m 25
 540 648 l 25
 540 648 619 632 651 597 c 24
 665 582 638 568 630 549 c 25
 630 405 l 25
 540 405 l 25
357 411 m 25
 357 657 l 25
 357 657 436 641 468 606 c 24
 482 591 455 577 447 558 c 25
 447 411 l 25
 357 411 l 25
858 -155 m 10
 594 -155 l 17
 566 -150 542 -132 537 -107 c 9
 537 81 l 25
 627 81 l 25
 627 -39 l 17
 627 -60 647 -74 663 -75 c 9
 813 -75 l 26
 831 -75 838 -60 846 -44 c 0
 862 -11 873 10 891 45 c 25
 900 -63 l 25
 913 -83 943 -92 933 -114 c 24
 919 -144 874 -155 858 -155 c 10
366 87 m 9
 462 87 l 25
 462 87 446 34 435 0 c 16
 420 -45 393 -72 360 -99 c 0
 323 -129 289 -141 240 -156 c 24
 175 -176 139 -181 69 -189 c 1
 130 -165 167 -147 222 -108 c 24
 270 -75 297 -54 331 -7 c 24
 354 24 366 87 366 87 c 9
285 110 m 25
 744 110 l 25
 744 60 l 25
 285 60 l 25
 285 110 l 25
294 222 m 25
 720 222 l 25
 720 172 l 25
 294 172 l 25
 294 222 l 25
294 330 m 25
 723 330 l 25
 723 280 l 25
 294 280 l 25
 294 330 l 25
285 436 m 25
 681 436 l 25
 697 449 703 474 723 469 c 24
 758 459 775 438 792 406 c 24
 799 393 779 388 771 376 c 25
 771 86 l 17
 763 57 757 35 726 32 c 1
 702 34 691 58 681 86 c 9
 681 386 l 25
 285 386 l 25
 285 436 l 25
237 459 m 25
 237 459 316 443 348 408 c 24
 362 393 335 379 327 360 c 25
 327 93 l 17
 319 64 313 42 282 39 c 1
 258 41 247 65 237 93 c 9
 237 459 l 25
165 543 m 25
 678 543 l 25
 707 571 716 603 741 612 c 1
 767 608 809 555 840 522 c 1
 848 504 831 493 813 493 c 9
 165 493 l 25
 165 543 l 25
462 666 m 25
 462 800 l 25
 462 800 541 784 573 749 c 24
 587 734 560 720 552 701 c 25
 552 666 l 25
 462 666 l 25
804 643 m 25
 201 643 l 25
 201 693 l 25
 804 693 l 25
 823 707 831 738 852 729 c 24
 901 707 926 679 948 630 c 24
 956 613 922 615 906 606 c 25
 805 558 l 25
 804 643 l 25
210 732 m 1
 222 701 229 678 227 643 c 24
 225 606 222 580 198 552 c 24
 174 524 151 507 114 510 c 24
 90 512 77 538 81 561 c 24
 87 594 113 604 135 629 c 0
 167 665 186 692 210 732 c 1
EndSplineSet
EndChar
