Width: 1000
Flags: HW
TeX: 117 0
LayerCount: 2
Fore
SplineSet
57 189 m 25
 783 189 l 25
 812 217 821 249 846 258 c 1
 872 254 914 201 945 168 c 1
 953 150 936 139 918 139 c 9
 57 139 l 25
 57 189 l 25
465 -36 m 10
 465 297 l 25
 465 297 544 281 576 246 c 24
 590 231 563 217 555 198 c 17
 555 -63 l 2
 555 -87 546 -119 525 -141 c 8
 509 -161 492 -178 468 -171 c 24
 441 -164 448 -131 426 -114 c 24
 397 -91 375 -88 342 -72 c 17
 432 -72 l 2
 449 -72 465 -50 465 -36 c 10
618 378 m 25
 267 378 l 25
 267 428 l 25
 630 428 l 25
 648 437 657 460 675 452 c 24
 707 437 721 414 732 380 c 24
 736 367 716 365 705 356 c 25
 516 192 l 25
 486 222 l 25
 618 378 l 25
804 525 m 25
 189 525 l 25
 189 575 l 25
 804 575 l 25
 826 587 837 615 861 606 c 24
 901 591 917 564 936 525 c 24
 942 513 921 510 912 501 c 25
 804 396 l 25
 804 525 l 25
192 624 m 17
 213 561 217 547 207 498 c 24
 198 455 187 421 147 402 c 24
 122 390 90 413 87 441 c 24
 83 480 116 494 135 528 c 24
 157 566 170 587 192 624 c 17
741 612 m 24
 719 589 706 577 681 555 c 9
 747 786 l 25
 747 786 817 771 849 741 c 24
 859 731 836 723 828 711 c 25
 794 672 776 649 741 612 c 24
462 790 m 1
 510 769 520 763 547 733 c 24
 569 708 580 689 583 656 c 24
 585 633 581 612 561 601 c 24
 541 590 519 597 505 614 c 24
 485 639 490 663 485 695 c 0
 479 733 474 750 462 790 c 1
234 778 m 17
 281 751 295 742 321 707 c 24
 341 681 350 656 348 628 c 0
 347 610 340 595 323 590 c 24
 306 583 288 588 278 603 c 24
 258 632 263 654 254 690 c 0
 246 725 242 744 234 778 c 17
EndSplineSet
EndChar
