Width: 1000
Flags: H
TeX: 117 0
LayerCount: 2
Fore
SplineSet
447 261 m 25
 567 261 l 25
 453 102 l 25
 387 102 l 25
 447 261 l 25
240 -101 m 25
 750 -101 l 25
 750 -151 l 25
 240 -151 l 25
 240 -101 l 25
237 129 m 25
 705 129 l 25
 721 142 727 167 747 162 c 24
 782 152 799 131 816 99 c 24
 823 86 803 81 795 69 c 25
 795 -126 l 17
 787 -155 781 -177 750 -180 c 1
 726 -178 715 -154 705 -126 c 9
 705 79 l 25
 237 79 l 25
 237 129 l 25
192 162 m 25
 192 162 271 146 303 111 c 24
 317 96 290 82 282 63 c 25
 282 -132 l 17
 274 -161 268 -183 237 -186 c 1
 213 -184 202 -160 192 -132 c 9
 192 162 l 25
303 282 m 25
 699 282 l 25
 699 232 l 25
 303 232 l 25
 303 282 l 25
297 479 m 25
 636 479 l 25
 652 492 658 517 678 512 c 24
 713 502 730 481 747 449 c 24
 754 436 734 431 726 419 c 25
 726 263 l 17
 718 234 712 212 681 209 c 1
 657 211 646 235 636 263 c 9
 636 429 l 25
 297 429 l 25
 297 479 l 25
264 512 m 25
 264 512 343 496 375 461 c 24
 389 446 362 432 354 413 c 25
 354 260 l 17
 346 231 340 209 309 206 c 1
 285 208 274 232 264 260 c 9
 264 512 l 25
767 582 m 25
 195 582 l 25
 195 632 l 25
 771 632 l 25
 792 646 803 680 825 668 c 24
 866 646 879 614 891 569 c 24
 895 554 871 554 858 545 c 25
 767 473 l 25
 767 582 l 25
204 698 m 1
 217 653 224 627 225 581 c 24
 226 546 223 524 208 492 c 24
 195 464 184 446 156 432 c 24
 136 422 114 421 99 437 c 24
 81 456 82 477 89 502 c 24
 100 540 123 554 144 587 c 0
 169 626 182 651 204 698 c 1
455 602 m 25
 455 797 l 25
 455 797 534 781 566 746 c 24
 580 731 553 717 545 698 c 25
 545 602 l 25
 455 602 l 25
EndSplineSet
EndChar
