Width: 1000
Flags: HW
LayerCount: 2
Fore
SplineSet
449 39 m 9
 851 39 l 25
 851 39 874 75 899 84 c 1
 925 80 913 51 944 18 c 1
 952 0 935 -11 917 -11 c 9
 449 -11 l 25
 449 39 l 9
663 -87 m 25
 663 147 l 25
 706 127 742 131 774 96 c 24
 788 81 761 67 753 48 c 25
 753 -132 l 17
 741 -153 726 -185 696 -183 c 24
 665 -180 667 -144 645 -123 c 24
 628 -106 614 -101 595 -87 c 25
 663 -87 l 25
779 175 m 25
 576 175 l 25
 576 225 l 25
 786 225 l 25
 804 234 814 257 831 247 c 24
 863 227 874 202 882 166 c 24
 885 152 866 151 855 142 c 25
 719 58 l 1
 690 100 l 25
 779 175 l 25
171 63 m 1
 493 93 l 25
 434 66 401 51 342 24 c 24
 303 6 282 -5 243 -21 c 24
 229 -27 217 -44 207 -33 c 24
 181 -3 171 63 171 63 c 1
186 -90 m 25
 284 -90 l 25
 284 144 l 25
 327 124 363 128 395 93 c 24
 409 78 382 64 374 45 c 25
 374 -125 l 17
 376 -150 347 -186 312 -192 c 24
 287 -196 287 -160 267 -144 c 24
 237 -120 218 -111 186 -90 c 25
390 172 m 25
 204 172 l 25
 204 222 l 25
 399 222 l 25
 418 231 428 254 447 246 c 24
 477 233 492 212 498 180 c 24
 501 164 478 165 465 156 c 25
 354 97 l 25
 308 121 l 25
 390 172 l 25
255 352 m 25
 647 352 l 25
 676 380 685 412 710 421 c 1
 736 417 778 364 809 331 c 1
 817 313 800 302 782 302 c 9
 255 302 l 25
 255 352 l 25
473 222 m 25
 473 435 l 25
 516 415 552 419 584 384 c 24
 598 369 571 355 563 336 c 25
 563 219 l 17
 549 177 543 164 513 153 c 24
 493 146 485 171 468 183 c 24
 447 198 436 207 416 222 c 25
 473 222 l 25
580 464 m 25
 332 464 l 25
 332 514 l 25
 586 514 l 25
 611 525 626 555 651 543 c 24
 685 526 695 497 699 459 c 24
 700 443 674 454 660 447 c 24
 607 420 579 401 528 372 c 25
 501 411 l 25
 580 464 l 25
135 589 m 25
 765 589 l 25
 765 539 l 25
 135 539 l 25
 135 589 l 25
135 753 m 25
 714 753 l 25
 730 766 736 791 756 786 c 24
 791 776 808 755 825 723 c 24
 832 710 812 705 804 693 c 25
 804 573 l 17
 796 544 790 522 759 519 c 1
 735 521 724 545 714 573 c 9
 714 703 l 25
 135 703 l 25
 135 753 l 25
110 168 m 25
 110 780 l 25
 153 760 189 764 221 729 c 24
 235 714 208 700 200 681 c 25
 200 189 l 25
 189 138 189 106 171 57 c 24
 153 9 141 -18 108 -57 c 24
 78 -93 49 -101 12 -129 c 25
 30 -94 42 -75 57 -39 c 24
 78 13 88 42 102 96 c 24
 109 123 107 140 110 168 c 25
EndSplineSet
EndChar
