Width: 1000
Flags: H
TeX: 117 0
LayerCount: 2
Fore
SplineSet
458 56 m 1
 743 56 l 1
 743 6 l 1
 458 6 l 1
 458 56 l 1
449 260 m 25
 689 260 l 25
 705 273 711 298 731 293 c 24
 766 283 783 262 800 230 c 24
 807 217 787 212 779 200 c 25
 779 29 l 17
 771 0 765 -22 734 -25 c 1
 710 -23 699 1 689 29 c 9
 689 210 l 25
 449 210 l 25
 449 260 l 25
518 239 m 25
 518 29 l 17
 510 0 504 -22 473 -25 c 1
 449 -23 438 1 428 29 c 9
 428 239 l 25
 518 239 l 25
515 488 m 25
 544 461 573 455 590 419 c 24
 598 403 575 395 566 380 c 25
 541 340 530 316 503 278 c 24
 470 231 457 198 413 161 c 24
 372 127 338 124 290 101 c 25
 330 160 354 191 392 251 c 24
 421 297 436 323 461 371 c 24
 484 416 494 442 515 488 c 25
248 368 m 25
 743 368 l 25
 772 396 781 428 806 437 c 1
 832 433 874 380 905 347 c 1
 913 329 896 318 878 318 c 9
 248 318 l 25
 248 368 l 25
626 659 m 25
 669 639 705 643 737 608 c 24
 751 593 724 579 716 560 c 25
 716 472 l 17
 708 443 702 421 671 418 c 1
 647 420 636 444 626 472 c 9
 626 659 l 25
402 661 m 25
 445 641 481 645 513 610 c 24
 527 595 500 581 492 562 c 25
 492 467 l 17
 484 438 478 416 447 413 c 1
 423 415 412 439 402 467 c 9
 402 661 l 25
284 548 m 25
 749 548 l 25
 778 576 787 608 812 617 c 1
 838 613 880 560 911 527 c 1
 919 509 902 498 884 498 c 9
 284 498 l 25
 284 548 l 25
179 -70 m 25
 794 -70 l 25
 823 -42 832 -10 857 -1 c 1
 883 -5 925 -58 956 -91 c 1
 964 -109 947 -120 929 -120 c 9
 179 -120 l 25
 179 -70 l 25
233 683 m 25
 233 -118 l 17
 225 -147 219 -169 188 -172 c 1
 164 -170 153 -146 143 -118 c 9
 143 683 l 25
 233 683 l 25
83 716 m 25
 779 716 l 25
 808 744 817 776 842 785 c 1
 868 781 910 728 941 695 c 1
 949 677 932 666 914 666 c 9
 83 666 l 25
 83 716 l 25
EndSplineSet
EndChar
