Width: 1000
Flags: H
TeX: 117 0
LayerCount: 2
Fore
SplineSet
365 292 m 25
 422 292 l 25
 422 292 469 212 510 171 c 24
 566 115 603 89 668 45 c 24
 732 1 770 -20 840 -54 c 24
 885 -76 960 -96 960 -96 c 25
 960 -96 908 -123 877 -144 c 24
 862 -155 861 -178 843 -177 c 0
 823 -176 794 -162 768 -144 c 24
 693 -93 651 -62 585 0 c 24
 532 50 506 83 462 141 c 24
 420 197 365 292 365 292 c 25
711 292 m 9
 387 292 l 25
 387 342 l 25
 723 342 l 25
 742 354 750 380 771 372 c 24
 806 359 821 335 834 300 c 24
 839 286 812 287 807 273 c 0
 794 235 782 202 756 162 c 24
 705 85 675 41 609 -24 c 24
 551 -81 515 -113 441 -147 c 24
 376 -177 331 -183 261 -186 c 1
 311 -162 341 -147 388 -116 c 0
 432 -87 459 -66 498 -27 c 24
 551 25 578 58 624 117 c 24
 655 157 671 180 693 225 c 24
 705 249 709 268 711 292 c 9
105 558 m 25
 792 558 l 25
 821 586 830 618 855 627 c 1
 881 623 923 570 954 537 c 1
 962 519 945 508 927 508 c 9
 105 508 l 25
 105 558 l 25
378 558 m 2
 378 774 l 25
 378 774 457 758 489 723 c 24
 503 708 476 694 468 675 c 25
 468 579 l 2
 468 495 446 351 432 276 c 0
 419 207 410 164 378 99 c 24
 342 26 313 -12 258 -72 c 24
 217 -117 188 -137 136 -168 c 24
 107 -185 86 -190 54 -195 c 1
 88 -168 113 -146 144 -108 c 24
 192 -50 216 -16 255 48 c 24
 286 99 303 129 322 186 c 24
 345 253 352 293 363 363 c 24
 374 438 378 492 378 558 c 2
EndSplineSet
EndChar
