Width: 1000
Flags: H
TeX: 117 0
LayerCount: 2
Fore
SplineSet
192 -50 m 25
 744 -50 l 25
 773 -22 782 10 807 19 c 1
 833 15 875 -38 906 -71 c 1
 914 -89 897 -100 879 -100 c 9
 192 -100 l 25
 192 -50 l 25
243 649 m 25
 243 -77 l 17
 235 -106 229 -128 198 -131 c 1
 174 -129 163 -105 153 -77 c 9
 153 649 l 25
 243 649 l 25
837 141 m 9
 633 141 l 17
 605 146 581 164 576 189 c 9
 576 643 l 25
 666 643 l 25
 666 257 l 17
 666 236 686 222 702 221 c 9
 771 221 l 25
 837 357 l 25
 838 306 829 275 840 225 c 24
 844 206 874 208 873 189 c 24
 872 166 858 149 837 141 c 9
390 385 m 9
 390 643 l 25
 480 643 l 25
 480 387 l 17
 477 330 463 295 435 246 c 8
 412 205 391 185 354 157 c 24
 324 134 301 133 267 118 c 25
 297 163 322 184 345 234 c 24
 371 290 390 336 390 385 c 9
75 679 m 25
 756 679 l 25
 785 707 794 739 819 748 c 1
 845 744 887 691 918 658 c 1
 926 640 909 629 891 629 c 9
 75 629 l 25
 75 679 l 25
EndSplineSet
EndChar
