Width: 1000
Flags: HW
LayerCount: 2
Fore
SplineSet
99 501 m 25
 155.16 465.9 192.936 454.354 243 411 c 24
 307.492 355.15 343.162 320.306 390 249 c 24
 422.93 198.869 436.783 164.543 444 105 c 24
 446.899 81.083 435.901 61.0378 414 51 c 24
 397.352 43.3701 382.159 56.7623 372 72 c 24
 352.092 101.862 358.479 127.117 342 159 c 24
 304.411 231.727 281.418 272.264 234 339 c 24
 186.365 406.042 151.65 437.82 99 501 c 25
39 630 m 25
 330 630 l 25
 349.89 647.55 354.792 679.095 381 675 c 24
 409.899 670.484 417.02 642.838 426 615 c 24
 430.34 601.546 416.85 594.87 411 582 c 25
 396.96 490.74 401.029 436.589 375 348 c 24
 333.963 208.329 322.411 120.002 240 0 c 24
 183.561 -82.1836 111 -114 33 -150 c 9
 76.29 -102.03 109.058 -81.3535 144 -27 c 24
 194.082 50.9053 215.714 99.5732 249 186 c 24
 282.674 273.435 294.53 325.568 315 417 c 24
 329.713 482.717 329.64 521.31 339 588 c 25
 39 588 l 25
 39 630 l 25
528 603 m 25
 585 603 l 25
 615 438 l 25
 638.4 365.46 638.93 319.146 675 252 c 24
 716.084 175.52 753.623 141.02 810 75 c 24
 842.776 36.6172 862.366 14.9406 903 -15 c 24
 929.973 -34.874 950.58 -36.96 981 -51 c 25
 947.07 -66.21 926.284 -71.5519 894 -90 c 24
 868.604 -104.512 862.653 -140.878 834 -135 c 24
 799.808 -127.986 796.774 -94.7627 777 -66 c 24
 719.451 17.707 683.624 63.2742 636 153 c 24
 602.486 216.143 592.842 256.263 570 324 c 24
 558.847 357.074 557.19 377.07 549 411 c 25
 528 603 l 25
438 627 m 25
 795 627 l 25
 816.06 646.89 820.853 684.847 849 678 c 24
 885.609 669.095 893.805 635.648 906 600 c 24
 911.081 585.147 893.387 578.744 888 564 c 24
 848.888 456.956 834.925 393.572 792 288 c 24
 748.232 180.355 727.587 116.539 666 18 c 24
 632.676 -35.3184 608.606 -68.6299 552 -96 c 24
 495.816 -123.165 465 -114 393 -114 c 9
 439.8 -85.9199 475.658 -81.8038 513 -42 c 24
 584.285 33.9854 612.824 87.4024 666 177 c 24
 698.619 231.962 709.845 267.051 732 327 c 24
 749.716 374.938 755.742 403.386 768 453 c 17
 795 582 l 9
 438 582 l 25
 438 627 l 25
EndSplineSet
EndChar
