Width: 1000
Flags: H
TeX: 117 0
LayerCount: 2
Fore
SplineSet
528 228 m 25
 528 -135 l 17
 520 -164 514 -186 483 -189 c 1
 459 -187 448 -163 438 -135 c 9
 438 228 l 25
 528 228 l 25
90 93 m 25
 774 93 l 25
 774 93 812 153 837 162 c 1
 863 158 905 105 936 72 c 1
 944 54 927 43 909 43 c 9
 90 43 l 25
 90 93 l 25
489 663 m 17
 783 663 l 9
 783 663 806 699 831 708 c 1
 857 704 845 675 876 642 c 1
 884 624 867 613 849 613 c 9
 489 613 l 25
 489 663 l 17
258 261 m 25
 744 261 l 25
 744 210 l 25
 258 210 l 25
 258 261 l 25
261 406 m 25
 744 406 l 25
 744 356 l 25
 261 356 l 25
 261 406 l 25
243 529 m 25
 699 529 l 25
 715.38 541.87 720.891 567.435 741 562 c 24
 776.178 552.492 793.287 531.381 810 499 c 24
 816.55 486.309 797.19 480.7 789 469 c 25
 789 237 l 17
 781 208 775 186 744 183 c 1
 720 185 709 209 699 237 c 9
 699 479 l 25
 243 479 l 25
 243 529 l 25
216 559 m 25
 259.29 539.11 294.953 543.251 327 508 c 24
 340.745 492.881 314.19 478.72 306 460 c 25
 306 228 l 17
 298 199 292 177 261 174 c 1
 237 176 226 200 216 228 c 9
 216 559 l 25
450 517 m 25
 450 783 l 25
 493.29 763.11 528.953 767.251 561 732 c 24
 574.745 716.881 548.19 702.72 540 684 c 25
 540 517 l 25
 450 517 l 25
EndSplineSet
EndChar
