Width: 1000
Flags: HW
TeX: 117 0
LayerCount: 2
Fore
SplineSet
474 249 m 25
 517 229 553 233 585 198 c 24
 599 183 572 169 564 150 c 25
 564 -126 l 17
 556 -155 550 -177 519 -180 c 1
 495 -178 484 -154 474 -126 c 9
 474 249 l 25
54 150 m 25
 807 150 l 25
 836 178 845 210 870 219 c 1
 896 215 938 162 969 129 c 1
 977 111 960 100 942 100 c 9
 54 100 l 25
 54 150 l 25
645 459 m 25
 689 439 719 436 759 408 c 24
 790 386 817 371 822 333 c 24
 826 301 809 267 777 264 c 24
 744 261 740 301 717 324 c 24
 691 350 676 363 651 390 c 24
 641 401 636 408 627 420 c 25
 645 459 l 25
660 591 m 25
 703 556 744 550 771 501 c 24
 781 482 743 481 729 465 c 24
 691 420 680 387 639 345 c 24
 597 302 566 286 519 249 c 25
 548 308 567 339 594 399 c 24
 614 443 623 468 639 513 c 24
 649 543 652 561 660 591 c 25
333 456 m 25
 377 434 406 426 447 399 c 24
 475 380 499 371 510 339 c 24
 520 310 522 267 492 264 c 24
 447 259 426 294 396 327 c 16
 348 379 369 365 327 414 c 9
 333 456 l 25
345 591 m 25
 388 563 430 563 456 519 c 24
 468 499 426 498 411 480 c 24
 372 432 357 399 318 351 c 24
 293 320 278 302 246 279 c 24
 211 254 186 248 147 228 c 25
 181 275 203 299 234 348 c 24
 269 402 288 433 315 492 c 24
 332 529 333 552 345 591 c 25
480 630 m 25
 480 789 l 25
 523 769 559 773 591 738 c 24
 605 723 578 709 570 690 c 25
 570 630 l 25
 480 630 l 25
123 642 m 25
 732 642 l 25
 761 670 770 702 795 711 c 1
 821 707 863 654 894 621 c 1
 902 603 885 592 867 592 c 9
 123 592 l 25
 123 642 l 25
EndSplineSet
EndChar
