Width: 1000
Flags: H
TeX: 117 0
LayerCount: 2
Fore
SplineSet
576 600 m 25
 621 600 l 25
 621 600 633 510 645 448 c 0
 666 341 679 280 723 180 c 24
 755 108 784 73 836 14 c 24
 876 -31 957 -84 957 -84 c 25
 957 -84 924 -95 906 -108 c 24
 887 -122 887 -160 864 -153 c 0
 844 -147 815 -121 792 -93 c 24
 755 -49 737 -21 711 30 c 24
 678 94 663 132 642 201 c 24
 616 286 605 335 591 423 c 24
 580 491 576 600 576 600 c 25
807 574 m 25
 555 574 l 25
 555 624 l 25
 807 624 l 25
 826 637 834 664 855 657 c 24
 891 645 905 620 921 585 c 24
 927 573 900 558 900 558 c 25
 900 558 885 446 868 375 c 24
 853 312 843 276 819 216 c 24
 797 162 782 131 750 84 c 0
 698 7 668 -36 600 -99 c 24
 563 -134 530 -150 486 -162 c 1
 547 -84 581 -38 636 45 c 24
 674 103 695 137 723 201 c 24
 750 263 759 300 774 366 c 24
 792 446 807 574 807 574 c 25
222 -42 m 1
 459 -42 l 1
 459 -92 l 1
 222 -92 l 1
 222 -42 l 1
225 54 m 1
 462 54 l 1
 462 4 l 1
 225 4 l 1
 225 54 l 1
219 142 m 1
 471 142 l 1
 471 92 l 1
 219 92 l 1
 219 142 l 1
216 234 m 25
 402 234 l 25
 418 247 424 272 444 267 c 24
 479 257 496 236 513 204 c 24
 520 191 500 186 492 174 c 25
 492 51 l 2
 492 30 506 -54 500 -87 c 0
 492 -129 457 -141 437 -141 c 0
 417 -141 399 -134 398 -112 c 0
 397 -92 402 0 402 36 c 2
 402 184 l 25
 216 184 l 25
 216 234 l 25
189 255 m 25
 189 255 268 239 300 204 c 24
 314 189 287 175 279 156 c 25
 279 33 l 2
 279 12 288 -72 282 -105 c 0
 274 -147 239 -159 219 -159 c 0
 199 -159 181 -152 180 -130 c 0
 179 -110 189 -18 189 18 c 2
 189 255 l 25
344 380 m 17
 344 380 424 348 466 325 c 0
 509 301 537 282 567 240 c 24
 584 216 591 192 579 165 c 24
 571 146 546 143 528 153 c 24
 499 169 498 196 477 222 c 24
 456 248 444 262 421 285 c 24
 388 317 332 364 332 364 c 25
 344 380 l 17
309 423 m 25
 309 423 365 399 387 369 c 24
 394 359 372 356 363 348 c 25
 343 323 333 310 311 285 c 0
 288 259 274 245 246 225 c 24
 203 193 178 176 130 152 c 24
 101 138 84 134 51 129 c 1
 94 168 120 193 162 237 c 24
 197 274 216 296 248 336 c 24
 274 369 309 423 309 423 c 25
380 447 m 1
 435 441 465 436 513 411 c 24
 542 396 557 379 568 349 c 24
 574 333 566 318 552 308 c 24
 539 299 524 301 512 311 c 24
 483 334 479 360 453 387 c 24
 427 413 412 426 380 447 c 1
215 476 m 25
 215 476 265 445 282 414 c 24
 287 404 267 404 258 398 c 17
 243 382 228 367 206 350 c 24
 176 327 158 314 125 296 c 24
 105 286 96 282 71 278 c 1
 109 316 131 341 164 386 c 24
 188 419 215 476 215 476 c 25
330 690 m 25
 453 690 l 25
 453 690 475 721 499 730 c 1
 518 723 542 695 561 669 c 1
 569 651 553 640 535 640 c 9
 330 640 l 25
 330 690 l 25
300 585 m 25
 300 789 l 25
 300 789 379 773 411 738 c 24
 425 723 398 709 390 690 c 25
 390 585 l 25
 300 585 l 25
189 505 m 25
 402 505 l 25
 402 505 424 536 448 545 c 1
 467 538 491 510 510 484 c 1
 518 466 502 455 484 455 c 9
 189 455 l 25
 189 505 l 25
498 550 m 25
 156 550 l 25
 156 600 l 25
 500 600 l 25
 514 610 521 633 536 625 c 24
 571 607 589 586 603 549 c 24
 608 535 585 534 573 525 c 25
 498 453 l 25
 498 550 l 25
157 669 m 1
 177 633 190 609 195 567 c 24
 199 537 196 517 180 492 c 24
 166 468 150 456 123 450 c 24
 104 446 88 453 76 468 c 24
 65 482 66 497 73 513 c 24
 85 542 106 549 121 576 c 24
 139 610 144 625 157 669 c 1
EndSplineSet
EndChar
