Width: 1000
Flags: H
TeX: 117 0
LayerCount: 2
Fore
SplineSet
294 168 m 25
 546 168 l 25
 546 118 l 25
 294 118 l 25
 294 168 l 25
297 430 m 25
 519 430 l 25
 535 443 541 468 561 463 c 24
 596 453 613 432 630 400 c 24
 637 387 617 382 609 370 c 25
 609 106 l 17
 601 77 595 55 564 52 c 1
 540 54 529 78 519 106 c 9
 519 380 l 25
 297 380 l 25
 297 430 l 25
267 463 m 25
 267 463 346 447 378 412 c 24
 392 397 365 383 357 364 c 25
 357 73 l 17
 349 44 343 22 312 19 c 1
 288 21 277 45 267 73 c 9
 267 463 l 25
807 51 m 2
 807 568 l 25
 282 568 l 25
 282 618 l 25
 807 618 l 25
 823 631 829 656 849 651 c 24
 884 641 901 620 918 588 c 24
 925 575 905 570 897 558 c 25
 897 66 l 18
 897 -19 889 -44 852 -99 c 24
 825 -139 793 -162 744 -162 c 24
 710 -162 710 -121 684 -99 c 24
 658 -77 640 -70 612 -51 c 25
 732 -51 l 18
 783 -51 807 25 807 51 c 2
279 789 m 25
 279 789 364 780 402 747 c 24
 417 734 392 717 384 699 c 24
 355 635 337 599 305 537 c 24
 286 501 277 480 253 447 c 24
 223 405 206 381 168 345 c 24
 129 308 103 287 57 261 c 1
 94 321 118 362 151 429 c 24
 187 502 207 544 234 621 c 24
 257 685 279 789 279 789 c 25
EndSplineSet
EndChar
