Width: 1000
Flags: H
TeX: 117 0
LayerCount: 2
Fore
SplineSet
363 426 m 1
 648 426 l 1
 648 376 l 1
 363 376 l 1
 363 426 l 1
360 586 m 25
 594 586 l 25
 610 599 616 624 636 619 c 24
 671 609 688 588 705 556 c 24
 712 543 692 538 684 526 c 25
 684 412 l 17
 676 383 670 361 639 358 c 1
 615 360 604 384 594 412 c 9
 594 536 l 25
 360 536 l 25
 360 586 l 25
324 607 m 25
 324 607 403 591 435 556 c 24
 449 541 422 527 414 508 c 25
 414 391 l 17
 406 362 400 340 369 337 c 1
 345 339 334 363 324 391 c 9
 324 607 l 25
582 97 m 1
 786 97 l 1
 786 47 l 1
 582 47 l 1
 582 97 l 1
573 307 m 25
 723 307 l 25
 739 320 745 345 765 340 c 24
 800 330 817 309 834 277 c 24
 841 264 821 259 813 247 c 25
 813 79 l 17
 805 50 799 28 768 25 c 1
 744 27 733 51 723 79 c 9
 723 257 l 25
 573 257 l 25
 573 307 l 25
540 332 m 25
 540 332 619 316 651 281 c 24
 665 266 638 252 630 233 c 25
 630 70 l 17
 622 41 616 19 585 16 c 1
 561 18 550 42 540 70 c 9
 540 332 l 25
285 102 m 1
 444 102 l 1
 444 52 l 1
 285 52 l 1
 285 102 l 1
276 292 m 25
 420 292 l 25
 436 305 442 330 462 325 c 24
 497 315 514 294 531 262 c 24
 538 249 518 244 510 232 c 25
 510 67 l 17
 502 38 496 16 465 13 c 1
 441 15 430 39 420 67 c 9
 420 242 l 25
 276 242 l 25
 276 292 l 25
246 319 m 25
 246 319 325 303 357 268 c 24
 371 253 344 239 336 220 c 25
 336 45 l 17
 328 16 322 -6 291 -9 c 1
 267 -7 256 17 246 45 c 9
 246 319 l 25
126 -57 m 25
 783 -57 l 25
 812 -29 821 3 846 12 c 1
 872 8 914 -45 945 -78 c 1
 953 -96 936 -107 918 -107 c 9
 126 -107 l 25
 126 -57 l 25
171 693 m 25
 171 -129 l 17
 163 -158 157 -180 126 -183 c 1
 102 -181 91 -157 81 -129 c 9
 81 693 l 25
 171 693 l 25
33 717 m 25
 729 717 l 25
 758 745 767 777 792 786 c 1
 818 782 860 729 891 696 c 1
 899 678 882 667 864 667 c 9
 33 667 l 25
 33 717 l 25
EndSplineSet
EndChar
