Width: 1000
Flags: H
TeX: 117 0
LayerCount: 2
Fore
SplineSet
444 198 m 25
 483.78 186.3 509.925 188.442 546 168 c 24
 554.207 163.35 538.68 155.19 534 147 c 25
 465 -18 l 1
 435 -18 l 25
 444 198 l 25
300 216 m 25
 325.74 177.39 349.301 160.295 366 117 c 24
 381.721 76.2432 390.758 48.5801 381 6 c 24
 375.926 -16.1436 355.655 -28.6777 333 -27 c 24
 313.13 -25.5283 304.832 -7.3291 300 12 c 24
 292.333 42.668 303 61.3887 303 93 c 24
 303 140.984 301.17 168.03 300 216 c 25
189 0 m 25
 252.18 1.16992 287.815 2.07715 351 3 c 24
 448.106 4.41797 502.89 4.83008 600 6 c 25
 559.05 -13.8896 538.106 -30.3604 495 -45 c 24
 413.575 -72.6543 364.061 -76.2939 282 -102 c 24
 266.489 -106.858 256.951 -135.011 246 -123 c 24
 210.378 -83.9307 211.23 -47.9697 189 0 c 25
594 333 m 25
 638.46 294.39 673.411 281.655 708 234 c 24
 728.503 205.752 733.824 181.569 729 147 c 24
 725.911 124.861 712.34 105.77 690 105 c 24
 665.895 104.169 653.404 122.746 642 144 c 24
 626.159 173.522 632.247 195.527 624 228 c 24
 613.517 269.278 605.7 292.05 594 333 c 25
753 -39 m 25
 753 618 l 25
 796.29 598.11 831.953 602.251 864 567 c 24
 877.745 551.881 851.19 537.72 843 519 c 25
 843 -87 l 25
 814.92 -110.4 807.27 -142.466 771 -147 c 24
 745.538 -150.183 743.037 -118.03 723 -102 c 24
 690.288 -75.8301 669.93 -63.5703 636 -39 c 25
 753 -39 l 25
609 417 m 25
 867 417 l 25
 867 417 890 453 915 462 c 1
 941 458 929 429 960 396 c 1
 968 378 951 367 933 367 c 9
 609 367 l 25
 609 417 l 25
294 259 m 1
 522 259 l 1
 522 209 l 1
 294 209 l 1
 294 259 l 1
294 450 m 25
 462 450 l 25
 478.38 462.87 483.89 488.435 504 483 c 24
 539.178 473.492 556.287 452.381 573 420 c 24
 579.55 407.309 560.19 401.7 552 390 c 25
 552 237 l 17
 544 208 538 186 507 183 c 1
 483 185 472 209 462 237 c 9
 462 400 l 25
 294 400 l 25
 294 450 l 25
249 477 m 25
 292.29 457.11 327.953 461.251 360 426 c 24
 373.745 410.881 347.19 396.72 339 378 c 25
 339 243 l 17
 331 214 325 192 294 189 c 1
 270 191 259 215 249 243 c 9
 249 477 l 25
189 582 m 25
 525 582 l 25
 525 582 548 618 573 627 c 1
 599 623 587 594 618 561 c 1
 626 543 609 532 591 532 c 9
 189 532 l 25
 189 582 l 25
168 711 m 25
 756 711 l 25
 785 739 794 771 819 780 c 1
 845 776 887 723 918 690 c 1
 926 672 909 661 891 661 c 9
 168 661 l 25
 168 711 l 25
135 168 m 25
 135 747 l 25
 178.29 727.11 213.953 731.251 246 696 c 24
 259.745 680.881 233.19 666.72 225 648 c 25
 225 159 l 25
 209.79 119.22 208.23 93.3269 186 57 c 24
 159.57 13.8096 140.68 -9.3223 102 -42 c 24
 71.6123 -67.6719 47.0996 -71.2803 12 -90 c 25
 44.7598 -39.6904 70.1641 -15.1924 96 39 c 24
 118.618 86.4434 119.79 117.69 135 168 c 25
EndSplineSet
EndChar
