Width: 1000
Flags: H
TeX: 117 0
LayerCount: 2
Fore
SplineSet
780 612 m 25
 819.78 593.28 851.661 595.819 882 564 c 24
 904.521 540.381 910.915 514.66 903 483 c 24
 896.927 458.709 876.906 446.577 852 444 c 24
 833.821 442.119 823.945 457.542 816 474 c 24
 806.282 494.13 815.642 509.371 810 531 c 24
 801.497 563.596 791.7 580.41 780 612 c 25
273 110 m 1
 516 110 l 1
 516 60 l 1
 273 60 l 1
 273 110 l 1
276 221 m 1
 519 221 l 1
 519 171 l 1
 276 171 l 1
 276 221 l 1
462 -48 m 25
 462 280 l 25
 276 280 l 25
 276 330 l 25
 462 330 l 25
 478.38 342.87 483.89 368.435 504 363 c 24
 539.178 353.492 556.287 332.381 573 300 c 24
 579.55 287.309 560.19 281.7 552 270 c 25
 552 -114 l 25
 528.6 -129.21 519.529 -157.588 492 -153 c 24
 463.333 -148.223 463.611 -117.449 444 -96 c 24
 426.136 -76.4609 414.72 -66.7197 396 -48 c 25
 462 -48 l 25
249 360 m 25
 292.29 340.11 327.953 344.251 360 309 c 24
 373.745 293.881 347.19 279.72 339 261 c 25
 339 -99 l 17
 331 -128 325 -150 294 -153 c 1
 270 -151 259 -127 249 -99 c 9
 249 360 l 25
720 303 m 25
 756.27 231.63 773.719 189.758 813 120 c 24
 841.664 69.0977 857.847 39.8867 894 -6 c 24
 919.094 -37.8496 939.75 -49.9199 969 -78 c 25
 950.28 -94.3799 938.944 -102.773 921 -120 c 24
 909.645 -130.901 909.366 -153.415 894 -150 c 24
 866.494 -143.888 856.249 -125.02 840 -102 c 24
 799.494 -44.6172 777.736 -10.5303 750 54 c 24
 720.04 123.704 715.23 167.46 693 240 c 25
 720 303 l 25
672 336 m 25
 672 669 l 25
 715.29 649.11 750.953 653.251 783 618 c 24
 796.745 602.881 770.19 588.72 762 570 c 25
 762 210 l 25
 749.13 156.18 751.286 122.651 729 72 c 24
 699.18 4.22656 668.61 -26.8203 630 -90 c 17
 598.074 -127.439 565.902 -135.839 525 -150 c 9
 550.74 -110.22 569.379 -90.1611 591 -48 c 24
 616.381 1.49316 626.527 31.536 645 84 c 24
 655.839 114.782 662.523 132.552 666 165 c 24
 673.109 231.352 669.66 269.31 672 336 c 25
555 402 m 25
 867 402 l 25
 867 402 890 438 915 447 c 1
 941 443 929 414 960 381 c 1
 968 363 951 352 933 352 c 9
 555 352 l 25
 555 402 l 25
300 443 m 1
 516 443 l 1
 516 393 l 1
 300 393 l 1
 300 443 l 1
315 612 m 25
 462 612 l 25
 478.38 624.87 483.89 650.435 504 645 c 24
 539.178 635.492 556.287 614.381 573 582 c 24
 579.55 569.309 560.19 563.7 552 552 c 25
 552 429 l 17
 544 400 538 378 507 375 c 1
 483 377 472 401 462 429 c 9
 462 562 l 25
 315 562 l 25
 315 612 l 25
267 645 m 25
 310.29 625.11 345.953 629.251 378 594 c 24
 391.745 578.881 365.19 564.72 357 546 c 25
 357 426 l 17
 349 397 343 375 312 372 c 1
 288 374 277 398 267 426 c 9
 267 645 l 25
159 729 m 25
 801 729 l 25
 830 757 839 789 864 798 c 1
 890 794 932 741 963 708 c 1
 971 690 954 679 936 679 c 9
 159 679 l 25
 159 729 l 25
129 204 m 25
 129 762 l 25
 172.29 742.11 207.953 746.251 240 711 c 24
 253.745 695.881 227.19 681.72 219 663 c 25
 219 237 l 17
 204 165 211.344 139.636 192 81 c 24
 173.476 24.8486 160.853 -8.57601 123 -54 c 24
 88.6924 -95.1699 55.29 -103.41 12 -135 c 25
 41.25 -82.3496 62.859 -55.1795 87 0 c 24
 104.07 39.0176 108.412 63.2862 117 105 c 24
 124.843 143.094 124.32 165.39 129 204 c 25
EndSplineSet
EndChar
