Width: 1000
Flags: HW
TeX: 117 0
LayerCount: 2
Fore
SplineSet
705 75 m 25
 731 38 760 23 771 -21 c 24
 775 -36 747 -28 732 -33 c 24
 660 -57 621 -73 549 -96 c 24
 497 -113 467 -122 414 -135 c 24
 328 -155 279 -166 192 -180 c 24
 147 -187 121 -185 75 -189 c 25
 146 -164 187 -151 258 -126 c 24
 331 -101 373 -89 444 -60 c 24
 512 -33 550 -16 615 18 c 24
 652 37 670 53 705 75 c 25
609 183 m 25
 634 155 663 148 673 112 c 24
 678 96 649 101 634 94 c 24
 581 70 552 56 499 34 c 24
 445 12 414 -3 358 -20 c 24
 310 -35 282 -40 232 -47 c 24
 162 -57 122 -58 52 -65 c 25
 128 -40 172 -29 247 -2 c 24
 311 21 347 34 408 63 c 24
 472 93 506 114 567 150 c 24
 585 161 593 170 609 183 c 25
495 288 m 25
 525 261 555 256 573 219 c 24
 580 205 551 208 537 201 c 24
 495 178 472 163 429 141 c 24
 390 121 368 109 327 93 c 24
 279 74 252 61 201 51 c 24
 150 41 120 46 69 42 c 25
 142 70 186 79 255 114 c 24
 327 150 364 178 429 225 c 24
 458 246 469 263 495 288 c 25
510 372 m 25
 585 372 l 25
 612 343 624 323 654 297 c 24
 688 268 708 253 747 231 c 24
 794 204 821 188 873 171 c 24
 921 155 950 156 1000 147 c 25
 961 132 933 134 900 108 c 24
 880 92 898 52 873 48 c 24
 837 42 819 69 789 90 c 24
 749 118 729 138 693 171 c 24
 642 217 613 243 567 294 c 24
 542 322 532 342 510 372 c 25
456 522 m 25
 499 503 530 503 567 474 c 24
 577 466 554 460 546 450 c 24
 511 408 493 383 456 342 c 24
 414 295 392 267 345 225 c 24
 300 186 276 161 222 135 c 17
 152 100 111 87 30 75 c 9
 100 118 145 135 210 186 c 24
 271 234 300 269 351 327 c 24
 378 358 391 378 411 414 c 24
 433 454 438 480 456 522 c 25
30 399 m 25
 798 399 l 25
 827 427 836 459 861 468 c 1
 887 464 929 411 960 378 c 1
 968 360 951 349 933 349 c 9
 30 349 l 25
 30 399 l 25
612 660 m 25
 659 642 687 636 732 615 c 24
 771 597 810 600 828 561 c 24
 840 535 810 516 786 501 c 24
 761 485 740 478 711 486 c 24
 695 490 701 510 696 525 c 24
 687 551 689 568 675 591 c 24
 656 622 637 633 612 660 c 25
153 588 m 25
 200 577 225 568 273 561 c 24
 302 557 319 559 348 561 c 24
 486 573 564 583 702 597 c 25
 720 555 l 25
 657 544 621 539 558 528 c 24
 475 513 428 505 345 489 c 24
 303 481 280 472 237 465 c 24
 222 463 207 452 198 465 c 24
 169 507 171 540 153 588 c 25
456 789 m 25
 504 767 545 772 579 732 c 24
 593 715 553 709 537 693 c 24
 504 660 486 640 453 606 c 24
 426 579 411 564 384 537 c 25
 333 537 l 25
 352 567 365 580 381 612 c 24
 400 650 406 674 423 714 c 24
 435 743 443 760 456 789 c 25
EndSplineSet
EndChar
