Width: 1000
Flags: H
TeX: 117 0
LayerCount: 2
Fore
SplineSet
690 213 m 25
 690 457 l 25
 393 457 l 25
 393 507 l 25
 690 507 l 25
 706 520 712 545 732 540 c 24
 767 530 784 509 801 477 c 24
 808 464 788 459 780 447 c 25
 780 174 l 25
 760 152 759 121 729 117 c 24
 705 114 705 147 687 162 c 24
 661 184 643 193 615 213 c 25
 690 213 l 25
378 -78 m 9
 378 532 l 25
 421 512 457 516 489 481 c 24
 503 466 476 452 468 433 c 25
 468 3 l 17
 465 -21 467 -26 492 -36 c 9
 834 -36 l 25
 842 -22 848 -15 855 0 c 24
 872 38 879 60 894 99 c 25
 899 48 891 16 906 -33 c 24
 913 -55 943 -52 948 -75 c 24
 952 -91 933 -97 924 -111 c 25
 432 -111 l 17
 407 -111 378 -105 378 -78 c 9
201 701 m 25
 807 701 l 25
 836 729 845 761 870 770 c 1
 896 766 938 713 969 680 c 1
 977 662 960 651 942 651 c 9
 201 651 l 25
 201 701 l 25
174 210 m 25
 174 735 l 25
 217 715 253 719 285 684 c 24
 299 669 272 655 264 636 c 25
 264 213 l 25
 250 151 254 112 228 54 c 24
 202 -5 176 -34 132 -81 c 24
 108 -106 86 -110 57 -129 c 25
 79 -85 95 -61 114 -15 c 24
 134 33 146 61 159 111 c 24
 169 149 168 171 174 210 c 25
EndSplineSet
EndChar
