Width: 1000
Flags: H
TeX: 117 0
LayerCount: 2
Fore
SplineSet
500 570 m 25
 558 570 l 25
 558 570 571 466 591 402 c 24
 615 326 631 282 672 213 c 24
 717 139 749 100 810 39 c 24
 858 -9 896 -25 951 -66 c 25
 923 -81 905 -87 879 -105 c 24
 866 -114 865 -144 852 -135 c 24
 785 -90 753 -53 705 12 c 24
 654 80 635 126 600 204 c 24
 565 282 551 329 528 411 c 24
 511 472 500 570 500 570 c 25
798 556 m 25
 471 556 l 25
 471 606 l 25
 807 606 l 25
 820 619 823 645 840 639 c 24
 878 625 898 604 915 567 c 24
 922 553 885 540 885 540 c 1
 885 540 854 404 822 321 c 24
 790 239 770 192 720 120 c 24
 665 40 634 -4 555 -66 c 0
 525 -90 475 -114 441 -123 c 1
 470 -90 503 -58 537 -12 c 24
 584 53 610 91 648 162 c 24
 692 244 714 291 747 378 c 24
 773 445 778 487 798 556 c 25
96 -45 m 24
 83 -49 72 -71 63 -60 c 24
 33 -25 15 48 15 48 c 25
 423 99 l 25
 417 54 l 25
 292 15 221 -5 96 -45 c 24
189 308 m 25
 402 308 l 25
 402 258 l 25
 189 258 l 25
 189 308 l 25
193 497 m 25
 402 497 l 25
 402 447 l 25
 193 447 l 25
 193 497 l 25
441 696 m 25
 441 -93 l 17
 433 -122 427 -144 396 -147 c 1
 372 -145 361 -121 351 -93 c 9
 351 696 l 25
 441 696 l 25
135 693 m 25
 225 693 l 25
 225 39 l 25
 135 39 l 25
 135 693 l 25
30 720 m 25
 411 720 l 25
 440 748 449 780 474 789 c 1
 500 785 542 732 573 699 c 1
 581 681 564 670 546 670 c 9
 30 670 l 25
 30 720 l 25
EndSplineSet
EndChar
