Width: 1000
Flags: HW
LayerCount: 2
Fore
SplineSet
702 793 m 25
 702 793 762 771 792 745 c 24
 799 739 781 736 775 729 c 24
 730 680 708 650 661 603 c 24
 648 590 644 587 623 577 c 9
 702 793 l 25
446 796 m 17
 488 780 515 767 542 730 c 24
 567 696 576 668 570 626 c 24
 567 605 543 593 522 599 c 24
 500 606 495 626 491 650 c 0
 486 677 479 697 470 727 c 24
 462 754 455 769 446 796 c 17
249 795 m 1
 291 784 311 776 339 747 c 24
 368 717 380 692 387 651 c 24
 391 629 384 607 363 600 c 24
 343 593 327 608 315 626 c 24
 295 656 295 678 286 713 c 0
 277 747 267 765 249 795 c 1
468 555 m 25
 558 555 l 25
 558 -104 l 17
 550 -133 544 -155 513 -158 c 1
 489 -156 478 -132 468 -104 c 9
 468 555 l 25
60 89 m 25
 798 89 l 25
 827 117 836 149 861 158 c 1
 887 154 929 101 960 68 c 1
 968 50 951 39 933 39 c 9
 60 39 l 25
 60 89 l 25
258 251 m 1
 774 251 l 1
 774 201 l 1
 258 201 l 1
 258 251 l 1
258 409 m 1
 753 409 l 1
 753 359 l 1
 258 359 l 1
 258 409 l 1
258 571 m 25
 711 571 l 25
 727 584 733 610 753 604 c 24
 788 595 805 573 822 541 c 24
 829 528 809 523 801 511 c 25
 801 222 l 17
 793 193 787 171 756 168 c 1
 732 170 721 194 711 222 c 9
 711 521 l 25
 258 521 l 25
 258 571 l 25
222 600 m 25
 222 600 301 584 333 549 c 24
 347 534 320 520 312 501 c 25
 312 218 l 17
 304 189 298 167 267 164 c 1
 243 166 232 190 222 218 c 9
 222 600 l 25
EndSplineSet
EndChar
