Width: 1000
Flags: H
TeX: 117 0
LayerCount: 2
Fore
SplineSet
573 207 m 1
 738 207 l 1
 738 157 l 1
 573 157 l 1
 573 207 l 1
567 390 m 25
 684 390 l 25
 700 403 706 428 726 423 c 24
 761 413 778 392 795 360 c 24
 802 347 782 342 774 330 c 25
 774 183 l 17
 766 154 760 132 729 129 c 1
 705 131 694 155 684 183 c 9
 684 340 l 25
 567 340 l 25
 567 390 l 25
912 -129 m 25
 576 -129 l 17
 548 -124 524 -106 519 -81 c 9
 519 417 l 25
 519 417 598 401 630 366 c 24
 644 351 617 337 609 318 c 25
 609 -13 l 17
 609 -34 629 -48 645 -49 c 9
 840 -49 l 25
 862 -27 878 -14 897 15 c 24
 917 45 923 64 939 96 c 25
 939 36 924 3 924 -57 c 24
 924 -70 944 -72 942 -84 c 24
 939 -105 924 -111 912 -129 c 25
828 144 m 18
 841 144 843 149 843 198 c 2
 843 526 l 9
 576 526 l 25
 576 576 l 25
 843 576 l 25
 859 589 865 614 885 609 c 24
 920 599 937 578 954 546 c 24
 961 533 941 528 933 516 c 25
 933 186 l 26
 933 145 922 120 897 87 c 24
 879 64 859 49 831 54 c 24
 811 57 824 87 810 102 c 24
 790 124 772 128 747 144 c 25
 828 144 l 18
582 753 m 25
 582 753 645 735 678 711 c 24
 685 706 673 698 669 690 c 25
 653 651 646 628 627 591 c 24
 606 550 597 524 567 489 c 24
 534 451 510 435 468 408 c 1
 498 467 510 496 531 555 c 24
 544 589 546 610 555 645 c 24
 566 687 582 753 582 753 c 25
342 18 m 10
 342 136 l 25
 198 136 l 25
 198 186 l 25
 342 186 l 25
 358 199 364 224 384 219 c 24
 419 209 436 188 453 156 c 24
 460 143 440 138 432 126 c 25
 432 0 l 26
 432 -52 407 -81 372 -120 c 24
 346 -149 321 -164 282 -165 c 24
 263 -165 269 -136 255 -123 c 24
 230 -99 211 -92 183 -72 c 25
 255 -72 l 18
 312 -72 342 -42 342 18 c 10
195 297 m 25
 288 297 l 25
 208 87 229 116 207 87 c 24
 191 67 171 56 147 63 c 24
 130 68 131 90 135 108 c 24
 156 195 195 297 195 297 c 25
87 315 m 25
 378 315 l 25
 378 315 400 346 424 355 c 1
 443 348 467 320 486 294 c 1
 494 276 478 265 460 265 c 9
 87 265 l 25
 87 315 l 25
294 609 m 25
 369 606 l 25
 513 462 l 25
 497 451 487 446 471 435 c 24
 462 429 458 412 448 418 c 24
 416 436 406 457 383 486 c 24
 346 532 329 561 294 609 c 25
180 459 m 25
 315 459 l 25
 315 459 337 490 361 499 c 1
 380 492 404 464 423 438 c 1
 431 420 415 409 397 409 c 9
 180 409 l 25
 180 459 l 25
204 769 m 25
 204 769 269 753 305 731 c 24
 311 727 297 722 292 717 c 25
 278 677 271 655 256 616 c 24
 231 554 221 516 188 458 c 24
 157 403 138 372 94 327 c 24
 65 298 46 288 4 272 c 1
 47 339 68 374 100 444 c 24
 133 517 146 560 170 636 c 24
 187 687 204 769 204 769 c 25
36 642 m 25
 423 642 l 25
 423 642 445 673 469 682 c 1
 488 675 512 647 531 621 c 1
 539 603 523 592 505 592 c 9
 36 592 l 25
 36 642 l 25
EndSplineSet
EndChar
