Width: 1000
Flags: H
TeX: 117 0
LayerCount: 2
Fore
SplineSet
624 450 m 9
 624 649 l 25
 438 649 l 25
 438 699 l 25
 624 699 l 25
 640.38 711.87 645.891 737.435 666 732 c 24
 701.178 722.492 718.287 701.381 735 669 c 24
 741.55 656.309 722.19 650.7 714 639 c 25
 714 453 l 17
 720 384 726.516 348.553 747 285 c 24
 772.402 206.187 789.123 161.437 831 90 c 24
 849.832 57.875 868.583 43.9925 900 24 c 24
 934.094 2.30371 958.56 0.209961 996 -15 c 25
 962.07 -31.3799 942.046 -38.9034 909 -57 c 24
 892.774 -65.8857 887.321 -90.4954 870 -84 c 24
 830.425 -69.1592 812.62 -47.0496 789 -12 c 24
 738.994 62.2031 714.096 107.732 684 192 c 24
 649.255 289.287 633 369 624 450 c 9
444 348 m 9
 444 510 l 25
 487.29 490.11 522.953 494.251 555 459 c 24
 568.745 443.881 542.19 429.72 534 411 c 25
 534 279 l 17
 525 228 499.913 180.108 471 120 c 24
 455.245 87.2471 443.324 69.8746 420 42 c 24
 395.042 12.1719 379.501 -4.18912 348 -27 c 24
 311.091 -53.7275 287.643 -65.4922 246 -84 c 24
 213.535 -98.4287 192.93 -100.47 159 -111 c 25
 205.8 -67.71 236.386 -47.4159 279 0 c 24
 319.826 45.4258 338.791 74.7423 372 126 c 24
 392.771 158.06 405.215 176.663 417 213 c 24
 433.564 264.073 444 285 444 348 c 9
81 240 m 25
 288 240 l 25
 288 195 l 25
 87 195 l 25
 81 240 l 25
72 615 m 25
 225 615 l 25
 241 628 247 653 267 648 c 24
 302 638 319 617 336 585 c 24
 343 572 323 567 315 555 c 25
 315 213 l 17
 307 184 301 162 270 159 c 1
 246 161 235 185 225 213 c 9
 225 565 l 25
 72 565 l 25
 72 615 l 25
51 648 m 25
 94.29 628.11 129.953 632.251 162 597 c 24
 175.745 581.881 149.19 567.72 141 549 c 25
 141 171 l 17
 133 142 127 120 96 117 c 1
 72 119 61 143 51 171 c 9
 51 648 l 25
EndSplineSet
EndChar
