Width: 1000
Flags: H
TeX: 117 0
LayerCount: 2
Fore
SplineSet
441 38 m 1
 750 38 l 1
 750 -12 l 1
 441 -12 l 1
 441 38 l 1
696 189 m 25
 739 169 775 173 807 138 c 24
 821 123 794 109 786 90 c 25
 786 -15 l 17
 778 -44 772 -66 741 -69 c 1
 717 -67 706 -43 696 -15 c 9
 696 189 l 25
420 189 m 25
 463 169 499 173 531 138 c 24
 545 123 518 109 510 90 c 25
 510 -30 l 17
 502 -59 496 -81 465 -84 c 1
 441 -82 430 -58 420 -30 c 9
 420 189 l 25
555 402 m 1
 645 402 l 1
 645 -3 l 1
 555 -3 l 1
 555 402 l 1
384 252 m 25
 729 252 l 25
 729 252 752 288 777 297 c 1
 803 293 791 264 822 231 c 1
 830 213 813 202 795 202 c 9
 384 202 l 25
 384 252 l 25
489 420 m 25
 708 420 l 25
 708 420 731 456 756 465 c 1
 782 461 770 432 801 399 c 1
 809 381 792 370 774 370 c 9
 489 370 l 25
 489 420 l 25
501 556 m 25
 540 541 571 547 600 517 c 24
 612 504 584 495 573 481 c 25
 558 448 552 429 534 397 c 24
 513 359 505 335 474 304 c 24
 455 285 436 286 411 274 c 25
 433 338 447 374 468 439 c 24
 482 484 488 510 501 556 c 25
849 57 m 1
 849 538 l 25
 485 538 l 25
 485 588 l 25
 849 588 l 25
 865.38 600.87 870.891 626.435 891 621 c 24
 926.178 611.492 943.287 590.381 960 558 c 24
 966.55 545.309 947.19 539.7 939 528 c 25
 939 60 l 1
 930 -18 926.265 -51.7754 894 -114 c 24
 874.897 -150.84 853.31 -173.146 813 -183 c 24
 788.413 -189.01 778.3 -163.376 759 -147 c 24
 739.434 -130.398 731.55 -117.72 714 -99 c 25
 780 -99 l 25
 798.72 -81.4502 822.876 -79.1436 828 -54 c 16
 835.439 -17.4945 848.037 13.1972 849 57 c 1
513 786 m 25
 554 771 588 778 618 747 c 24
 632 733 603 720 594 702 c 25
 572 662 561 639 537 600 c 24
 507 550 492 520 456 474 c 24
 431 442 414 425 381 402 c 24
 357 385 339 384 312 372 c 25
 348 428 374 457 405 516 c 24
 441 586 454 629 483 702 c 24
 496 734 501 753 513 786 c 25
48 237 m 25
 114 258 150 270 216 291 c 24
 282 312 318 324 384 345 c 25
 348 310 329 288 291 255 c 24
 238 209 207 183 150 141 c 24
 135 130 121 107 108 120 c 24
 71 155 71 191 48 237 c 25
51 579 m 25
 315 579 l 25
 315 579 338 615 363 624 c 1
 389 620 377 591 408 558 c 1
 416 540 399 529 381 529 c 9
 51 529 l 25
 51 579 l 25
210 -81 m 25
 210 792 l 25
 253.29 772.11 288.953 776.251 321 741 c 24
 334.745 725.881 308.19 711.72 300 693 c 25
 300 -105 l 17
 291 -144 274.06 -177.554 234 -189 c 24
 205.187 -197.232 195.754 -161.609 174 -141 c 24
 151.146 -119.349 141.06 -104.4 120 -81 c 25
 210 -81 l 25
EndSplineSet
EndChar
