Width: 1000
Flags: H
TeX: 117 0
LayerCount: 2
Fore
SplineSet
648 324 m 25
 648 -123 l 17
 640 -152 634 -174 603 -177 c 1
 579 -175 568 -151 558 -123 c 9
 558 324 l 25
 648 324 l 25
741 -21 m 25
 741 169 l 25
 414 169 l 25
 414 219 l 25
 741 219 l 25
 757.38 231.87 762.891 257.435 783 252 c 24
 818.178 242.492 835.287 221.381 852 189 c 24
 858.55 176.309 839.19 170.7 831 159 c 25
 831 -69 l 25
 811.11 -84.21 805.021 -108.927 780 -108 c 24
 759.885 -107.255 765.12 -79.2877 750 -66 c 24
 725.867 -44.792 707.91 -38.5498 681 -21 c 25
 741 -21 l 25
387 249 m 25
 430.29 229.11 465.953 233.251 498 198 c 24
 511.745 182.881 485.19 168.72 477 150 c 25
 477 -60 l 17
 469 -89 463 -111 432 -114 c 1
 408 -112 397 -88 387 -60 c 9
 387 249 l 25
816 298 m 25
 375 298 l 25
 375 348 l 25
 822 348 l 25
 839.55 362.04 846.207 392.53 867 384 c 24
 906.919 367.623 922.003 339.659 939 300 c 24
 944.255 287.738 922.53 287.19 912 279 c 25
 801 216 l 25
 816 298 l 25
393 384 m 25
 394.17 352.41 400.217 334.329 396 303 c 24
 391.902 272.563 389.56 253.195 372 228 c 24
 360.627 211.683 346.769 201.803 327 204 c 24
 308.07 206.104 288.837 218.077 291 237 c 24
 294.832 270.529 319.761 281.273 339 309 c 24
 359.547 338.612 371.94 354.75 393 384 c 25
402 476 m 25
 774 476 l 25
 774 426 l 25
 402 426 l 25
 402 476 l 25
411 590 m 25
 793 590 l 25
 793 540 l 9
 411 540 l 25
 411 590 l 25
414 717 m 25
 726 717 l 25
 742 730 748 755 768 750 c 24
 803 740 820 719 837 687 c 24
 844 674 824 669 816 657 c 25
 816 456 l 17
 808 427 802 405 771 402 c 1
 747 404 736 428 726 456 c 9
 726 667 l 25
 414 667 l 25
 414 717 l 25
96 192 m 24
 58.6279 210.152 39 282 39 282 c 1
 39 282 164.261 349.873 246 390 c 24
 293.028 413.087 321.03 422.94 369 444 c 25
 325.71 399.54 303.065 372.661 258 330 c 24
 215.237 289.519 188.826 269.185 144 231 c 24
 125.639 215.359 117.696 181.462 96 192 c 24
51 585 m 25
 294 585 l 25
 294 585 317 621 342 630 c 1
 368 626 356 597 387 564 c 1
 395 546 378 535 360 535 c 9
 51 535 l 25
 51 585 l 25
180 -48 m 25
 180 795 l 25
 223.29 775.11 258.953 779.251 291 744 c 24
 304.745 728.881 278.19 714.72 270 696 c 25
 270 -78 l 25
 244.26 -106.08 241.626 -144.059 204 -150 c 24
 176.168 -154.395 176.748 -115.066 156 -96 c 24
 133.256 -75.0996 117.57 -66.7197 93 -48 c 25
 180 -48 l 25
EndSplineSet
EndChar
