Width: 1000
Flags: H
TeX: 117 0
LayerCount: 2
Fore
SplineSet
393 71 m 25
 744 71 l 25
 744 71 767 107 792 116 c 1
 818 112 806 83 837 50 c 1
 845 32 828 21 810 21 c 9
 393 21 l 25
 393 71 l 25
462 193 m 25
 669 193 l 25
 669 193 692 229 717 238 c 1
 743 234 731 205 762 172 c 1
 770 154 753 143 735 143 c 9
 462 143 l 25
 462 193 l 25
546 312 m 25
 589.29 292.11 624.953 296.251 657 261 c 24
 670.745 245.881 644.19 231.72 636 213 c 25
 636 -111 l 17
 628 -140 622 -162 591 -165 c 1
 567 -163 556 -139 546 -111 c 9
 546 312 l 25
621 483 m 25
 672 483 l 25
 725.82 407.73 750.192 360.606 810 290 c 24
 835.116 260.349 854.136 247.061 888 228 c 24
 926.31 206.438 952.05 202.99 993 187 c 25
 960.24 171.01 938.13 167.917 909 146 c 24
 895.47 135.82 904.702 105.217 888 108 c 24
 852.447 113.926 838.656 136.686 813 162 c 24
 779.615 194.939 764.908 217.588 738 256 c 24
 710.983 294.567 696.573 317.145 675 359 c 24
 650.834 405.886 642.06 434.64 621 483 c 25
393 378 m 25
 813 378 l 25
 813 378 836 414 861 423 c 1
 887 419 875 390 906 357 c 1
 914 339 897 328 879 328 c 9
 393 328 l 25
 393 378 l 25
405 507 m 25
 738 507 l 25
 738 507 761 543 786 552 c 1
 812 548 800 519 831 486 c 1
 839 468 822 457 804 457 c 9
 405 457 l 25
 405 507 l 25
522 472 m 25
 522 770 l 25
 565.29 750.11 600.953 754.251 633 719 c 24
 646.745 703.881 620.19 689.72 612 671 c 25
 612 507 l 25
 604.98 472.68 607.483 451.332 594 419 c 24
 570.817 363.411 554.945 332.327 519 284 c 24
 484.106 237.088 459.139 214.159 414 177 c 24
 381.313 150.091 357.27 142.84 321 121 c 25
 357.27 172.48 379.478 200.332 414 253 c 24
 440.363 293.221 455.73 315.869 477 359 c 24
 497.98 401.544 504.45 427.93 522 472 c 25
399 635 m 25
 771 635 l 25
 771 635 794 671 819 680 c 1
 845 676 833 647 864 614 c 1
 872 596 855 585 837 585 c 9
 399 585 l 25
 399 635 l 25
72 167 m 24
 45 203 52 236 39 280 c 25
 122 305 169 318 252 346 c 24
 317 367 353 382 417 405 c 25
 371 370 346 349 300 314 c 24
 264 288 244 273 207 248 c 24
 169 223 147 209 108 186 c 24
 94 178 82 154 72 167 c 24
192 -56 m 25
 192 756 l 25
 235 736 271 740 303 705 c 24
 317 690 290 676 282 657 c 25
 282 -96 l 17
 270 -131 248 -162 210 -165 c 24
 185 -168 198 -125 180 -106 c 24
 156 -80 136 -75 108 -56 c 25
 192 -56 l 25
39 562 m 25
 303 562 l 25
 303 562 326 598 351 607 c 1
 377 603 365 574 396 541 c 1
 404 523 387 512 369 512 c 9
 39 512 l 25
 39 562 l 25
EndSplineSet
EndChar
