Width: 1000
Flags: H
TeX: 117 0
LayerCount: 2
Fore
SplineSet
210 201 m 25
 627 201 l 25
 627 201 650 237 675 246 c 1
 701 242 689 213 720 180 c 1
 728 162 711 151 693 151 c 9
 210 151 l 25
 210 201 l 25
78 84 m 25
 684 84 l 25
 713 112 722 144 747 153 c 1
 773 149 815 96 846 63 c 1
 854 45 837 34 819 34 c 9
 78 34 l 25
 78 84 l 25
429 -84 m 25
 429 330 l 25
 519 330 l 25
 519 -123 l 17
 510 -150 497 -180 465 -186 c 24
 439 -191 432 -160 411 -144 c 24
 381 -121 363 -107 333 -84 c 25
 429 -84 l 25
675 309 m 24
 677 295 653 304 639 303 c 24
 462 295 363 294 186 288 c 25
 243 303 275 312 333 327 c 24
 401 344 439 352 507 369 c 24
 554 381 627 402 627 402 c 1
 627 402 670 350 675 309 c 24
558 519 m 25
 639 519 l 25
 665 486 674 463 705 435 c 24
 757 387 788 360 849 324 c 24
 904 292 941 286 1000 261 c 25
 970 249 950 249 924 231 c 24
 905 218 911 178 888 183 c 24
 835 194 815 226 774 261 c 24
 730 298 709 322 672 366 c 24
 624 423 602 459 558 519 c 25
360 525 m 25
 486 525 l 25
 458 496 443 478 414 450 c 24
 378 415 359 392 318 363 c 24
 249 314 208 287 132 249 c 24
 89 228 61 227 15 213 c 25
 68 253 99 273 150 315 c 24
 203 359 233 386 282 435 c 24
 315 468 330 490 360 525 c 25
51 558 m 25
 813 558 l 25
 813 558 851 618 876 627 c 1
 902 623 944 570 975 537 c 1
 983 519 966 508 948 508 c 9
 51 508 l 25
 51 558 l 25
729 768 m 25
 764 739 794 731 819 693 c 24
 826 682 804 678 795 669 c 25
 765 647 749 632 717 612 c 24
 688 594 669 588 639 573 c 25
 659 615 670 639 690 681 c 24
 706 715 714 734 729 768 c 25
405 759 m 25
 445 738 473 735 507 705 c 24
 531 684 547 665 549 633 c 24
 550 608 537 588 513 579 c 24
 493 572 478 587 465 603 c 24
 446 628 446 649 435 678 c 24
 423 709 417 727 405 759 c 25
213 651 m 24
 196 688 187 710 171 747 c 25
 204 735 226 736 255 717 c 24
 284 698 302 683 315 651 c 24
 325 625 330 598 309 579 c 24
 290 562 264 569 243 585 c 24
 220 602 224 625 213 651 c 24
EndSplineSet
EndChar
