Width: 1000
Flags: H
TeX: 117 0
LayerCount: 2
Fore
SplineSet
452 -49 m 25
 806 -49 l 25
 806 -99 l 25
 452 -99 l 25
 452 -49 l 25
452 121 m 25
 800 121 l 25
 800 71 l 25
 452 71 l 25
 452 121 l 25
452 274 m 25
 749 274 l 25
 765.38 286.87 770.891 312.435 791 307 c 24
 826.178 297.492 843.287 276.381 860 244 c 24
 866.55 231.309 847.19 225.7 839 214 c 25
 839 -95 l 17
 831 -124 825 -146 794 -149 c 1
 770 -147 759 -123 749 -95 c 9
 749 224 l 25
 452 224 l 25
 452 274 l 25
410 298 m 25
 453 278 489 282 521 247 c 24
 535 232 508 218 500 199 c 25
 500 -104 l 17
 492 -133 486 -155 455 -158 c 1
 431 -156 420 -132 410 -104 c 9
 410 298 l 25
662 391 m 25
 662 763 l 25
 705 743 741 747 773 712 c 24
 787 697 760 683 752 664 c 25
 752 391 l 25
 662 391 l 25
473 376 m 25
 473 760 l 25
 516 740 552 744 584 709 c 24
 598 694 571 680 563 661 c 25
 563 376 l 25
 473 376 l 25
359 400 m 25
 800 400 l 25
 800 400 838 460 863 469 c 1
 889 465 931 412 962 379 c 1
 970 361 953 350 935 350 c 9
 359 350 l 25
 359 400 l 25
383 592 m 25
 815 592 l 25
 815 592 838 628 863 637 c 1
 889 633 877 604 908 571 c 1
 916 553 899 542 881 542 c 9
 383 542 l 25
 383 592 l 25
41 292 m 25
 55.04 293.17 63.584 290.7 77 295 c 24
 155.246 320.079 199.153 335.397 275 367 c 24
 325.714 388.131 351.86 405.43 401 430 c 25
 364.73 393.73 346.386 371.023 308 337 c 24
 243.314 279.665 204.496 249.997 137 196 c 24
 122.555 184.443 111.081 155.919 98 169 c 24
 60.6152 206.385 63.2305 244.03 41 292 c 25
77 583 m 25
 293 583 l 25
 293 583 316 619 341 628 c 1
 367 624 355 595 386 562 c 1
 394 544 377 533 359 533 c 9
 77 533 l 25
 77 583 l 25
195 -71 m 25
 195 766 l 25
 238.29 746.11 273.953 750.251 306 715 c 24
 319.745 699.881 293.19 685.72 285 667 c 25
 285 -101 l 25
 260.04 -126.74 256.582 -162.589 221 -167 c 24
 191.397 -170.67 187.515 -134.354 164 -116 c 24
 139.441 -96.832 123.74 -88.5498 98 -71 c 25
 195 -71 l 25
EndSplineSet
EndChar
