Width: 1000
Flags: H
TeX: 117 0
LayerCount: 2
Fore
SplineSet
642 510 m 25
 732 510 l 25
 732 -93 l 25
 642 -93 l 25
 642 510 l 25
699 516 m 25
 642 516 l 25
 674 732 l 25
 674 732 754 705 795 672 c 24
 804 665 777 664 771 654 c 24
 739 602 727 570 699 516 c 25
477 -69 m 25
 846 -69 l 25
 846 -69 868 -38 892 -29 c 1
 911 -36 935 -64 954 -90 c 1
 962 -108 946 -119 928 -119 c 9
 477 -119 l 25
 477 -69 l 25
471 144 m 25
 801 144 l 25
 801 144 823 175 847 184 c 1
 866 177 890 149 909 123 c 1
 917 105 901 94 883 94 c 9
 471 94 l 25
 471 144 l 25
477 336 m 25
 822 336 l 25
 822 336 844 367 868 376 c 1
 887 369 911 341 930 315 c 1
 938 297 922 286 904 286 c 9
 477 286 l 25
 477 336 l 25
507 591 m 25
 507 -108 l 17
 499 -137 493 -159 462 -162 c 1
 438 -160 427 -136 417 -108 c 9
 417 465 l 25
 507 591 l 25
459 537 m 25
 855 537 l 25
 855 537 877 568 901 577 c 1
 920 570 944 542 963 516 c 1
 971 498 955 487 937 487 c 9
 459 487 l 25
 459 537 l 25
474 756 m 25
 474 756 547 732 576 696 c 24
 587 682 563 670 555 654 c 24
 502 549 481 485 420 384 c 24
 390 334 364 307 324 270 c 9
 351 347 366 391 393 468 c 24
 415 532 432 567 450 633 c 24
 463 680 474 756 474 756 c 25
210 297 m 24
 277 331 312 352 378 393 c 1
 338 336 313 305 261 258 c 24
 204 207 162 191 102 144 c 24
 86 132 82 96 66 108 c 24
 31 133 15 207 15 207 c 1
 15 207 135 259 210 297 c 24
189 -75 m 25
 189 771 l 25
 189 771 268 755 300 720 c 24
 314 705 287 691 279 672 c 25
 279 -84 l 18
 279 -148 251 -164 207 -180 c 24
 181 -190 177 -147 156 -129 c 24
 129 -106 112 -96 84 -75 c 25
 189 -75 l 25
24 540 m 25
 300 540 l 25
 300 540 322 571 346 580 c 1
 365 573 389 545 408 519 c 1
 416 501 400 490 382 490 c 9
 24 490 l 25
 24 540 l 25
EndSplineSet
EndChar
