Width: 1000
Flags: HW
LayerCount: 2
Fore
SplineSet
42 543 m 25
 312 543 l 25
 312 543 335 579 360 588 c 1
 386 584 374 555 405 522 c 1
 413 504 396 493 378 493 c 9
 42 493 l 25
 42 543 l 25
39 300 m 25
 88.1396 311.7 115.68 319.085 165 330 c 24
 258.43 350.677 311.4 361.11 405 381 c 25
 347.67 342.39 316.648 318.576 258 282 c 24
 207.76 250.668 177.98 235.352 126 207 c 24
 113.589 200.23 102.658 181.676 93 192 c 24
 60.8291 226.39 60.0596 257.88 39 300 c 25
207 -147 m 24
 176.101 -156.613 168.813 -113.773 144 -93 c 24
 118.499 -71.6504 103.74 -60.0596 78 -39 c 25
 189 -39 l 25
 189 756 l 25
 232.29 736.11 267.953 740.251 300 705 c 24
 313.745 689.881 287.19 675.72 279 657 c 25
 279 -51 l 17
 264 -93 251.688 -133.097 207 -147 c 24
480 96 m 25
 512.76 65.5801 527.546 43.8779 564 18 c 24
 591.455 -1.48926 611.58 -4.57031 642 -19 c 25
 984 -19 l 25
 959.43 -34.9902 941.507 -39.052 921 -60 c 24
 904.146 -77.2158 912.02 -110.254 891 -114 c 1
 645 -114 l 17
 603 -111 571.397 -75.6639 531 -42 c 24
 500.388 -16.4893 490.74 5.58008 465 36 c 25
 480 96 l 25
636 213 m 25
 792 213 l 25
 792 213 815 249 840 258 c 1
 866 254 854 225 885 192 c 1
 893 174 876 163 858 163 c 9
 636 163 l 25
 636 213 l 25
612 408 m 1
 702 408 l 1
 702 -72 l 1
 612 -72 l 1
 612 408 l 1
441 279 m 25
 480.78 263.79 509.744 266.605 543 240 c 24
 553.693 231.445 535.68 219.87 531 207 c 25
 521.64 166.05 520.284 141.85 507 102 c 24
 489.753 50.2588 482.831 18.6594 453 -27 c 24
 424.489 -70.6396 396.27 -85.5596 360 -123 c 25
 376.38 -69.1797 387.621 -39.3887 402 15 c 24
 414.553 62.4805 418.47 90.0303 429 138 c 25
 441 279 l 25
429 435 m 25
 822 435 l 25
 822 435 845 471 870 480 c 1
 896 476 884 447 915 414 c 1
 923 396 906 385 888 385 c 9
 429 385 l 25
 429 435 l 25
612 594 m 25
 612 774 l 25
 655 754 691 758 723 723 c 24
 737 708 710 694 702 675 c 25
 702 594 l 25
 612 594 l 25
840 574 m 25
 426 574 l 25
 426 624 l 25
 834 624 l 25
 852.72 635.7 861.537 662.282 882 654 c 24
 922.651 637.546 942.188 613.076 960 573 c 24
 966.393 558.616 941.7 556.53 930 546 c 25
 822 486 l 25
 840 574 l 25
429 654 m 25
 440.7 601.35 456.755 572.888 459 519 c 24
 460.358 486.394 461.076 461.076 438 438 c 24
 418.811 418.811 391.312 413.553 369 429 c 24
 348.594 443.128 355.92 467.519 360 492 c 24
 364.474 518.844 379.336 529.963 390 555 c 24
 406.262 593.179 413.79 615.39 429 654 c 25
EndSplineSet
EndChar
