Width: 1000
Flags: H
TeX: 117 0
LayerCount: 2
Fore
SplineSet
705 156 m 25
 744.78 138.45 770.268 134.264 807 111 c 24
 841.312 89.2695 865.505 77.6297 885 42 c 24
 901.933 11.0547 904.052 -14.1874 894 -48 c 24
 888.781 -65.5537 869.979 -72.4799 852 -69 c 24
 827.417 -64.2422 814.54 -51.0624 801 -30 c 24
 781.592 0.19043 787.461 25.1065 771 57 c 24
 749.718 98.2354 730.74 117.39 705 156 c 25
399 177 m 25
 434.1 155.94 463.28 154.844 489 123 c 24
 497.853 112.04 472.53 108.36 462 99 c 25
 430.41 60.3896 419.88 31.2566 381 0 c 24
 357.932 -18.5449 337.08 -14.6396 309 -24 c 25
 325.38 13.4404 334.3 34.7023 351 72 c 24
 369.4 113.095 380.28 136.05 399 177 c 25
558 -36 m 25
 558 228 l 25
 648 228 l 25
 648 -96 l 17
 639 -111 624.622 -153 594 -153 c 24
 560.866 -153 555.796 -117.978 531 -96 c 24
 504.313 -72.3457 488.91 -59.4004 462 -36 c 25
 558 -36 l 25
390 258 m 25
 744 258 l 25
 744 258 767 294 792 303 c 1
 818 299 806 270 837 237 c 1
 845 219 828 208 810 208 c 9
 390 208 l 25
 390 258 l 25
456 396 m 25
 648 396 l 25
 648 396 671 432 696 441 c 1
 722 437 710 408 741 375 c 1
 749 357 732 346 714 346 c 9
 456 346 l 25
 456 396 l 25
645 573 m 25
 708 573 l 25
 733.74 537.9 743.462 514.015 774 483 c 24
 818.879 437.42 849.211 416.885 900 378 c 24
 924.225 359.453 940.26 352.38 966 336 c 25
 944.94 318.45 932.814 308.841 912 291 c 24
 900.049 280.756 897.582 261.774 882 264 c 24
 856.283 267.674 846.812 285.084 828 303 c 24
 797.394 332.149 781.018 349.934 756 384 c 24
 725.829 425.084 712.814 451.047 687 495 c 24
 669.503 524.792 661.38 542.58 645 573 c 25
528 789 m 25
 570.12 772.62 602.351 777.168 636 747 c 24
 648.103 736.149 623.19 725.04 615 711 c 25
 596.28 654.84 590.895 621.161 567 567 c 24
 538.053 501.387 516.896 466.494 480 405 c 24
 453.616 361.027 442.281 332.21 405 297 c 24
 377.229 270.771 351.93 269.55 318 252 c 25
 344.91 297.63 365.246 320.699 387 369 c 24
 434.467 474.392 458.213 535.423 495 645 c 24
 513.337 699.62 515.13 732.84 528 789 c 25
384 600 m 25
 762 600 l 25
 791 628 800 660 825 669 c 1
 851 665 893 612 924 579 c 1
 932 561 915 550 897 550 c 9
 384 550 l 25
 384 600 l 25
39 321 m 25
 97.5 332.7 131.065 336.762 189 351 c 24
 269.22 370.715 313.44 385.77 393 408 c 25
 335.67 361.2 307.238 329.555 246 288 c 24
 208.329 262.438 182.211 256.344 141 237 c 24
 124.868 229.428 112.757 207.671 99 219 c 24
 63.374 248.339 62.4004 281.22 39 321 c 25
39 588 m 25
 309 588 l 25
 309 588 332 624 357 633 c 1
 383 629 371 600 402 567 c 1
 410 549 393 538 375 538 c 9
 39 538 l 25
 39 588 l 25
189 -24 m 25
 189 786 l 25
 232.29 766.11 267.953 770.251 300 735 c 24
 313.745 719.881 287.19 705.72 279 687 c 25
 279 -60 l 17
 264 -87 246.107 -135.193 204 -138 c 24
 168.418 -140.372 170.989 -92.3088 144 -69 c 24
 118.939 -47.3564 100.08 -41.5498 72 -24 c 25
 189 -24 l 25
EndSplineSet
EndChar
