Width: 1000
Flags: HW
TeX: 117 0
LayerCount: 2
Fore
SplineSet
708 213 m 9
 801 213 l 25
 781 176 773 153 750 117 c 24
 727 81 712 62 684 30 c 24
 645 -13 625 -40 579 -75 c 24
 538 -106 512 -123 462 -138 c 24
 422 -150 396 -142 354 -144 c 25
 405 -115 438 -104 486 -69 c 24
 537 -31 567 -8 606 42 c 24
 654 103 678 147 708 213 c 9
564 219 m 25
 663 219 l 25
 646.62 196.77 638.597 183.28 621 162 c 24
 588.244 122.389 570.346 99.3457 534 63 c 24
 506.988 35.9883 491.152 20.626 459 0 c 24
 428.599 -19.5029 407.76 -23.79 375 -39 c 25
 412.44 1.9502 438.21 21.2392 471 66 c 24
 512.266 122.331 527.73 159.33 564 219 c 25
858 187 m 25
 480 187 l 1
 480 237 l 25
 840 237 l 25
 859.89 249.87 867.845 275.007 891 270 c 24
 922.547 263.179 936.566 241.868 951 213 c 24
 956.66 201.681 940.02 196.53 933 186 c 25
 922.47 134.52 920.889 104.393 906 54 c 24
 890.362 1.07324 888.502 -34.1433 855 -78 c 24
 821.476 -121.887 795.584 -153.602 741 -162 c 24
 712.769 -166.344 720.286 -121.046 699 -102 c 24
 674.773 -80.3232 655.08 -76.3799 627 -60 c 25
 750 -60 l 25
 768.72 -45.96 786.155 -44.1805 798 -24 c 24
 819.164 12.0576 819.564 37.7842 831 78 c 24
 842.979 120.125 847.47 144.49 858 187 c 25
498 357 m 9
 606 357 l 25
 591.96 333.6 585.964 319.132 570 297 c 24
 534.401 247.647 516.652 217.401 474 174 c 24
 449.207 148.771 430.102 139.847 399 123 c 24
 373.591 109.237 356.91 106.53 330 96 c 25
 367.44 140.46 393.862 161.568 426 210 c 16
 467.969 273.246 477 300 498 357 c 9
387 378 m 25
 810 378 l 25
 839 406 848 438 873 447 c 1
 899 443 941 390 972 357 c 1
 980 339 963 328 945 328 c 9
 387 328 l 25
 387 378 l 25
531 499 m 1
 822 499 l 1
 822 449 l 1
 531 449 l 1
 531 499 l 1
525 619 m 1
 828 619 l 1
 828 569 l 1
 525 569 l 1
 525 619 l 1
510 747 m 25
 768 747 l 25
 784 760 790 785 810 780 c 24
 845 770 862 749 879 717 c 24
 886 704 866 699 858 687 c 25
 858 471 l 17
 850 442 844 420 813 417 c 1
 789 419 778 443 768 471 c 9
 768 697 l 25
 510 697 l 25
 510 747 l 25
489 774 m 25
 532 754 568 758 600 723 c 24
 614 708 587 694 579 675 c 25
 579 474 l 17
 571 445 565 423 534 420 c 1
 510 422 499 446 489 474 c 9
 489 774 l 25
54 330 m 25
 129 356 172 368 246 396 c 24
 320 424 359 444 432 474 c 25
 363 414 326 378 255 321 c 24
 211 286 185 267 138 237 c 24
 128 230 116 219 108 228 c 24
 78 261 75 290 54 330 c 25
72 597 m 25
 369 597 l 25
 369 597 392 633 417 642 c 1
 443 638 431 609 462 576 c 1
 470 558 453 547 435 547 c 9
 72 547 l 25
 72 597 l 25
201 -21 m 1
 201 786 l 25
 244 766 280 770 312 735 c 24
 326 720 299 706 291 687 c 25
 291 -66 l 17
 270 -102 268 -141 228 -147 c 24
 196 -152 198 -106 174 -84 c 24
 145 -57 125 -46 93 -21 c 25
 201 -21 l 1
EndSplineSet
EndChar
