Width: 1000
Flags: H
TeX: 117 0
LayerCount: 2
Fore
SplineSet
360 -87 m 25
 804 -87 l 25
 833 -59 842 -27 867 -18 c 1
 893 -22 935 -75 966 -108 c 1
 974 -126 957 -137 939 -137 c 9
 360 -137 l 25
 360 -87 l 25
474 78 m 25
 786 78 l 25
 786 78 808 109 832 118 c 1
 851 111 875 83 894 57 c 1
 902 39 886 28 868 28 c 9
 474 28 l 25
 474 78 l 25
618 -99 m 17
 618 195 l 25
 618 195 697 179 729 144 c 24
 743 129 716 115 708 96 c 25
 708 -99 l 17
 618 -99 l 17
744 357 m 1
 798 342 828 317 864 288 c 8
 887 269 894 246 897 219 c 0
 900 192 882 182 861 174 c 24
 843 167 825 171 813 186 c 16
 796 206 788 260 780 279 c 0
 771 301 744 357 744 357 c 1
480 246 m 1
 480 246 621 255 711 261 c 24
 752 264 775 265 816 267 c 25
 828 231 l 1
 828 231 655 188 544 161 c 24
 534 159 525 148 519 156 c 24
 496 187 480 246 480 246 c 1
744 408 m 17
 744 408 620 230 591 204 c 1
 528 204 l 9
 627 405 l 25
 744 408 l 17
450 435 m 25
 816 435 l 25
 816 435 838 466 862 475 c 1
 881 468 905 440 924 414 c 1
 932 396 916 385 898 385 c 9
 450 385 l 25
 450 435 l 25
396 249 m 2
 396 753 l 25
 396 753 475 737 507 702 c 24
 521 687 494 673 486 654 c 25
 486 270 l 26
 486 189 474 142 444 67 c 0
 428 28 414 7 388 -26 c 24
 356 -66 336 -90 297 -120 c 1
 297 -120 339 -25 369 87 c 0
 380 129 396 204 396 249 c 2
426 584 m 25
 867 584 l 25
 867 534 l 25
 426 534 l 25
 426 584 l 25
421 729 m 25
 816 729 l 25
 832 742 838 767 858 762 c 24
 893 752 910 731 927 699 c 24
 934 686 914 681 906 669 c 25
 906 561 l 17
 898 532 892 510 861 507 c 1
 837 509 826 533 816 561 c 9
 816 679 l 25
 421 679 l 25
 421 729 l 25
21 303 m 1
 21 303 117 322 177 336 c 24
 269 358 320 373 411 396 c 25
 349 356 315 332 252 294 c 24
 195 260 161 243 102 213 c 24
 86 205 72 185 60 198 c 24
 31 230 21 303 21 303 c 1
190 -51 m 25
 190 789 l 25
 190 789 269 773 301 738 c 24
 315 723 288 709 280 690 c 25
 280 -45 l 18
 280 -93 264 -136 219 -159 c 24
 190 -173 180 -127 154 -108 c 24
 122 -85 102 -73 69 -51 c 25
 190 -51 l 25
36 585 m 25
 291 585 l 25
 291 585 313 616 337 625 c 1
 356 618 380 590 399 564 c 1
 407 546 391 535 373 535 c 9
 36 535 l 25
 36 585 l 25
EndSplineSet
EndChar
