Width: 1000
Flags: HW
LayerCount: 2
Fore
SplineSet
54 330 m 25
 129 356 172 368 246 396 c 24
 320 424 359 444 432 474 c 25
 363 414 326 378 255 321 c 24
 211 286 185 267 138 237 c 24
 128 230 116 219 108 228 c 24
 78 261 75 290 54 330 c 25
72 597 m 25
 369 597 l 25
 369 597 392 633 417 642 c 1
 443 638 431 609 462 576 c 1
 470 558 453 547 435 547 c 9
 72 547 l 25
 72 597 l 25
201 -21 m 1
 201 786 l 25
 244 766 280 770 312 735 c 24
 326 720 299 706 291 687 c 25
 291 -66 l 17
 270 -102 268 -141 228 -147 c 24
 196 -152 198 -106 174 -84 c 24
 145 -57 125 -46 93 -21 c 25
 201 -21 l 1
864 462 m 25
 899.1 442.11 928.516 442.276 954 411 c 24
 963.465 399.385 939.36 392.7 930 381 c 25
 910.11 344.73 900.088 323.587 879 288 c 24
 862.621 260.361 851.55 245.91 834 219 c 25
 852.72 185.07 861.996 165.189 882 132 c 24
 913.5 79.7393 942.645 56.373 966 0 c 24
 977.651 -28.124 982.235 -50.5851 969 -78 c 24
 961.219 -94.1172 939.299 -96.2884 924 -87 c 24
 900.144 -72.5156 897.998 -51.6971 885 -27 c 24
 862.812 15.1582 853.298 40.4423 834 84 c 24
 812.344 132.88 801.06 160.86 780 210 c 25
 795.21 250.95 805.186 273.559 819 315 c 24
 837.96 371.879 846.45 404.67 864 462 c 25
711 483 m 25
 749.61 464.28 783.064 468.401 810 435 c 24
 822.486 419.518 795.36 407.55 786 390 c 25
 767.28 336.18 754.453 306.556 738 252 c 24
 732.168 232.663 732.51 220.89 729 201 c 25
 747.72 162.39 760.253 141.506 777 102 c 24
 805.917 33.7861 837.399 -1.4111 846 -75 c 24
 849.098 -101.5 830.666 -128.14 804 -129 c 24
 775.886 -129.907 765.272 -103.31 753 -78 c 24
 726.843 -24.0508 726.025 11.8173 708 69 c 24
 692.094 119.462 682.38 147.69 666 198 c 25
 678.87 257.67 689.48 290.705 699 351 c 24
 707.062 402.06 706.32 431.52 711 483 c 25
450 177 m 25
 481.59 164.13 502.199 162.277 531 144 c 24
 563.897 123.123 592.013 114.366 606 78 c 24
 614.284 56.4619 598.69 31.2019 576 27 c 24
 552.061 22.5664 543.054 46.6658 525 63 c 24
 493.706 91.3135 479.25 110.58 450 141 c 25
 450 177 l 25
450 339 m 25
 486.27 322.62 507.96 315.868 543 297 c 24
 569 283 590.482 280.124 606 255 c 24
 618.297 235.092 620.182 213.613 606 195 c 24
 594.633 180.08 574.997 184.068 558 192 c 24
 536.246 202.152 534.192 221.335 516 237 c 24
 491.882 257.769 475.74 266.28 450 285 c 25
 450 339 l 25
573 -57 m 25
 573 370 l 25
 432 370 l 25
 432 420 l 25
 573 420 l 25
 589.38 432.87 594.891 458.435 615 453 c 24
 650.178 443.492 667.287 422.381 684 390 c 24
 690.55 377.309 671.19 371.7 663 360 c 25
 663 -105 l 25
 644.28 -127.23 643.998 -160.067 615 -162 c 24
 589.29 -163.714 590.676 -129.747 573 -111 c 24
 551.993 -88.7197 538.23 -78.0596 516 -57 c 25
 573 -57 l 25
393 441 m 25
 436 421 472 425 504 390 c 24
 518 375 491 361 483 342 c 25
 483 -111 l 17
 475 -140 469 -162 438 -165 c 1
 414 -163 403 -139 393 -111 c 9
 393 441 l 25
498 543 m 25
 732 543 l 25
 732 543 755 579 780 588 c 1
 806 584 794 555 825 522 c 1
 833 504 816 493 798 493 c 9
 498 493 l 25
 498 543 l 25
654 738 m 25
 700.8 707.58 727.471 690.833 774 660 c 24
 824.584 626.48 849.499 601.634 903 573 c 24
 933.339 556.763 954.24 556.53 987 546 c 25
 976.47 529.62 971.769 519.514 960 504 c 24
 945.964 485.498 944.215 459.627 921 459 c 24
 888.504 458.122 873.76 479.936 849 501 c 24
 794.809 547.104 771.355 580.756 720 630 c 24
 685.916 662.684 665.1 679.41 630 711 c 25
 654 738 l 25
549 706 m 25
 432 706 l 25
 432 756 l 25
 573 756 l 25
 589.38 766.53 595.991 787.224 615 783 c 24
 646.755 775.943 664.264 759.894 681 732 c 24
 687.398 721.335 668.19 717.36 660 708 c 25
 626.07 658.86 609.133 629.544 573 582 c 24
 542.361 541.686 524.805 518.805 489 483 c 24
 463.676 457.676 447.525 444.731 417 426 c 24
 395.52 412.818 380.4 411.36 357 402 c 25
 387.42 442.95 405.554 465.345 435 507 c 24
 453.545 533.234 462.627 548.975 480 576 c 24
 494.218 598.116 503.674 609.776 516 633 c 24
 530.647 660.598 536.13 677.53 549 706 c 25
EndSplineSet
EndChar
