Width: 1000
Flags: H
TeX: 117 0
LayerCount: 2
Fore
SplineSet
414 207 m 25
 462 234 l 25
 494.76 190.71 505.373 159.01 546 123 c 24
 609.628 66.6025 650.186 38.49 726 0 c 24
 803.545 -39.3691 854.1 -45.75 936 -75 c 25
 916.11 -87.8701 902.796 -92.3612 885 -108 c 24
 863.834 -126.601 865.157 -163.063 837 -162 c 24
 787.825 -160.145 766.803 -129.508 726 -102 c 24
 662.354 -59.0928 626.887 -33.5329 570 18 c 24
 527.01 56.9434 507.925 84.2639 471 129 c 24
 447.017 158.058 436.23 176.58 414 207 c 25
672 187 m 25
 438 187 l 25
 438 237 l 25
 681 237 l 25
 703.23 248.7 714.634 276.224 738 267 c 24
 772.173 253.511 781.998 226.361 795 192 c 24
 800.383 177.774 785.85 170.04 780 156 c 25
 714.48 95.1602 683.15 54.1492 612 0 c 24
 550.207 -47.0283 511.692 -69.8671 441 -102 c 24
 394.756 -123.021 365.198 -127.223 315 -135 c 24
 281.47 -140.194 261.93 -135 228 -135 c 25
 295.86 -102.24 337.126 -89.3347 402 -51 c 24
 466.285 -13.0137 501.986 10.6245 558 60 c 24
 607.929 104.012 627.54 137.47 672 187 c 25
474 351 m 25
 503.25 331.11 531.561 330.774 549 300 c 24
 557.805 284.462 534.36 276.21 525 261 c 25
 498.09 230.58 484.201 212.227 456 183 c 24
 419.805 145.488 401.996 120.88 360 90 c 24
 321.63 61.7861 294.12 55.2305 252 33 c 25
 287.1 73.9502 311.127 93.7764 342 138 c 24
 397.942 218.133 422.52 267.93 474 351 c 25
597 393 m 9
 597 591 l 25
 687 591 l 25
 687 453 l 17
 696 432 691.608 425.203 720 420 c 9
 798 420 l 25
 814.38 442.23 829.07 451.642 840 477 c 24
 858.767 520.538 860.13 548.37 873 594 c 25
 873 523.8 877.164 483.18 891 414 c 24
 893.938 399.308 919.195 398.384 915 384 c 24
 908.278 360.954 887.55 358.38 870 342 c 25
 657 342 l 17
 611.776 347.045 600 360 597 393 c 9
465 570 m 25
 570 537 l 25
 557.13 520.62 549.108 511.951 537 495 c 24
 508.14 454.596 498.024 427.079 465 390 c 24
 430.814 351.616 410.45 328.81 366 303 c 24
 335.815 285.474 312.93 290.19 279 282 c 25
 309.42 314.76 328.497 331.559 357 366 c 24
 384.751 399.532 402.635 417.532 423 456 c 24
 445.169 497.875 448.62 525.54 465 570 c 25
690 696 m 25
 725.1 683.13 748.487 683.114 780 663 c 24
 805.144 646.951 826.781 635.529 831 606 c 24
 835.219 576.471 824.68 550.34 798 537 c 24
 777.87 526.936 762.914 548.086 747 564 c 24
 735.477 575.523 738.46 588.039 732 603 c 24
 716.223 639.536 706.38 659.73 690 696 c 25
495 612 m 25
 747 633 l 25
 777 603 l 25
 681.06 577.26 627.459 560.719 531 537 c 24
 484.654 525.604 458.027 521.139 411 513 c 24
 397.118 510.598 384.054 499.205 375 510 c 24
 348.739 541.312 349.38 568.56 333 606 c 25
 495 612 l 25
507 800 m 25
 549.12 779.33 582.869 781.19 615 747 c 24
 626.331 734.942 596.7 728.7 585 717 c 25
 495 558 l 25
 447 558 l 25
 462.21 597.78 475.751 618.663 486 660 c 24
 499.286 713.588 498.81 745.4 507 800 c 25
18 114 m 25
 87 126 l 25
 124.44 199.71 146.651 240.745 183 315 c 24
 228.559 408.07 252.54 461.4 297 555 c 25
 270.09 457.89 256.115 402.768 228 306 c 24
 205.8 229.591 168 111 168 111 c 1
 168 111 185.011 43.877 189 0 c 24
 192.073 -33.8105 200.566 -56.334 186 -87 c 24
 175.41 -109.294 154.612 -129.893 132 -120 c 24
 101.287 -106.562 96.6733 -77.8534 90 -45 c 24
 80.9141 -0.268555 91.8301 26.3701 93 72 c 25
 18 114 l 25
36 507 m 17
 72 507 103.671 505.171 138 483 c 24
 164.464 465.908 184.913 445.118 180 414 c 24
 175.438 385.108 148.037 360.665 120 369 c 24
 85.1611 379.357 87.8975 415.954 69 447 c 24
 55.1143 469.812 48.8701 483.6 36 507 c 17
135 750 m 25
 172.44 737.13 199.493 740.973 231 717 c 24
 256.871 697.315 273 677.508 273 645 c 24
 273 618.32 257.234 595.858 231 591 c 24
 209.85 587.083 203.802 612.017 192 630 c 24
 178.767 650.166 178.349 665.213 168 687 c 24
 156.1 712.054 147.87 725.43 135 750 c 25
EndSplineSet
EndChar
