Width: 1000
Flags: H
TeX: 117 0
LayerCount: 2
Fore
SplineSet
658 122 m 25
 697.78 106.79 723.433 104.831 760 83 c 24
 802.834 57.4277 826.93 40.2119 859 2 c 24
 883.222 -26.8594 900.247 -47.3311 901 -85 c 24
 901.578 -113.891 889.131 -138.052 862 -148 c 24
 840.334 -155.944 825.52 -135.936 811 -118 c 24
 784.325 -85.0488 781.613 -58.4727 760 -22 c 24
 744.118 4.80078 733.008 18.5781 715 44 c 24
 693.222 74.7451 680.23 91.5801 658 122 c 25
469 125 m 25
 506.44 100.43 538.66 98.2168 565 62 c 24
 574.925 48.3535 553.193 37.6641 541 26 c 24
 498.997 -14.1768 475.531 -38.0137 427 -70 c 24
 371.945 -106.286 343 -130 277 -148 c 9
 322.63 -89.5 351.32 -58.6855 394 2 c 24
 426.321 47.957 439.75 77.0303 469 125 c 25
679 218 m 25
 679 767 l 25
 722 747 758 751 790 716 c 24
 804 701 777 687 769 668 c 25
 769 218 l 25
 679 218 l 25
286 248 m 25
 796 248 l 25
 825 276 834 308 859 317 c 1
 885 313 927 260 958 227 c 1
 966 209 949 198 931 198 c 9
 286 198 l 25
 286 248 l 25
457 218 m 25
 457 743 l 25
 500 723 536 727 568 692 c 24
 582 677 555 663 547 644 c 25
 547 218 l 25
 457 218 l 25
310 524 m 25
 793 524 l 25
 822 552 831 584 856 593 c 1
 882 589 924 536 955 503 c 1
 963 485 946 474 928 474 c 9
 310 474 l 25
 310 524 l 25
52 95 m 25
 133 122 l 25
 152.89 169.97 162.213 197.861 184 245 c 24
 226.589 337.147 253.54 387.74 298 479 c 25
 281.62 402.95 271.577 360.219 256 284 c 24
 238.815 199.92 214 68 214 68 c 1
 214 68 252.404 -21.8867 250 -82 c 24
 248.637 -116.084 238.646 -151.393 205 -157 c 24
 172.316 -162.447 153.987 -130.89 142 -100 c 24
 121.573 -47.3604 132.85 -12.1602 127 44 c 25
 52 95 l 25
55 497 m 17
 88 494 130.765 494.738 166 467 c 24
 192.469 446.162 202.103 419.13 196 386 c 24
 191.708 362.701 168.204 348.223 145 353 c 24
 116.627 358.842 109.353 382.436 94 407 c 24
 73.7256 439.439 70.21 461.9 55 497 c 17
172 743 m 25
 215.29 731.3 245.799 738.039 283 713 c 24
 311.298 693.953 327.225 672.103 328 638 c 24
 328.627 610.395 313.453 578.032 286 581 c 24
 248.164 585.091 238.901 618.877 217 650 c 24
 193.812 682.952 189.55 706.73 172 743 c 25
EndSplineSet
EndChar
