Width: 1000
Flags: H
TeX: 117 0
LayerCount: 2
Fore
SplineSet
402 -47 m 1
 843 -47 l 1
 843 -97 l 1
 402 -97 l 1
 402 -47 l 1
522 106 m 1
 726 106 l 1
 726 56 l 1
 522 56 l 1
 522 106 l 1
507 288 m 25
 666 288 l 25
 682 301 688 326 708 321 c 24
 743 311 760 290 777 258 c 24
 784 245 764 240 756 228 c 25
 756 78 l 17
 748 49 742 27 711 24 c 1
 687 26 676 50 666 78 c 9
 666 238 l 25
 507 238 l 25
 507 288 l 25
468 318 m 25
 511 298 547 302 579 267 c 24
 593 252 566 238 558 219 c 25
 558 39 l 17
 550 10 544 -12 513 -15 c 1
 489 -13 478 11 468 39 c 9
 468 318 l 25
555 273 m 25
 555 684 l 25
 598 664 634 668 666 633 c 24
 680 618 653 604 645 585 c 25
 645 273 l 25
 555 273 l 25
450 507 m 25
 714 507 l 25
 714 507 737 543 762 552 c 1
 788 548 776 519 807 486 c 1
 815 468 798 457 780 457 c 9
 450 457 l 25
 450 507 l 25
402 711 m 25
 792 711 l 25
 808.38 723.87 813.891 749.435 834 744 c 24
 869.178 734.492 886.287 713.381 903 681 c 24
 909.55 668.309 890.19 662.7 882 651 c 25
 882 -105 l 17
 874 -134 868 -156 837 -159 c 1
 813 -157 802 -133 792 -105 c 9
 792 661 l 25
 402 661 l 25
 402 711 l 25
357 744 m 25
 400.29 724.11 435.953 728.251 468 693 c 24
 481.745 677.881 455.19 663.72 447 645 c 25
 447 -108 l 17
 439 -137 433 -159 402 -162 c 1
 378 -160 367 -136 357 -108 c 9
 357 744 l 25
93 129 m 25
 180 135 l 25
 194.04 181.8 201.286 208.407 216 255 c 24
 229.37 297.338 235.973 321.596 252 363 c 24
 278.122 430.481 295.92 467.31 324 534 c 25
 252 117 l 1
 252 117 276.545 10.9072 270 -57 c 24
 266.783 -90.3691 257.394 -115.881 228 -132 c 24
 208.726 -142.569 182.784 -129.208 177 -108 c 24
 159.143 -42.5215 175.17 -1.86035 174 66 c 25
 93 129 l 25
84 489 m 25
 114.42 478.47 134.605 478.904 162 462 c 24
 190.876 444.184 216.072 434.734 225 402 c 24
 232.891 373.067 223.541 345.718 198 330 c 24
 179.278 318.479 161.641 337.603 147 354 c 24
 130.215 372.8 133.658 391.162 123 414 c 24
 109.059 443.875 99.21 459.75 84 489 c 25
183 741 m 25
 221.61 726.96 248.713 729.08 282 705 c 24
 306.72 687.117 324 669.47 324 639 c 24
 324 614.686 311.469 594.474 288 588 c 24
 266.305 582.016 251.216 597.553 237 615 c 24
 223.193 631.944 230.61 648.91 222 669 c 24
 209.42 698.353 198.21 712.92 183 741 c 25
EndSplineSet
EndChar
