Width: 1000
Flags: H
TeX: 117 0
LayerCount: 2
Fore
SplineSet
453 65 m 1
 789 65 l 1
 789 15 l 1
 453 15 l 1
 453 65 l 1
459 165 m 1
 777 165 l 1
 777 115 l 1
 459 115 l 1
 459 165 l 1
726 -84 m 25
 726 223 l 25
 450 223 l 25
 450 273 l 25
 726 273 l 25
 742.38 285.87 747.891 311.435 768 306 c 24
 803.178 296.492 820.287 275.381 837 243 c 24
 843.55 230.309 824.19 224.7 816 213 c 25
 816 -126 l 17
 810 -147 785.908 -172.131 756 -174 c 24
 734.469 -175.346 736.573 -145.811 720 -132 c 24
 694.074 -110.396 676.08 -102.72 648 -84 c 25
 726 -84 l 25
414 309 m 25
 457.29 289.11 492.953 293.251 525 258 c 24
 538.745 242.881 512.19 228.72 504 210 c 25
 504 -114 l 17
 496 -143 490 -165 459 -168 c 1
 435 -166 424 -142 414 -114 c 9
 414 309 l 25
519 525 m 25
 554.1 509.79 587.127 517.383 609 486 c 24
 623.176 465.661 596.19 449.4 588 426 c 25
 573.96 403.77 565.969 391.275 552 369 c 24
 522.679 322.244 512.03 291.646 477 249 c 24
 430.789 192.742 401.313 163.145 345 117 c 24
 316.254 93.4443 293.76 89.5498 261 72 c 25
 292.59 115.29 313.307 137.738 342 183 c 24
 396.471 268.926 427.238 317.647 474 408 c 24
 496.471 451.418 501.45 479.37 519 525 c 25
321 384 m 25
 759 384 l 25
 788 412 797 444 822 453 c 1
 848 449 890 396 921 363 c 1
 929 345 912 334 894 334 c 9
 321 334 l 25
 321 384 l 25
714 762 m 25
 749.1 737.43 778.293 733.276 804 699 c 24
 812.004 688.328 787.53 686.19 777 678 c 25
 733.71 644.07 711.362 622.106 666 591 c 24
 629.257 565.805 607.058 553.502 567 534 c 24
 517.963 510.127 490.335 495.352 438 480 c 24
 401.794 469.38 379.44 472.68 342 468 c 25
 402.84 506.61 439.749 524.584 498 567 c 24
 560.489 612.502 593.623 641.201 651 693 c 24
 678.048 717.418 689.43 735.09 714 762 c 25
378 726 m 25
 444.69 709.62 484.744 708.228 549 684 c 24
 628.315 654.094 672.875 634.114 744 588 c 24
 780.798 564.142 811.131 549.487 822 507 c 24
 828.359 482.141 802.66 459 777 459 c 24
 740.28 459 726.239 486.169 696 507 c 24
 673.425 522.552 663.756 535.32 642 552 c 24
 593.53 589.16 566.996 611.389 516 645 c 24
 463.894 679.343 431.82 694.41 378 726 c 25
78 114 m 25
 147 138 l 25
 164.55 182.46 172.673 208.283 192 252 c 24
 221.839 319.492 238.473 357.782 273 423 c 24
 301.729 477.265 322.41 505.35 354 558 c 25
 314.22 436.32 287.496 368.998 252 246 c 24
 237.112 194.412 225 111 225 111 c 1
 225 111 254.377 -24.4375 246 -111 c 24
 243.2 -139.927 226.771 -163.89 198 -168 c 24
 170.664 -171.905 147.162 -152.917 141 -126 c 24
 122.985 -47.3057 141 0.269531 141 81 c 25
 78 114 l 25
66 510 m 25
 106.95 491.28 135.915 490.221 171 462 c 24
 192.612 444.616 203.307 426.728 204 399 c 24
 204.628 373.887 196.956 352.203 174 342 c 24
 154.344 333.264 137.165 346.812 123 363 c 24
 101.957 387.05 101.553 408.205 90 438 c 24
 79.2988 465.597 75.3604 481.92 66 510 c 25
156 732 m 25
 188.76 721.47 210.596 722.873 240 705 c 24
 271.821 685.658 294.12 673.137 309 639 c 24
 317.429 619.665 308.964 599.055 291 588 c 24
 271.046 575.721 249.993 577.283 231 591 c 24
 202.847 611.333 199.309 635.34 183 666 c 24
 169.939 690.553 166.53 706.26 156 732 c 25
EndSplineSet
EndChar
