Width: 1000
Flags: HW
TeX: 117 0
LayerCount: 2
Fore
SplineSet
468 -24 m 25
 858 -24 l 25
 858 -74 l 25
 468 -74 l 25
 468 -24 l 25
459 240 m 25
 798 240 l 25
 814 253 820 278 840 273 c 24
 875 263 892 242 909 210 c 24
 916 197 896 192 888 180 c 25
 888 -72 l 17
 880 -101 874 -123 843 -126 c 1
 819 -124 808 -100 798 -72 c 9
 798 190 l 25
 459 190 l 25
 459 240 l 25
423 273 m 25
 423 273 502 257 534 222 c 24
 548 207 521 193 513 174 c 25
 513 -87 l 17
 505 -116 499 -138 468 -141 c 1
 444 -139 433 -115 423 -87 c 9
 423 273 l 25
600 675 m 25
 690 675 l 25
 690 219 l 25
 600 219 l 25
 600 675 l 25
372 477 m 25
 807 477 l 25
 807 477 845 537 870 546 c 1
 896 542 938 489 969 456 c 1
 977 438 960 427 942 427 c 9
 372 427 l 25
 372 477 l 25
825 774 m 1
 825 774 881 726 894 684 c 24
 899 669 873 671 858 669 c 24
 745 653 681 646 567 639 c 24
 493 634 453 635 378 638 c 1
 441 661 492 676 567 696 c 0
 632 713 666 722 729 741 c 24
 767 752 825 774 825 774 c 1
95 120 m 25
 176 135 l 25
 195 181 206 208 225 254 c 24
 246 303 258 331 279 380 c 24
 308 447 325 484 354 551 c 25
 338 464 329 416 312 329 c 24
 295 243 269 108 269 108 c 1
 269 108 289 61 294 29 c 24
 301 -17 306 -46 301 -91 c 0
 297 -124 281 -151 249 -157 c 24
 219 -162 195 -141 186 -112 c 24
 165 -43 179 72 179 72 c 25
 95 120 l 25
96 567 m 17
 142 556 184 543 222 504 c 24
 246 479 254 450 242 418 c 24
 234 396 204 390 183 401 c 24
 154 417 151 443 138 474 c 0
 122 511 112 531 96 567 c 17
207 783 m 17
 260 767 292 755 330 717 c 24
 354 693 368 665 357 633 c 24
 349 609 317 605 295 617 c 24
 263 635 261 663 246 696 c 0
 231 730 222 749 207 783 c 17
EndSplineSet
EndChar
