Width: 1000
Flags: H
TeX: 117 0
LayerCount: 2
Fore
SplineSet
780 273 m 25
 780 273 846 239 870 201 c 24
 878 188 854 185 843 174 c 25
 804 142 782 126 744 93 c 0
 696 51 661 24 603 -12 c 24
 544 -49 509 -69 444 -93 c 24
 405 -108 382 -110 339 -111 c 1
 418 -69 459 -45 527 9 c 24
 612 77 654 123 729 201 c 24
 753 226 780 273 780 273 c 25
555 270 m 26
 555 771 l 25
 598 751 634 755 666 720 c 24
 680 705 653 691 645 672 c 25
 645 270 l 18
 645 222 646 160 672 102 c 0
 697 47 733 30 780 -9 c 24
 802 -27 820 -29 846 -42 c 25
 863 -18 873 -4 890 20 c 24
 908 44 918 57 936 81 c 25
 923 24 907 -7 903 -66 c 24
 901 -89 930 -101 921 -123 c 24
 913 -143 891 -152 870 -147 c 24
 802 -131 763 -115 708 -72 c 24
 653 -29 623 2 594 66 c 24
 561 140 555 189 555 270 c 26
408 273 m 1
 780 273 l 1
 780 223 l 1
 408 223 l 1
 408 273 l 1
411 446 m 1
 783 446 l 1
 783 396 l 1
 411 396 l 1
 411 446 l 1
399 612 m 25
 732 612 l 25
 748 625 754 650 774 645 c 24
 809 635 826 614 843 582 c 24
 850 569 830 564 822 552 c 25
 822 258 l 17
 814 229 808 207 777 204 c 1
 753 206 742 230 732 258 c 9
 732 562 l 25
 399 562 l 25
 399 612 l 25
378 645 m 25
 421 625 457 629 489 594 c 24
 503 579 476 565 468 546 c 25
 468 237 l 17
 460 208 454 186 423 183 c 1
 399 185 388 209 378 237 c 9
 378 645 l 25
72 82 m 25
 156 100 l 25
 177 146 189 171 210 217 c 24
 230 262 240 289 261 334 c 24
 289 394 307 427 336 487 c 25
 318 400 311 351 291 265 c 24
 273 187 237 67 237 67 c 1
 237 67 261 -5 261 -53 c 24
 261 -93 268 -128 237 -152 c 24
 214 -170 180 -151 168 -125 c 24
 142 -70 157 -30 150 31 c 25
 72 82 l 25
71 501 m 1
 125 501 148 496 188 471 c 0
 218 452 236 436 242 402 c 24
 247 376 236 352 212 342 c 24
 191 333 174 346 158 366 c 0
 136 393 132 411 114 439 c 24
 98 464 92 474 71 501 c 1
168 750 m 17
 230 744 254 738 288 718 c 0
 318 699 337 683 346 649 c 24
 353 625 345 600 322 588 c 24
 302 578 282 592 268 608 c 0
 245 633 235 650 216 678 c 24
 197 706 187 722 168 750 c 17
EndSplineSet
EndChar
