Width: 1000
Flags: H
TeX: 117 0
LayerCount: 2
Fore
SplineSet
267 126 m 25
 789 126 l 25
 818 154 827 186 852 195 c 1
 878 191 920 138 951 105 c 1
 959 87 942 76 924 76 c 9
 267 76 l 25
 267 126 l 25
558 -57 m 25
 558 219 l 25
 601.29 199.11 636.953 203.251 669 168 c 24
 682.745 152.881 656.19 138.72 648 120 c 25
 648 -105 l 17
 624 -159 616.901 -177.446 579 -174 c 0
 546 -171 552.02 -140.442 531 -123 c 24
 496.773 -94.5996 474.27 -82.7402 438 -57 c 25
 558 -57 l 25
693 253 m 25
 342 253 l 25
 342 303 l 25
 723 303 l 25
 746.4 314.7 759.6 344.7 783 333 c 24
 816.748 316.126 826.716 286.487 831 249 c 24
 832.846 232.851 809.04 236.19 795 228 c 25
 621 129 l 25
 594 159 l 25
 693 253 l 25
435 421 m 1
 744 421 l 1
 744 371 l 1
 435 371 l 1
 435 421 l 1
444 558 m 25
 687 558 l 25
 703.38 570.87 708.891 596.435 729 591 c 24
 764.178 581.492 781.287 560.381 798 528 c 24
 804.55 515.309 785.19 509.7 777 498 c 25
 777 405 l 17
 769 376 763 354 732 351 c 1
 708 353 697 377 687 405 c 9
 687 508 l 25
 444 508 l 25
 444 558 l 25
390 588 m 25
 433.29 568.11 468.953 572.251 501 537 c 24
 514.745 521.881 488.19 507.72 480 489 c 25
 480 405 l 17
 472 376 466 354 435 351 c 1
 411 353 400 377 390 405 c 9
 390 588 l 25
564 636 m 25
 564 786 l 25
 607 766 643 770 675 735 c 24
 689 720 662 706 654 687 c 25
 654 636 l 25
 564 636 l 25
330 663 m 25
 771 663 l 25
 800 691 809 723 834 732 c 1
 860 728 902 675 933 642 c 1
 941 624 924 613 906 613 c 9
 330 613 l 25
 330 663 l 25
66 99 m 25
 135 129 l 25
 150.21 171.12 159.05 194.787 174 237 c 24
 198.83 307.108 211.785 347.029 237 417 c 24
 258.588 476.905 271.77 510.33 294 570 c 25
 279.96 470.55 276.243 413.766 258 315 c 24
 242.278 229.884 207 99 207 99 c 1
 207 99 248.212 6.00195 249 -57 c 24
 249.451 -93.1162 243.046 -126.421 210 -141 c 24
 183.562 -152.664 157.189 -129.041 147 -102 c 24
 123.805 -40.4443 137.85 0.480469 132 66 c 25
 66 99 l 25
48 540 m 25
 90.1201 530.64 118.58 537.482 156 516 c 24
 185.635 498.987 201.531 480.105 210 447 c 24
 216.145 422.981 209.75 400.567 189 387 c 24
 170.164 374.684 150.074 382.59 132 396 c 24
 110.084 412.26 109.75 432.429 96 456 c 24
 76.9883 488.592 66.7197 507.24 48 540 c 25
138 789 m 25
 176.61 777.3 202.64 780.144 237 759 c 24
 265.966 741.175 282.14 724.875 294 693 c 24
 302.655 669.738 300.133 649.673 285 630 c 24
 272.359 613.567 254.238 610.503 234 615 c 24
 217.021 618.773 212.402 632.771 204 648 c 24
 193.276 667.438 195.411 681.895 186 702 c 24
 169.571 737.097 156.72 755.07 138 789 c 25
EndSplineSet
EndChar
