Width: 1000
Flags: H
TeX: 117 0
LayerCount: 2
Fore
SplineSet
594 255 m 25
 642 255 l 25
 668 207 676 176 708 132 c 24
 739 89 756 61 801 33 c 24
 852 2 891 4 948 -15 c 25
 911 -37 887 -46 852 -72 c 24
 831 -87 833 -122 807 -120 c 24
 777 -118 771 -90 753 -66 c 24
 701 5 669 44 630 123 c 24
 606 171 608 204 594 255 c 25
564 261 m 25
 564 425 l 25
 654 425 l 25
 654 192 l 25
 624 132 611 96 576 39 c 24
 552 -0 540 -25 504 -54 c 24
 463 -87 431 -91 384 -114 c 25
 413 -80 433 -63 459 -27 c 24
 480 1 490 19 504 51 c 24
 526 101 537 130 552 183 c 24
 560 213 559 231 564 261 c 25
387 273 m 25
 744 273 l 25
 773 301 782 333 807 342 c 1
 833 338 875 285 906 252 c 1
 914 234 897 223 879 223 c 9
 387 223 l 25
 387 273 l 25
378 447 m 25
 810 447 l 25
 810 397 l 25
 378 397 l 25
 378 447 l 25
381 606 m 25
 738 606 l 25
 754 619 760 644 780 639 c 24
 815 629 832 608 849 576 c 24
 856 563 836 558 828 546 c 25
 828 416 l 17
 820 387 814 365 783 362 c 1
 759 364 748 388 738 416 c 9
 738 556 l 25
 381 556 l 25
 381 606 l 25
351 168 m 25
 351 645 l 25
 394 619 431 619 462 579 c 24
 475 563 449 550 441 531 c 25
 441 144 l 25
 423 88 423 53 396 0 c 24
 370 -51 349 -76 309 -117 c 24
 287 -139 267 -143 240 -159 c 25
 266 -112 285 -88 306 -39 c 24
 326 8 334 37 345 87 c 24
 352 118 349 136 351 168 c 25
330 731 m 25
 720 731 l 25
 749 759 758 791 783 800 c 1
 809 796 851 743 882 710 c 1
 890 692 873 681 855 681 c 9
 330 681 l 25
 330 731 l 25
66 126 m 25
 138 123 l 25
 170 192 188 231 219 300 c 24
 250 368 266 406 297 474 c 24
 312 507 321 525 336 558 c 25
 306 442 287 377 258 261 c 24
 242 197 219 96 219 96 c 1
 219 96 236 1 231 -60 c 24
 229 -87 226 -112 201 -123 c 24
 181 -132 160 -116 153 -96 c 24
 133 -35 144 5 138 69 c 25
 66 126 l 25
81 513 m 25
 125 506 157 519 195 495 c 24
 221 478 225 452 225 420 c 24
 225 400 215 382 195 378 c 24
 176 374 166 391 153 405 c 24
 135 425 132 442 117 465 c 24
 104 484 95 494 81 513 c 25
150 762 m 25
 193 753 223 760 261 738 c 24
 286 724 300 704 300 675 c 24
 300 650 284 633 261 624 c 24
 244 617 231 629 219 642 c 24
 201 662 203 681 189 705 c 24
 176 728 165 740 150 762 c 25
EndSplineSet
EndChar
