Width: 1000
Flags: H
TeX: 117 0
LayerCount: 2
Fore
SplineSet
624 390 m 17
 683 373 709 361 753 327 c 24
 787 301 808 281 820 240 c 24
 825 222 808 205 790 203 c 0
 769 201 745 223 735 240 c 0
 723 260 693 289 675 310 c 8
 649 341 597 379 597 379 c 25
 624 390 l 17
563 310 m 25
 563 310 631 209 682 150 c 24
 735 89 766 56 828 4 c 24
 879 -38 914 -53 969 -90 c 25
 940 -101 923 -105 894 -117 c 24
 876 -125 866 -151 849 -141 c 24
 792 -110 772 -75 729 -27 c 24
 681 26 656 59 615 118 c 24
 577 173 527 266 527 266 c 25
 563 310 l 25
831 433 m 25
 636 433 l 25
 636 483 l 25
 834 483 l 25
 849 496 854 521 873 516 c 24
 907 506 923 485 939 453 c 24
 945 441 923 438 918 426 c 24
 891 354 888 308 858 237 c 24
 828 166 809 126 765 64 c 24
 721 2 694 -34 633 -80 c 24
 581 -119 550 -132 480 -149 c 1
 545 -89 575 -59 627 6 c 24
 677 69 700 108 741 177 c 24
 765 217 777 241 792 285 c 24
 812 341 831 433 831 433 c 25
645 609 m 25
 680 591 708 592 735 564 c 24
 745 554 726 544 720 531 c 24
 690 473 676 439 642 384 c 24
 614 338 597 311 561 271 c 24
 523 229 499 207 454 174 c 1
 486 228 502 257 528 312 c 24
 565 392 583 440 615 522 c 24
 628 555 633 575 645 609 c 25
441 432 m 25
 441 -99 l 17
 433 -128 427 -150 396 -153 c 1
 372 -151 361 -127 351 -99 c 9
 351 327 l 25
 441 432 l 25
429 622 m 25
 429 622 495 604 525 576 c 24
 534 567 513 560 507 549 c 24
 462 462 451 406 396 325 c 24
 350 257 315 220 252 171 c 1
 286 240 301 275 330 343 c 24
 359 411 374 450 399 519 c 24
 413 558 429 622 429 622 c 25
537 627 m 25
 537 782 l 25
 580 762 616 766 648 731 c 24
 662 716 635 702 627 683 c 25
 627 627 l 25
 537 627 l 25
282 645 m 25
 825 645 l 25
 825 645 863 705 888 714 c 1
 914 710 956 657 987 624 c 1
 995 606 978 595 960 595 c 9
 282 595 l 25
 282 645 l 25
294 504 m 25
 264 380 246 310 216 186 c 24
 203 132 183 48 183 48 c 1
 183 48 206 3 210 -29 c 24
 215 -69 223 -96 204 -131 c 24
 192 -153 167 -160 144 -150 c 24
 116 -138 108 -115 100 -86 c 24
 88 -44 96 -17 93 27 c 25
 27 70 l 25
 102 93 l 1
 102 93 148 202 180 270 c 24
 223 362 250 413 294 504 c 25
45 501 m 17
 75 501 128 498 168 468 c 24
 197 447 210 419 204 383 c 24
 200 359 173 347 150 354 c 24
 119 363 113 383 94 416 c 0
 75 449 64 468 45 501 c 17
139 753 m 1
 195 746 224 739 263 705 c 24
 289 682 304 652 291 620 c 24
 281 595 243 587 222 605 c 16
 206 619 194 660 185 674 c 0
 173 694 155 728 139 753 c 1
EndSplineSet
EndChar
