Width: 1000
Flags: H
TeX: 117 0
LayerCount: 2
Fore
SplineSet
411 234 m 25
 483 234 l 25
 483 234 550 135 603 81 c 24
 646 37 674 13 729 -15 c 24
 797 -50 915 -78 915 -78 c 25
 915 -78 868 -95 843 -114 c 24
 825 -127 829 -165 807 -159 c 0
 755 -144 711 -123 663 -81 c 24
 580 -8 539 41 477 132 c 0
 447 176 411 234 411 234 c 25
684 211 m 9
 363 211 l 25
 363 261 l 25
 702 261 l 17
 716 283 743 306 760 297 c 0
 799 276 811 238 817 212 c 0
 821 196 793 199 783 186 c 0
 744 138 712 106 659 55 c 0
 588 -14 541 -49 453 -93 c 24
 379 -130 329 -141 249 -150 c 1
 328 -104 373 -75 447 -20 c 24
 513 29 550 59 609 117 c 24
 643 150 661 175 684 211 c 9
816 331 m 25
 333 331 l 25
 333 381 l 25
 807 381 l 25
 829 394 841 426 864 414 c 24
 908 391 923 359 939 312 c 24
 944 298 919 301 906 294 c 25
 816 225 l 25
 816 331 l 25
340 450 m 1
 363 409 376 375 372 324 c 24
 368 279 361 242 321 219 c 24
 295 204 258 220 255 257 c 0
 253 284 283 302 297 333 c 24
 317 377 327 403 340 450 c 1
357 494 m 25
 756 494 l 25
 756 444 l 25
 357 444 l 25
 357 494 l 25
750 559 m 9
 369 559 l 25
 369 609 l 25
 750 609 l 17
 750 559 l 9
366 723 m 25
 696 723 l 25
 712 736 718 761 738 756 c 24
 773 746 790 725 807 693 c 24
 814 680 794 675 786 663 c 25
 786 591 l 2
 786 570 799 486 793 453 c 0
 785 411 750 399 730 399 c 0
 710 399 692 406 691 428 c 0
 690 448 696 540 696 576 c 2
 696 673 l 25
 366 673 l 25
 366 723 l 25
36 144 m 25
 126 156 l 17
 148 214 159 243 183 297 c 24
 210 358 227 395 255 453 c 9
 201 129 l 1
 201 129 233 58 236 9 c 24
 239 -44 239 -77 217 -125 c 24
 205 -150 183 -167 156 -162 c 24
 130 -157 121 -132 117 -105 c 24
 104 -25 107 24 114 103 c 9
 36 144 l 25
52 546 m 17
 102 535 127 529 162 498 c 24
 190 473 208 448 202 411 c 24
 197 385 166 368 141 379 c 24
 110 392 117 425 101 455 c 24
 82 491 71 511 52 546 c 17
153 775 m 1
 207 765 238 756 273 717 c 24
 299 689 306 657 292 621 c 24
 283 597 249 586 228 602 c 24
 196 626 207 661 191 697 c 24
 178 728 170 744 153 775 c 1
EndSplineSet
EndChar
