Width: 1000
Flags: H
TeX: 117 0
LayerCount: 2
Fore
SplineSet
654 471 m 25
 654 -75 l 17
 646 -104 640 -126 609 -129 c 1
 585 -127 574 -103 564 -75 c 9
 564 471 l 25
 654 471 l 25
420 166 m 1
 831 166 l 1
 831 116 l 1
 420 116 l 1
 420 166 l 1
408 335 m 1
 825 335 l 1
 825 285 l 1
 408 285 l 1
 408 335 l 1
774 -39 m 25
 774 445 l 25
 405 445 l 25
 405 495 l 25
 774 495 l 25
 790 508 796 533 816 528 c 24
 851 518 868 497 885 465 c 24
 892 452 872 447 864 435 c 25
 864 -48 l 26
 864 -91 836 -120 795 -135 c 24
 772 -144 769 -106 750 -90 c 24
 723 -68 706 -59 678 -39 c 25
 774 -39 l 25
369 516 m 25
 369 516 448 500 480 465 c 24
 494 450 467 436 459 417 c 25
 459 -79 l 17
 451 -108 445 -130 414 -133 c 1
 390 -131 379 -107 369 -79 c 9
 369 516 l 25
528 648 m 1
 565 644 596 636 632 614 c 24
 663 595 683 579 696 545 c 24
 704 525 696 505 678 494 c 24
 660 483 641 489 626 503 c 24
 603 524 607 550 591 573 c 0
 572 600 558 617 528 648 c 1
749 687 m 25
 408 691 l 25
 408 741 l 25
 750 741 l 25
 770 752 780 778 800 768 c 24
 837 750 852 723 866 684 c 24
 871 670 850 669 839 659 c 25
 663 564 l 25
 627 588 l 25
 749 687 l 25
69 141 m 25
 138 150 l 25
 164 203 178 233 204 285 c 24
 243 364 267 407 306 486 c 24
 329 533 340 557 363 609 c 9
 328 490 307 423 273 303 c 24
 252 228 222 111 222 111 c 1
 222 111 250 12 240 -51 c 24
 235 -87 221 -119 186 -126 c 24
 158 -132 142 -100 135 -72 c 24
 121 -15 135 20 135 78 c 25
 69 141 l 25
57 555 m 1
 116 545 148 537 193 502 c 24
 218 483 224 458 223 427 c 24
 223 407 210 393 191 388 c 24
 172 383 158 392 145 406 c 24
 125 428 125 448 112 475 c 0
 96 508 84 524 57 555 c 1
150 774 m 17
 199 771 237 764 283 736 c 24
 312 719 327 698 333 665 c 24
 337 644 323 625 303 620 c 24
 281 614 263 627 250 643 c 0
 229 669 227 688 207 714 c 24
 187 740 172 751 150 774 c 17
EndSplineSet
EndChar
