Width: 1000
Flags: H
TeX: 117 0
LayerCount: 2
Fore
SplineSet
750 438 m 25
 876 438 l 25
 876 438 899 474 924 483 c 1
 950 479 938 450 969 417 c 1
 977 399 960 388 942 388 c 9
 750 388 l 25
 750 438 l 25
714 702 m 1
 804 702 l 1
 804 114 l 1
 714 114 l 1
 714 702 l 1
948 690 m 24
 952 682 927 681 927 681 c 1
 927 681 770 653 669 642 c 24
 612 636 579 638 522 636 c 25
 586 662 623 676 687 702 c 24
 763 732 806 750 882 780 c 25
 908 745 930 730 948 690 c 24
558 120 m 9
 558 480 l 25
 601 460 637 464 669 429 c 24
 683 414 656 400 648 381 c 25
 648 210 l 17
 642 180 660 155 693 162 c 9
 900 162 l 25
 919 144 946 143 948 117 c 24
 950 94 922 91 906 75 c 25
 606 75 l 17
 576 81 567 98 558 120 c 9
300 306 m 25
 340 249 362 216 402 159 c 24
 431 118 440 88 477 54 c 24
 519 15 549 -12 600 -27 c 9
 885 -27 l 25
 978 -15 l 25
 960 -36 951 -49 933 -69 c 24
 917 -86 907 -95 891 -111 c 25
 570 -111 l 25
 547 -99 529 -99 510 -81 c 24
 463 -38 436 -12 402 42 c 24
 370 92 365 128 342 183 c 25
 300 306 l 25
456 343 m 25
 339 343 l 25
 339 393 l 25
 462 393 l 25
 478 406 484 433 504 426 c 24
 537 414 552 391 561 357 c 24
 566 337 545 330 534 312 c 25
 511 246 503 207 474 144 c 24
 445 81 428 45 387 -12 c 24
 355 -57 333 -82 288 -114 c 24
 260 -134 237 -132 204 -144 c 25
 233 -110 253 -93 279 -57 c 24
 317 -5 341 23 369 81 c 24
 397 139 403 176 423 237 c 24
 437 278 443 302 456 343 c 25
390 634 m 25
 273 634 l 25
 273 684 l 25
 387 684 l 25
 407 696 416 722 438 714 c 24
 474 700 485 673 504 639 c 24
 508 631 495 628 489 621 c 25
 467 573 454 546 432 498 c 24
 407 442 403 405 369 354 c 24
 356 335 340 318 318 324 c 24
 298 329 295 352 297 372 c 24
 302 415 321 436 336 477 c 24
 358 538 369 573 390 634 c 25
36 147 m 25
 105 162 l 25
 121 205 131 230 147 273 c 24
 185 374 206 430 243 531 c 25
 192 147 l 1
 192 147 231 27 228 -51 c 24
 227 -83 213 -109 183 -120 c 24
 160 -128 137 -110 129 -87 c 24
 107 -23 118 19 111 87 c 25
 36 147 l 25
33 522 m 25
 72 510 99 515 132 492 c 24
 159 473 172 453 177 420 c 24
 181 395 175 372 153 360 c 24
 133 349 112 358 96 375 c 24
 73 399 76 423 63 453 c 24
 51 480 45 495 33 522 c 25
96 753 m 25
 137 746 163 752 201 735 c 24
 230 722 251 709 261 678 c 24
 269 653 261 631 240 615 c 24
 224 603 206 612 189 624 c 24
 168 639 165 657 150 678 c 24
 129 707 117 724 96 753 c 25
EndSplineSet
EndChar
