Width: 1000
Flags: HW
LayerCount: 2
Fore
SplineSet
84 66 m 25
 159 96 l 25
 177.72 147.48 187.268 176.899 207 228 c 24
 232.905 295.087 247.303 333.059 276 399 c 24
 302.315 459.469 319.92 492.33 348 552 c 25
 335.13 473.61 330.823 428.848 315 351 c 24
 301.548 284.816 288.283 248.784 273 183 c 24
 261.368 132.934 246 54 246 54 c 1
 246 54 279.53 -45.6904 276 -111 c 24
 274.51 -138.572 261.602 -168.789 234 -168 c 24
 200.084 -167.031 184.6 -139.085 171 -108 c 24
 150.106 -60.2432 158.19 -27.4805 150 24 c 25
 84 66 l 25
66 534 m 17
 111 531 141.125 528.434 177 501 c 24
 206.095 478.751 221.61 453.534 219 417 c 24
 217.164 391.299 192.775 367.921 168 375 c 24
 134.251 384.643 132.952 417.457 114 447 c 24
 93.0762 479.617 84.7197 500.07 66 534 c 17
141 762 m 17
 198 750 235.664 746.237 279 708 c 24
 303.09 686.744 305.775 656.892 294 627 c 24
 285.863 606.346 260.567 600.645 240 609 c 24
 214.418 619.393 213.001 642.817 198 666 c 24
 174.346 702.557 163.23 724.56 141 762 c 17
504 114 m 1
 711 114 l 1
 711 64 l 1
 504 64 l 1
 504 114 l 1
498 294 m 1
 705 294 l 1
 705 244 l 1
 498 244 l 1
 498 294 l 1
498 434 m 25
 660 434 l 25
 676.38 446.87 681.891 472.435 702 467 c 24
 737.178 457.492 754.287 436.381 771 404 c 24
 777.55 391.309 758.19 385.7 750 374 c 25
 750 74 l 17
 742 45 736 23 705 20 c 1
 681 22 670 46 660 74 c 9
 660 384 l 25
 498 384 l 25
 498 434 l 25
453 471 m 25
 496.29 451.11 531.953 455.251 564 420 c 24
 577.745 404.881 551.19 390.72 543 372 c 25
 543 38 l 17
 535 9 529 -13 498 -16 c 1
 474 -14 463 10 453 38 c 9
 453 471 l 25
849 38 m 25
 849 543 l 25
 495 543 l 25
 495 593 l 25
 849 593 l 25
 865.38 605.87 870.891 631.435 891 626 c 24
 926.178 616.492 943.287 595.381 960 563 c 24
 966.55 550.309 947.19 544.7 939 533 c 25
 939 -25 l 17
 921 -61 917.394 -83.6269 891 -112 c 24
 868.858 -135.802 851.273 -157.912 819 -154 c 24
 795.625 -151.167 808.876 -116.42 792 -100 c 24
 764.087 -72.8408 740.76 -67.0596 708 -46 c 25
 810 -46 l 25
 820.53 -33.1299 829.998 -28.0822 837 -13 c 24
 845.604 5.5332 844.32 18.1104 849 38 c 25
480 764 m 25
 524.46 751.13 555.68 756.959 594 731 c 24
 605.824 722.99 581.19 712.7 573 701 c 25
 555.45 655.37 549.136 628.084 528 584 c 24
 508.047 542.384 495.354 519.173 468 482 c 24
 449.367 456.679 433.23 447.23 411 425 c 25
 422.7 477.65 430.243 507.149 441 560 c 24
 457.155 639.373 464.79 684.44 480 764 c 25
EndSplineSet
EndChar
