Width: 1000
Flags: H
TeX: 117 0
LayerCount: 2
Fore
SplineSet
741 444 m 25
 769.08 383.16 779.823 346.217 813 288 c 24
 842.093 236.951 860.233 208.255 900 165 c 24
 927.715 134.854 951.24 126.57 984 102 c 25
 972.3 93.8096 964.494 90.6867 954 81 c 24
 933.93 62.4736 931.318 19.7521 906 30 c 24
 859.58 48.7891 855.623 90.2292 828 132 c 24
 807.5 163 799.173 182.539 783 216 c 24
 765.216 252.794 757.38 274.56 741 312 c 25
 741 444 l 25
726 261 m 25
 713.13 232.92 711.833 213.483 693 189 c 24
 664.243 151.616 643.408 133.724 606 105 c 24
 577.338 82.9912 556.59 77.5498 525 60 c 25
 557.76 106.8 581.448 129.957 609 180 c 24
 639.082 234.64 651.022 268.261 672 327 c 24
 692.054 383.15 697.62 416.67 714 474 c 25
 726 261 l 25
687 759 m 25
 730 739 766 743 798 708 c 24
 812 693 785 679 777 660 c 25
 777 -96 l 17
 769 -125 763 -147 732 -150 c 1
 708 -148 697 -124 687 -96 c 9
 687 759 l 25
600 501 m 25
 858 501 l 25
 858 501 881 537 906 546 c 1
 932 542 920 513 951 480 c 1
 959 462 942 451 924 451 c 9
 600 451 l 25
 600 501 l 25
489 417 m 25
 525.27 397.11 551.736 394.2 582 366 c 24
 605.363 344.229 618.922 325.867 621 294 c 24
 622.84 265.785 615.423 242.247 591 228 c 24
 574.704 218.494 560.71 237.208 549 252 c 24
 536.826 267.377 543.801 283.012 534 300 c 24
 525.731 314.332 515.7 318.3 504 330 c 25
 489 417 l 25
462 378 m 25
 444.45 308.97 447.038 265.582 417 201 c 24
 398.844 161.964 376.792 145.357 342 120 c 24
 306.471 94.1055 279.78 90.7197 240 72 c 25
 278.61 121.14 306.933 144.36 339 198 c 24
 371.795 252.857 382.998 287.994 405 348 c 24
 421.709 393.57 425.13 421.2 438 468 c 25
 462 378 l 25
426 759 m 25
 469 739 505 743 537 708 c 24
 551 693 524 679 516 660 c 25
 516 -126 l 17
 508 -155 502 -177 471 -180 c 1
 447 -178 436 -154 426 -126 c 9
 426 759 l 25
303 498 m 25
 534 498 l 25
 534 498 557 534 582 543 c 1
 608 539 596 510 627 477 c 1
 635 459 618 448 600 448 c 9
 303 448 l 25
 303 498 l 25
63 90 m 25
 135 105 l 25
 152.55 152.97 162.906 179.866 180 228 c 24
 207.367 305.06 220.355 349.406 249 426 c 24
 274.19 493.358 291.09 530.31 318 597 c 25
 299.28 497.55 291.953 440.787 270 342 c 24
 247.47 240.613 204 84 204 84 c 1
 204 84 223.689 7.80078 225 -42 c 24
 226.058 -82.1943 235.838 -113.193 210 -144 c 24
 194.051 -163.017 156.683 -157.853 147 -135 c 24
 121.372 -74.5186 135 33 135 33 c 1
 63 90 l 25
69 531 m 25
 105.27 512.28 133.139 511.861 162 483 c 24
 188.642 456.358 202.463 433.645 204 396 c 24
 205.113 368.733 194.416 342.849 168 336 c 24
 145.52 330.172 133.84 354.461 123 375 c 24
 110.251 399.156 119.935 418.189 111 444 c 24
 98.6758 479.604 85.3799 497.07 69 531 c 25
150 768 m 25
 193.29 744.6 226.557 743.146 261 708 c 24
 287.46 681 302.346 655.424 297 618 c 24
 293.421 592.943 268.298 581.184 243 582 c 24
 221.501 582.693 213.62 601.761 204 621 c 24
 195.044 638.913 204.906 653.201 198 672 c 24
 183.566 711.292 168.72 730.56 150 768 c 25
EndSplineSet
EndChar
