Width: 1000
Flags: H
TeX: 117 0
LayerCount: 2
Fore
SplineSet
235 255 m 9
 235 693 l 25
 310 693 l 25
 310 309 l 17
 312 294 316 282 328 282 c 9
 381 282 l 25
 381 207 l 25
 277 207 l 17
 259 216 248 209 235 255 c 9
155 378 m 25
 155 696 l 25
 230 696 l 25
 230 336 l 25
 224 314 230 297 215 279 c 24
 189 247 164 241 131 216 c 25
 131 285 l 25
 140 300 151 307 155 324 c 24
 160 344 155 357 155 378 c 25
810 147 m 25
 849 127 878 126 909 96 c 24
 918 87 893 85 882 78 c 25
 807 -12 l 25
 768 12 l 25
 810 147 l 25
651 144 m 25
 711 144 l 25
 730 116 735 96 759 72 c 24
 804 28 831 5 885 -27 c 24
 920 -48 945 -49 984 -63 c 25
 961 -82 946 -90 924 -111 c 24
 911 -123 915 -148 897 -147 c 24
 870 -146 859 -127 840 -108 c 24
 799 -69 778 -45 744 0 c 24
 704 53 687 88 651 144 c 25
480 -96 m 25
 543 -80 580 -75 642 -54 c 24
 688 -38 712 -21 756 0 c 25
 786 -33 l 25
 704 -84 658 -114 576 -165 c 24
 561 -174 551 -196 537 -186 c 24
 503 -162 502 -131 480 -96 c 25
567 126 m 1
 657 126 l 1
 657 -102 l 1
 567 -102 l 1
 567 126 l 1
555 138 m 25
 639 138 l 25
 610 96 596 70 564 30 c 24
 545 6 535 -9 510 -27 c 24
 481 -48 461 -53 429 -69 c 25
 466 -20 493 4 525 57 c 24
 543 86 543 106 555 138 c 25
450 171 m 25
 804 171 l 25
 833 199 842 231 867 240 c 1
 893 236 935 183 966 150 c 1
 974 132 957 121 939 121 c 9
 450 121 l 25
 450 171 l 25
687 147 m 25
 687 456 l 25
 730 436 766 440 798 405 c 24
 812 390 785 376 777 357 c 25
 777 147 l 25
 687 147 l 25
561 141 m 25
 561 459 l 25
 604 439 640 443 672 408 c 24
 686 393 659 379 651 360 c 25
 651 141 l 25
 561 141 l 25
468 264 m 25
 798 264 l 25
 798 264 821 300 846 309 c 1
 872 305 860 276 891 243 c 1
 899 225 882 214 864 214 c 9
 468 214 l 25
 468 264 l 25
447 366 m 25
 855 366 l 25
 855 366 878 402 903 411 c 1
 929 407 917 378 948 345 c 1
 956 327 939 316 921 316 c 9
 447 316 l 25
 447 366 l 25
705 517 m 1
 843 517 l 1
 843 467 l 1
 705 467 l 1
 705 517 l 1
699 615 m 25
 825 615 l 25
 841 628 847 653 867 648 c 24
 902 638 919 617 936 585 c 24
 943 572 923 567 915 555 c 25
 915 495 l 17
 907 466 901 444 870 441 c 1
 846 443 835 467 825 495 c 9
 825 565 l 25
 699 565 l 25
 699 615 l 25
690 636 m 25
 733 616 769 620 801 585 c 24
 815 570 788 556 780 537 c 25
 780 492 l 17
 772 463 766 441 735 438 c 1
 711 440 700 464 690 492 c 9
 690 636 l 25
480 505 m 1
 636 505 l 1
 636 455 l 1
 480 455 l 1
 480 505 l 1
480 606 m 25
 594 606 l 25
 610 619 616 644 636 639 c 24
 671 629 688 608 705 576 c 24
 712 563 692 558 684 546 c 25
 684 498 l 17
 676 469 670 447 639 444 c 1
 615 446 604 470 594 498 c 9
 594 556 l 25
 480 556 l 25
 480 606 l 25
459 633 m 25
 502 613 538 617 570 582 c 24
 584 567 557 553 549 534 c 25
 549 474 l 17
 541 445 535 423 504 420 c 1
 480 422 469 446 459 474 c 9
 459 633 l 25
429 702 m 25
 858 702 l 25
 858 702 881 738 906 747 c 1
 932 743 920 714 951 681 c 1
 959 663 942 652 924 652 c 9
 429 652 l 25
 429 702 l 25
621 675 m 25
 621 798 l 25
 664 778 700 782 732 747 c 24
 746 732 719 718 711 699 c 25
 711 675 l 25
 621 675 l 25
102 -16 m 1
 393 -16 l 1
 393 -66 l 1
 102 -66 l 1
 102 -16 l 1
120 128 m 1
 372 128 l 1
 372 78 l 1
 120 78 l 1
 120 128 l 1
99 558 m 25
 324 558 l 25
 340 571 346 596 366 591 c 24
 401 581 418 560 435 528 c 24
 442 515 422 510 414 498 c 25
 414 -81 l 17
 406 -110 400 -132 369 -135 c 1
 345 -133 334 -109 324 -81 c 9
 324 508 l 25
 99 508 l 25
 99 558 l 25
60 582 m 25
 103 562 139 566 171 531 c 24
 185 516 158 502 150 483 c 25
 150 -93 l 17
 142 -122 136 -144 105 -147 c 1
 81 -145 70 -121 60 -93 c 9
 60 582 l 25
36 723 m 25
 336 723 l 25
 336 723 359 759 384 768 c 1
 410 764 398 735 429 702 c 1
 437 684 420 673 402 673 c 9
 36 673 l 25
 36 723 l 25
EndSplineSet
EndChar
