Width: 1000
Flags: H
TeX: 117 0
LayerCount: 2
Fore
SplineSet
702 345 m 9
 702 756 l 25
 702 756 781 740 813 705 c 24
 827 690 800 676 792 657 c 25
 792 345 l 17
 702 345 l 9
603 -22 m 25
 877 -22 l 25
 877 -72 l 25
 603 -72 l 25
 603 -22 l 25
594 222 m 25
 837 222 l 25
 853 235 859 260 879 255 c 24
 914 245 931 224 948 192 c 24
 955 179 935 174 927 162 c 25
 927 63 l 2
 927 42 940 -42 934 -75 c 0
 926 -117 891 -129 871 -129 c 0
 851 -129 833 -122 832 -100 c 0
 831 -80 837 12 837 48 c 2
 837 172 l 25
 594 172 l 25
 594 222 l 25
573 264 m 25
 573 264 652 248 684 213 c 24
 698 198 671 184 663 165 c 25
 663 50 l 2
 663 29 672 -55 666 -88 c 0
 658 -130 623 -142 603 -142 c 0
 583 -142 565 -135 564 -113 c 0
 563 -93 573 -1 573 35 c 2
 573 264 l 25
531 375 m 25
 880 375 l 25
 880 375 902 406 926 415 c 1
 945 408 969 380 988 354 c 1
 996 336 980 325 962 325 c 9
 531 325 l 25
 531 375 l 25
600 573 m 25
 825 573 l 25
 825 573 847 604 871 613 c 1
 890 606 914 578 933 552 c 1
 941 534 925 523 907 523 c 9
 600 523 l 25
 600 573 l 25
564 689 m 25
 564 689 625 679 657 657 c 24
 666 651 649 642 648 632 c 0
 641 583 635 552 612 507 c 24
 585 453 562 425 522 382 c 1
 543 457 549 503 558 582 c 0
 563 628 564 689 564 689 c 25
474 177 m 25
 333 177 l 17
 305 182 281 200 276 225 c 9
 276 677 l 25
 366 677 l 25
 366 293 l 17
 366 272 386 258 402 257 c 9
 474 257 l 25
 474 177 l 25
159 413 m 26
 159 677 l 25
 249 677 l 25
 249 404 l 26
 249 352 248 321 230 273 c 24
 214 231 196 210 164 180 c 24
 144 161 127 156 99 150 c 1
 118 183 131 216 141 261 c 24
 154 319 159 353 159 413 c 26
93 -44 m 25
 439 -44 l 25
 439 -94 l 25
 93 -94 l 25
 93 -44 l 25
87 103 m 25
 441 103 l 25
 441 53 l 25
 87 53 l 25
 87 103 l 25
114 522 m 25
 408 522 l 25
 424 535 430 560 450 555 c 24
 485 545 502 524 519 492 c 24
 526 479 506 474 498 462 c 25
 498 53 l 2
 498 32 511 -52 505 -85 c 0
 497 -127 462 -139 442 -139 c 0
 422 -139 404 -132 403 -110 c 0
 402 -90 408 2 408 38 c 2
 408 472 l 25
 114 472 l 25
 114 522 l 25
42 554 m 25
 42 554 121 538 153 503 c 24
 167 488 140 474 132 455 c 25
 132 53 l 2
 132 32 141 -52 135 -85 c 0
 127 -127 92 -139 72 -139 c 0
 52 -139 34 -132 33 -110 c 0
 32 -90 42 2 42 38 c 2
 42 554 l 25
27 708 m 25
 429 708 l 25
 429 708 451 739 475 748 c 1
 494 741 518 713 537 687 c 1
 545 669 529 658 511 658 c 9
 27 658 l 25
 27 708 l 25
EndSplineSet
EndChar
