Width: 1000
Flags: H
TeX: 117 0
LayerCount: 2
Fore
SplineSet
615 363 m 25
 646.59 333.75 673.757 324.86 696 288 c 24
 716.526 253.985 726.106 228.256 720 189 c 24
 716.545 166.792 696.94 148.125 675 153 c 24
 650.292 158.49 647.209 183.058 639 207 c 24
 632.549 225.814 642.024 238.341 639 258 c 24
 632.612 299.518 624.36 322.05 615 363 c 25
759 -57 m 25
 759 753 l 25
 802.29 733.11 837.953 737.251 870 702 c 24
 883.745 686.881 857.19 672.72 849 654 c 25
 849 -90 l 17
 840 -117 822.812 -150.182 789 -153 c 24
 760.92 -155.34 762.06 -117.72 741 -99 c 24
 719.651 -80.0234 704.4 -73.3799 681 -57 c 25
 759 -57 l 25
555 504 m 25
 870 504 l 25
 870 504 893 540 918 549 c 1
 944 545 932 516 963 483 c 1
 971 465 954 454 936 454 c 9
 555 454 l 25
 555 504 l 25
317 300 m 9
 317 672 l 25
 407 672 l 25
 407 366 l 17
 411 351 413.726 335.54 428 336 c 24
 458.873 336.996 471.92 356.13 500 369 c 25
 484.79 342.09 472.204 328.809 461 300 c 24
 455.471 285.782 459.17 276.21 458 261 c 25
 363 261 l 17
 336.708 265.379 334.755 269.372 317 300 c 9
206 432 m 25
 206 672 l 25
 296 672 l 25
 296 369 l 17
 285 342 281.533 319.748 258 300 c 24
 223.127 270.736 193.95 268.89 153 249 c 25
 153 303 l 25
 172.89 324.06 192.991 330.205 204 357 c 24
 215.12 384.065 205.22 402.75 206 432 c 25
150 1 m 1
 513 1 l 1
 513 -49 l 1
 150 -49 l 1
 150 1 l 1
156 167 m 1
 495 167 l 1
 495 117 l 1
 156 117 l 1
 156 167 l 1
153 528 m 25
 459 528 l 25
 475 541 481 566 501 561 c 24
 536 551 553 530 570 498 c 24
 577 485 557 480 549 468 c 25
 549 -69 l 17
 541 -98 535 -120 504 -123 c 1
 480 -121 469 -97 459 -69 c 9
 459 478 l 25
 153 478 l 25
 153 528 l 25
108 558 m 25
 151 538 187 542 219 507 c 24
 233 492 206 478 198 459 c 25
 198 -84 l 17
 190 -113 184 -135 153 -138 c 1
 129 -136 118 -112 108 -84 c 9
 108 558 l 25
66 696 m 25
 504 696 l 25
 504 696 527 732 552 741 c 1
 578 737 566 708 597 675 c 1
 605 657 588 646 570 646 c 9
 66 646 l 25
 66 696 l 25
EndSplineSet
EndChar
