Width: 1000
Flags: H
TeX: 117 0
LayerCount: 2
Fore
SplineSet
663 168 m 25
 663 168 736 142 759 103 c 24
 769 86 739 79 726 64 c 17
 695 25 672 1 630 -32 c 24
 596 -58 574 -68 534 -86 c 1
 574 -15 596 27 633 100 c 24
 646 126 663 168 663 168 c 25
459 774 m 25
 459 774 519 740 546 706 c 24
 552 698 537 693 531 684 c 25
 488 628 466 594 420 540 c 0
 348 456 308 418 222 357 c 24
 153 307 111 282 27 259 c 1
 111 333 156 370 228 451 c 24
 302 534 338 585 399 678 c 0
 424 716 459 774 459 774 c 25
228 157 m 17
 287 130 315 116 360 76 c 24
 387 52 402 33 408 -2 c 24
 412 -26 406 -50 384 -60 c 24
 361 -71 337 -62 321 -42 c 0
 306 -24 297 9 282 42 c 24
 261 87 249 112 228 157 c 17
123 -95 m 25
 729 -95 l 25
 758 -67 767 -35 792 -26 c 1
 818 -30 860 -83 891 -116 c 1
 899 -134 882 -145 864 -145 c 9
 123 -145 l 25
 123 -95 l 25
453 390 m 25
 543 390 l 25
 543 -116 l 25
 453 -116 l 25
 453 390 l 25
177 250 m 25
 654 250 l 25
 683 278 692 310 717 319 c 1
 743 315 785 262 816 229 c 1
 824 211 807 200 789 200 c 9
 177 200 l 25
 177 250 l 25
312 424 m 25
 597 424 l 25
 597 424 619 455 643 464 c 1
 662 457 686 429 705 403 c 1
 713 385 697 374 679 374 c 9
 312 374 l 25
 312 424 l 25
510 720 m 25
 567 665 596 630 657 579 c 24
 703 540 731 520 783 489 c 24
 810 473 975 405 975 405 c 25
 975 405 950 387 936 373 c 24
 920 357 920 328 897 330 c 24
 845 336 820 361 777 390 c 24
 704 440 664 471 600 532 c 24
 545 584 474 679 474 679 c 25
 510 720 l 25
EndSplineSet
EndChar
