Width: 1000
Flags: H
TeX: 117 0
LayerCount: 2
Fore
SplineSet
363 -67 m 25
 849 -67 l 25
 849 -117 l 25
 363 -117 l 25
 363 -67 l 25
381 125 m 25
 828 125 l 25
 828 75 l 25
 381 75 l 25
 381 125 l 25
867 213 m 25
 693 213 l 17
 665 218 641 236 636 261 c 9
 636 681 l 25
 726 681 l 25
 726 329 l 17
 726 308 746 294 762 293 c 9
 867 293 l 25
 867 213 l 25
477 402 m 10
 477 696 l 25
 567 696 l 25
 567 462 l 18
 567 396 560 358 537 297 c 24
 523 259 506 239 474 213 c 24
 440 185 417 173 372 162 c 1
 409 209 423 228 444 276 c 24
 464 323 477 354 477 402 c 10
372 525 m 25
 804 525 l 25
 820 538 826 563 846 558 c 24
 881 548 898 527 915 495 c 24
 922 482 902 477 894 465 c 25
 894 -111 l 17
 886 -140 880 -162 849 -165 c 1
 825 -163 814 -139 804 -111 c 9
 804 475 l 25
 372 475 l 25
 372 525 l 25
321 558 m 25
 364 538 400 542 432 507 c 24
 446 492 419 478 411 459 c 25
 411 -115 l 17
 403 -144 397 -166 366 -169 c 1
 342 -167 331 -143 321 -115 c 9
 321 558 l 25
309 723 m 25
 792 723 l 25
 821 751 830 783 855 792 c 1
 881 788 923 735 954 702 c 1
 962 684 945 673 927 673 c 9
 309 673 l 25
 309 723 l 25
42 82 m 25
 111 99 l 25
 138 179 150 225 180 303 c 24
 216 397 282 540 282 540 c 1
 267 432 259 391 240 297 c 24
 223 213 189 82 189 82 c 1
 189 82 222 -28 216 -99 c 24
 213 -133 201 -165 168 -172 c 24
 137 -179 111 -154 102 -123 c 24
 84 -64 104 -27 105 35 c 25
 42 82 l 25
48 546 m 17
 89 536 110 529 143 506 c 24
 167 489 184 476 189 447 c 24
 194 421 188 396 165 384 c 0
 150 376 130 384 115 398 c 24
 95 416 95 435 84 459 c 24
 69 492 62 512 48 546 c 17
117 774 m 17
 190 766 214 757 258 717 c 24
 286 692 295 660 282 624 c 24
 274 600 242 594 219 606 c 24
 187 623 185 654 168 684 c 0
 148 719 137 739 117 774 c 17
EndSplineSet
EndChar
