Width: 1000
Flags: HW
TeX: 117 0
LayerCount: 2
Fore
SplineSet
692 222 m 10
 561 222 l 17
 533 227 509 245 504 270 c 9
 504 664 l 25
 594 664 l 25
 594 338 l 17
 594 317 614 303 630 302 c 9
 650 302 l 25
 650 302 663 326 671 341 c 24
 686 372 709 420 709 420 c 25
 709 420 708 358 715 320 c 24
 719 297 741 287 736 265 c 24
 731 242 717 222 692 222 c 10
361 447 m 26
 361 664 l 25
 451 664 l 25
 451 456 l 18
 451 381 446 347 406 296 c 24
 361 238 247 195 247 195 c 25
 243 265 l 25
 243 265 304 293 326 327 c 24
 353 368 361 398 361 447 c 26
221 -35 m 1
 773 -35 l 1
 773 -85 l 1
 221 -85 l 1
 221 -35 l 1
224 138 m 1
 790 138 l 1
 790 88 l 1
 224 88 l 1
 224 138 l 1
217 532 m 25
 721 532 l 25
 737 545 743 570 763 565 c 24
 798 555 815 534 832 502 c 24
 839 489 819 484 811 472 c 25
 811 -100 l 17
 803 -129 797 -151 766 -154 c 1
 742 -152 731 -128 721 -100 c 9
 721 482 l 25
 217 482 l 25
 217 532 l 25
176 558 m 25
 176 558 255 542 287 507 c 24
 301 492 274 478 266 459 c 25
 266 -104 l 17
 258 -133 252 -155 221 -158 c 1
 197 -156 186 -132 176 -104 c 9
 176 558 l 25
114 699 m 25
 738 699 l 25
 738 699 776 759 801 768 c 1
 827 764 869 711 900 678 c 1
 908 660 891 649 873 649 c 9
 114 649 l 25
 114 699 l 25
EndSplineSet
EndChar
