Width: 1000
Flags: H
TeX: 117 0
LayerCount: 2
Fore
SplineSet
459 297 m 25
 549 297 l 25
 549 -153 l 25
 459 -153 l 25
 459 297 l 25
45 -132 m 25
 810 -132 l 25
 839 -104 848 -72 873 -63 c 1
 899 -67 941 -120 972 -153 c 1
 980 -171 963 -182 945 -182 c 9
 45 -182 l 25
 45 -132 l 25
153 -12 m 25
 720 -12 l 25
 749 16 758 48 783 57 c 1
 809 53 851 0 882 -33 c 1
 890 -51 873 -62 855 -62 c 9
 153 -62 l 25
 153 -12 l 25
249 100 m 25
 798 100 l 25
 798 50 l 25
 249 50 l 25
 249 100 l 25
243 214 m 25
 780 214 l 25
 780 164 l 25
 243 164 l 25
 243 214 l 25
243 324 m 25
 723 324 l 25
 739 337 745 362 765 357 c 24
 800 347 817 326 834 294 c 24
 841 281 821 276 813 264 c 25
 813 87 l 17
 805 58 799 36 768 33 c 1
 744 35 733 59 723 87 c 9
 723 274 l 25
 243 274 l 25
 243 324 l 25
207 357 m 25
 250 337 286 341 318 306 c 24
 332 291 305 277 297 258 c 25
 297 99 l 17
 289 70 283 48 252 45 c 1
 228 47 217 71 207 99 c 9
 207 357 l 25
45 420 m 25
 838 420 l 25
 867 448 876 480 901 489 c 1
 927 485 969 432 1000 399 c 1
 1008 381 991 370 973 370 c 9
 45 370 l 25
 45 420 l 25
261 512 m 25
 780 512 l 25
 780 462 l 25
 261 462 l 25
 261 512 l 25
270 619 m 25
 777 619 l 25
 777 569 l 25
 270 569 l 25
 270 619 l 25
249 723 m 25
 726 723 l 25
 742 736 748 761 768 756 c 24
 803 746 820 725 837 693 c 24
 844 680 824 675 816 663 c 25
 816 501 l 17
 808 472 802 450 771 447 c 1
 747 449 736 473 726 501 c 9
 726 673 l 25
 249 673 l 25
 249 723 l 25
219 759 m 25
 262 739 298 743 330 708 c 24
 344 693 317 679 309 660 c 25
 309 498 l 17
 301 469 295 447 264 444 c 1
 240 446 229 470 219 498 c 9
 219 759 l 25
EndSplineSet
EndChar
