Width: 1000
Flags: H
TeX: 117 0
LayerCount: 2
Fore
SplineSet
795 681 m 17
 834 666 871 647 900 605 c 24
 922 573 933 541 915 507 c 24
 903 484 867 489 849 508 c 24
 822 537 834 568 822 606 c 24
 813 636 806 652 795 681 c 17
561 192 m 25
 591 243 l 25
 591 243 636 170 672 129 c 24
 731 64 766 29 834 -27 c 24
 870 -57 936 -90 936 -90 c 25
 936 -90 891 -104 864 -117 c 24
 844 -127 849 -143 816 -150 c 0
 801 -153 753 -97 720 -57 c 24
 674 -1 654 35 615 96 c 24
 592 132 561 192 561 192 c 25
747 193 m 25
 573 193 l 25
 573 243 l 25
 747 243 l 25
 768 256 777 282 801 276 c 24
 837 266 850 241 870 210 c 24
 875 202 861 199 855 192 c 24
 813 137 796 100 747 51 c 24
 701 5 669 -14 615 -48 c 24
 567 -78 540 -96 486 -114 c 24
 437 -130 406 -133 354 -135 c 1
 453 -84 498 -60 582 0 c 24
 635 39 661 67 704 117 c 24
 726 143 747 193 747 193 c 25
567 327 m 25
 567 327 624 312 651 288 c 24
 659 281 645 273 639 264 c 24
 594 192 579 144 522 81 c 24
 483 38 447 20 399 0 c 1
 449 68 479 113 519 192 c 24
 545 242 567 327 567 327 c 25
891 318 m 26
 744 318 l 17
 716 323 692 341 687 366 c 9
 687 546 l 25
 777 546 l 25
 777 434 l 17
 777 413 797 399 813 398 c 9
 852 398 l 25
 879 483 l 25
 884 450 881 431 891 399 c 24
 897 380 918 376 918 357 c 24
 918 339 909 318 891 318 c 26
564 543 m 25
 657 543 l 25
 657 543 641 476 622 437 c 24
 603 398 591 376 561 345 c 24
 525 308 501 288 456 264 c 1
 492 323 514 362 540 429 c 24
 556 471 564 543 564 543 c 25
483 591 m 25
 843 591 l 25
 849 540 l 25
 734 529 669 527 555 513 c 24
 541 511 531 491 522 501 c 24
 496 529 498 556 483 591 c 25
660 786 m 25
 660 786 721 768 744 738 c 24
 754 725 731 716 723 702 c 24
 689 647 670 616 636 561 c 25
 588 561 l 25
 607 617 618 649 636 705 c 24
 646 736 660 786 660 786 c 25
405 267 m 25
 317 267 l 17
 289 272 265 290 260 315 c 9
 260 705 l 25
 350 705 l 25
 350 383 l 17
 350 362 370 348 386 347 c 9
 405 347 l 25
 405 267 l 25
157 444 m 10
 157 705 l 25
 247 705 l 25
 247 402 l 18
 247 345 234 319 201 280 c 24
 176 251 145 249 111 243 c 1
 130 268 137 283 144 312 c 24
 156 362 157 388 157 444 c 10
90 28 m 25
 396 28 l 25
 396 -22 l 25
 90 -22 l 25
 90 28 l 25
90 169 m 25
 408 169 l 25
 408 119 l 25
 90 119 l 25
 90 169 l 25
84 573 m 25
 369 573 l 25
 385 586 391 611 411 606 c 24
 446 596 463 575 480 543 c 24
 487 530 467 525 459 513 c 25
 459 -3 l 17
 451 -32 445 -54 414 -57 c 1
 390 -55 379 -31 369 -3 c 9
 369 523 l 25
 84 523 l 25
 84 573 l 25
54 603 m 25
 54 603 133 587 165 552 c 24
 179 537 152 523 144 504 c 25
 144 -18 l 17
 136 -47 130 -69 99 -72 c 1
 75 -70 64 -46 54 -18 c 9
 54 603 l 25
36 729 m 25
 393 729 l 25
 393 729 415 760 439 769 c 1
 458 762 482 734 501 708 c 1
 509 690 493 679 475 679 c 9
 36 679 l 25
 36 729 l 25
EndSplineSet
EndChar
