Width: 1000
Flags: H
TeX: 117 0
LayerCount: 2
Fore
SplineSet
534 57 m 25
 573.78 27.75 605.66 7.40397 648 -18 c 24
 682.126 -38.4756 704.73 -43.6201 741 -60 c 25
 978 -60 l 25
 955.77 -81.0596 943.319 -93.0339 921 -114 c 24
 904.708 -129.305 901.024 -149.182 879 -153 c 24
 808.679 -165.189 767.37 -153 696 -153 c 25
 669.09 -131.94 651.396 -122.927 627 -99 c 24
 590.304 -63.0088 573.93 -38.6104 540 0 c 25
 534 57 l 25
696 141 m 25
 822 141 l 25
 822 141 845 177 870 186 c 1
 896 182 884 153 915 120 c 1
 923 102 906 91 888 91 c 9
 696 91 l 25
 696 141 l 25
657 279 m 1
 747 279 l 1
 747 -72 l 1
 657 -72 l 1
 657 279 l 1
531 222 m 25
 566.1 206.79 593.426 209.514 621 183 c 24
 631.668 172.742 612.714 161.326 609 147 c 24
 596.323 98.1025 599.988 66.9473 579 21 c 24
 555.941 -29.4805 539.651 -59.3226 498 -96 c 24
 458.731 -130.58 424.8 -132.6 378 -156 c 25
 406.08 -117.39 423.806 -96.9139 450 -57 c 24
 473.011 -21.9355 489.856 -3.48434 504 36 c 24
 518.4 76.2002 514.98 101.88 522 144 c 25
 531 222 l 25
489 309 m 25
 849 309 l 25
 849 309 872 345 897 354 c 1
 923 350 911 321 942 288 c 1
 950 270 933 259 915 259 c 9
 489 259 l 25
 489 309 l 25
579 443 m 1
 852 443 l 1
 852 393 l 1
 579 393 l 1
 579 443 l 1
585 587 m 1
 852 587 l 1
 852 537 l 1
 585 537 l 1
 585 587 l 1
561 720 m 25
 789 720 l 25
 805.38 732.87 810.891 758.435 831 753 c 24
 866.178 743.492 883.287 722.381 900 690 c 24
 906.55 677.309 887.19 671.7 879 660 c 25
 879 417 l 17
 871 388 865 366 834 363 c 1
 810 365 799 389 789 417 c 9
 789 670 l 25
 561 670 l 25
 561 720 l 25
534 750 m 25
 577 730 613 734 645 699 c 24
 659 684 632 670 624 651 c 25
 624 411 l 17
 616 382 610 360 579 357 c 1
 555 359 544 383 534 411 c 9
 534 750 l 25
249 303 m 9
 249 693 l 25
 324 693 l 25
 324 342 l 17
 329.342 330.572 323.58 311.771 351 315 c 9
 387 315 l 25
 387 252 l 25
 291 252 l 17
 253.871 260.026 252 270 249 303 c 9
159 501 m 25
 159 699 l 25
 234 699 l 25
 234 453 l 17
 228 393 225.102 365.272 198 318 c 24
 172.896 274.213 138 252 105 228 c 9
 105 279 l 17
 123 303 135 318 147 354 c 0
 161.448 397.346 154.32 443.67 159 501 c 25
102 -10 m 1
 402 -10 l 1
 402 -60 l 1
 102 -60 l 1
 102 -10 l 1
96 170 m 1
 399 170 l 1
 399 120 l 1
 96 120 l 1
 96 170 l 1
108 528 m 25
 339 528 l 25
 355 541 361 566 381 561 c 24
 416 551 433 530 450 498 c 24
 457 485 437 480 429 468 c 25
 429 -27 l 17
 421 -56 415 -78 384 -81 c 1
 360 -79 349 -55 339 -27 c 9
 339 478 l 25
 108 478 l 25
 108 528 l 25
57 558 m 25
 100 538 136 542 168 507 c 24
 182 492 155 478 147 459 c 25
 147 -123 l 17
 139 -152 133 -174 102 -177 c 1
 78 -175 67 -151 57 -123 c 9
 57 558 l 25
45 729 m 25
 387 729 l 25
 387 729 410 765 435 774 c 1
 461 770 449 741 480 708 c 1
 488 690 471 679 453 679 c 9
 45 679 l 25
 45 729 l 25
EndSplineSet
EndChar
