Width: 1000
Flags: H
TeX: 117 0
LayerCount: 2
Fore
SplineSet
600 381 m 25
 629 361 650 355 675 330 c 24
 703 302 719 283 732 246 c 24
 741 218 744 196 729 171 c 24
 719 154 699 152 681 159 c 24
 659 167 652 183 642 204 c 24
 628 236 629 257 621 291 c 24
 613 326 608 346 600 381 c 25
843 75 m 9
 843 499 l 25
 588 499 l 25
 588 549 l 25
 843 549 l 25
 859 562 865 587 885 582 c 24
 920 572 937 551 954 519 c 24
 961 506 941 501 933 489 c 25
 933 66 l 17
 927 18 927 2 909 -33 c 24
 888 -74 869 -95 834 -126 c 24
 812 -146 794 -165 765 -159 c 24
 739 -154 744 -123 726 -105 c 24
 703 -82 686 -74 660 -54 c 25
 762 -54 l 25
 781 -38 797 -33 810 -12 c 24
 829 19 834 42 843 75 c 9
603 777 m 25
 644 762 675 766 708 738 c 24
 720 728 695 718 687 705 c 25
 671 657 665 629 645 582 c 24
 624 533 612 505 582 462 c 24
 551 418 525 393 489 360 c 9
 507 410 519 438 534 489 c 24
 553 552 561 588 576 651 c 24
 588 700 592 728 603 777 c 25
459 242 m 25
 491 215 519 209 540 173 c 24
 547 161 525 157 516 146 c 25
 484 116 469 95 435 68 c 24
 395 37 369 24 327 -4 c 25
 361 57 381 91 414 152 c 24
 433 187 441 207 459 242 c 25
123 206 m 25
 159 178 192 173 216 134 c 24
 237 101 243 72 231 35 c 24
 225 15 200 14 180 20 c 24
 163 25 162 42 156 59 c 24
 145 88 145 107 138 137 c 24
 132 164 129 179 123 206 c 25
93 -43 m 25
 176 -34 223 -32 306 -19 c 24
 415 -2 476 12 585 32 c 25
 524 3 491 -17 429 -43 c 24
 333 -83 278 -102 180 -136 c 24
 167 -141 154 -152 144 -142 c 24
 114 -110 113 -82 93 -43 c 25
255 458 m 1
 345 458 l 1
 345 -52 l 1
 255 -52 l 1
 255 458 l 1
96 311 m 25
 405 311 l 25
 405 311 427 342 451 351 c 1
 470 344 494 316 513 290 c 1
 521 272 505 261 487 261 c 9
 96 261 l 25
 96 311 l 25
177 476 m 25
 372 476 l 25
 372 476 394 507 418 516 c 1
 437 509 461 481 480 455 c 1
 488 437 472 426 454 426 c 9
 177 426 l 25
 177 476 l 25
288 746 m 25
 339 719 372 710 420 677 c 24
 458 651 485 637 507 596 c 24
 517 578 513 548 492 545 c 24
 460 541 446 566 420 584 c 24
 383 609 368 631 330 656 c 24
 303 674 284 678 255 692 c 25
 288 746 l 25
264 767 m 25
 298 751 325 752 351 725 c 24
 360 715 338 709 330 698 c 25
 304 658 290 636 264 596 c 24
 243 563 233 543 210 512 c 24
 186 479 174 458 144 431 c 24
 106 397 84 377 36 356 c 9
 69 411 89 441 120 497 c 24
 160 569 180 610 219 683 c 24
 236 716 246 734 264 767 c 25
EndSplineSet
EndChar
