Width: 1000
Flags: H
TeX: 117 0
LayerCount: 2
Fore
SplineSet
375 18 m 25
 801 18 l 25
 830 46 839 78 864 87 c 1
 890 83 932 30 963 -3 c 1
 971 -21 954 -32 936 -32 c 9
 375 -32 l 25
 375 18 l 25
399 129 m 25
 756 129 l 25
 756 129 778 160 802 169 c 1
 821 162 845 134 864 108 c 1
 872 90 856 79 838 79 c 9
 399 79 l 25
 399 129 l 25
402 251 m 25
 798 251 l 25
 798 201 l 25
 402 201 l 25
 402 251 l 25
366 369 m 25
 804 369 l 25
 833 397 842 429 867 438 c 1
 893 434 935 381 966 348 c 1
 974 330 957 319 939 319 c 9
 366 319 l 25
 366 369 l 25
576 597 m 25
 576 597 655 581 687 546 c 24
 701 531 674 517 666 498 c 17
 666 -120 l 1
 658 -149 652 -171 621 -174 c 1
 597 -172 586 -148 576 -120 c 9
 576 597 l 25
408 484 m 25
 747 484 l 25
 763 497 769 522 789 517 c 24
 824 507 841 486 858 454 c 24
 865 441 845 436 837 424 c 25
 837 240 l 17
 829 211 823 189 792 186 c 1
 768 188 757 212 747 240 c 9
 747 434 l 25
 408 434 l 25
 408 484 l 25
214 225 m 25
 214 225 293 209 325 174 c 24
 339 159 312 145 304 126 c 25
 304 -126 l 17
 296 -155 290 -177 259 -180 c 1
 235 -178 224 -154 214 -126 c 9
 214 225 l 25
300 384 m 17
 300 384 367 345 384 306 c 9
 369 293 359 287 345 273 c 24
 305 231 285 205 246 162 c 24
 221 135 208 117 180 93 c 24
 147 65 128 49 90 27 c 24
 65 12 51 7 21 0 c 1
 55 31 77 56 108 96 c 24
 157 160 180 200 225 267 c 24
 255 312 300 384 300 384 c 17
291 564 m 25
 291 564 348 526 369 489 c 24
 376 477 361 469 351 460 c 0
 288 400 244 365 168 315 c 24
 117 282 82 268 27 249 c 1
 74 288 97 312 138 357 c 24
 181 404 202 432 240 483 c 24
 262 513 291 564 291 564 c 25
552 795 m 25
 552 795 631 779 663 744 c 24
 677 729 650 715 642 696 c 25
 642 609 l 17
 634 580 628 558 597 555 c 1
 573 557 562 581 552 609 c 9
 552 795 l 25
309 801 m 25
 309 801 388 785 420 750 c 24
 434 735 407 721 399 702 c 25
 399 603 l 17
 391 574 385 552 354 549 c 1
 330 551 319 575 309 603 c 9
 309 801 l 25
72 684 m 9
 768 684 l 25
 797 712 806 744 831 753 c 1
 857 749 899 696 930 663 c 1
 938 645 921 634 903 634 c 9
 72 634 l 25
 72 684 l 9
EndSplineSet
EndChar
