Width: 1000
Flags: H
TeX: 117 0
LayerCount: 2
Fore
SplineSet
490 504 m 25
 519 492 545 498 565 474 c 24
 589 446 592 421 592 384 c 24
 592 366 577 355 559 351 c 24
 543 347 528 352 520 366 c 24
 507 389 519 407 514 432 c 24
 508 461 499 476 490 504 c 25
235 86 m 1
 622 86 l 1
 622 36 l 1
 235 36 l 1
 235 86 l 1
226 184 m 1
 592 184 l 1
 592 134 l 1
 226 134 l 1
 226 184 l 1
559 -69 m 25
 559 220 l 25
 244 220 l 25
 244 270 l 25
 559 270 l 25
 575 283 581 308 601 303 c 24
 636 293 653 272 670 240 c 24
 677 227 657 222 649 210 c 25
 649 -66 l 25
 641 -89 642 -105 628 -126 c 24
 619 -140 609 -153 592 -150 c 24
 573 -147 573 -127 559 -114 c 24
 540 -96 528 -87 508 -69 c 25
 559 -69 l 25
199 312 m 25
 242 292 278 296 310 261 c 24
 324 246 297 232 289 213 c 25
 289 -99 l 17
 281 -128 275 -150 244 -153 c 1
 220 -151 209 -127 199 -99 c 9
 199 312 l 25
373 477 m 25
 416 457 452 461 484 426 c 24
 498 411 471 397 463 378 c 25
 463 -111 l 17
 455 -140 449 -162 418 -165 c 1
 394 -163 383 -139 373 -111 c 9
 373 477 l 25
148 371 m 25
 547 371 l 25
 576 399 585 431 610 440 c 1
 636 436 678 383 709 350 c 1
 717 332 700 321 682 321 c 9
 148 321 l 25
 148 371 l 25
775 0 m 9
 775 505 l 25
 208 505 l 25
 208 555 l 25
 775 555 l 25
 791 568 797 593 817 588 c 24
 852 578 869 557 886 525 c 24
 893 512 873 507 865 495 c 25
 865 -57 l 17
 853 -105 838 -142 790 -159 c 24
 762 -169 759 -124 736 -105 c 24
 711 -84 694 -76 667 -57 c 25
 760 -57 l 17
 769 -47 791 -16 775 0 c 9
205 603 m 25
 245 580 281 581 307 543 c 24
 318 527 287 519 274 504 c 24
 219 442 196 399 133 345 c 24
 106 322 82 325 49 312 c 25
 79 358 99 382 127 429 c 24
 150 468 159 492 178 534 c 24
 190 560 194 576 205 603 c 25
550 786 m 25
 593 766 629 770 661 735 c 24
 675 720 648 706 640 687 c 25
 640 591 l 17
 632 562 626 540 595 537 c 1
 571 539 560 563 550 591 c 9
 550 786 l 25
319 786 m 25
 362 766 398 770 430 735 c 24
 444 720 417 706 409 687 c 25
 409 597 l 17
 401 568 395 546 364 543 c 1
 340 545 329 569 319 597 c 9
 319 786 l 25
64 675 m 25
 793 675 l 25
 822 703 831 735 856 744 c 1
 882 740 924 687 955 654 c 1
 963 636 946 625 928 625 c 9
 64 625 l 25
 64 675 l 25
EndSplineSet
EndChar
