Width: 1000
Flags: H
TeX: 117 0
LayerCount: 2
Fore
SplineSet
177 352 m 1
 450 352 l 1
 450 302 l 1
 177 302 l 1
 177 352 l 1
540 180 m 25
 603 180 l 25
 621.72 139.05 623.82 110.897 651 75 c 24
 686.971 27.4912 714.064 5.39844 762 -30 c 24
 791.055 -51.4561 812.023 -56.7461 846 -69 c 24
 883.646 -82.5771 906.39 -85.4697 945 -96 c 25
 926.28 -107.7 915.062 -113.308 897 -126 c 24
 871.727 -143.76 864.521 -169.252 834 -174 c 24
 804.367 -178.609 786.099 -164.851 762 -147 c 24
 721.442 -116.957 704.312 -92.7744 672 -54 c 24
 639.783 -15.3408 621.725 7.16895 597 51 c 24
 569.977 98.9062 562.23 129.69 540 180 c 25
768 148 m 25
 525 148 l 25
 525 198 l 25
 780 198 l 25
 804.57 210.87 816.305 238.529 843 231 c 24
 875.009 221.972 887.616 196.906 897 165 c 24
 901.762 148.812 882.36 143.04 873 129 c 25
 847.26 97.4102 834.995 77.6104 807 48 c 24
 774.015 13.1113 755.472 -7.27441 717 -36 c 24
 667.312 -73.0996 638.341 -94.0967 582 -120 c 24
 535.566 -141.349 506.541 -148.419 456 -156 c 24
 388.801 -166.08 349.86 -161.49 282 -165 c 25
 351.03 -141.6 391.185 -131.715 459 -105 c 24
 507.206 -86.0098 535.729 -76.4961 579 -48 c 24
 632.423 -12.8193 660.599 10.9541 705 57 c 24
 734.963 88.0723 743.43 112.51 768 148 c 25
552 332 m 25
 825 332 l 25
 825 282 l 25
 552 282 l 25
 552 332 l 25
555 507 m 25
 765 507 l 25
 781.38 519.87 786.891 545.435 807 540 c 24
 842.178 530.492 859.287 509.381 876 477 c 24
 882.55 464.309 863.19 458.7 855 447 c 25
 855 321 l 17
 847 292 841 270 810 267 c 1
 786 269 775 293 765 321 c 9
 765 457 l 25
 555 457 l 25
 555 507 l 25
171 51 m 25
 396 51 l 25
 396 51 419 87 444 96 c 1
 470 92 458 63 489 30 c 1
 497 12 480 1 462 1 c 9
 171 1 l 25
 171 51 l 25
180 210 m 25
 396 210 l 25
 396 210 419 246 444 255 c 1
 470 251 458 222 489 189 c 1
 497 171 480 160 462 160 c 9
 180 160 l 25
 180 210 l 25
162 513 m 25
 387 513 l 25
 403 526 409 551 429 546 c 24
 464 536 481 515 498 483 c 24
 505 470 485 465 477 453 c 25
 477 327 l 17
 469 298 463 276 432 273 c 1
 408 275 397 299 387 327 c 9
 387 463 l 25
 162 463 l 25
 162 513 l 25
132 546 m 25
 175 526 211 530 243 495 c 24
 257 480 230 466 222 447 c 25
 222 -120 l 17
 214 -149 208 -171 177 -174 c 1
 153 -172 142 -148 132 -120 c 9
 132 546 l 25
564 786 m 25
 607 766 643 770 675 735 c 24
 689 720 662 706 654 687 c 25
 654 573 l 17
 646 544 640 522 609 519 c 1
 585 521 574 545 564 573 c 9
 564 786 l 25
342 783 m 25
 385 763 421 767 453 732 c 24
 467 717 440 703 432 684 c 25
 432 588 l 17
 424 559 418 537 387 534 c 1
 363 536 352 560 342 588 c 9
 342 783 l 25
78 675 m 25
 765 675 l 25
 794 703 803 735 828 744 c 1
 854 740 896 687 927 654 c 1
 935 636 918 625 900 625 c 9
 78 625 l 25
 78 675 l 25
EndSplineSet
EndChar
