Width: 1000
Flags: HW
LayerCount: 2
Fore
SplineSet
573 800 m 25
 616 780 652 784 684 749 c 24
 698 734 671 720 663 701 c 25
 663 630 l 17
 655 601 649 579 618 576 c 1
 594 578 583 602 573 630 c 9
 573 800 l 25
315 800 m 25
 358 780 394 784 426 749 c 24
 440 734 413 720 405 701 c 25
 405 630 l 17
 397 601 391 579 360 576 c 1
 336 578 325 602 315 630 c 9
 315 800 l 25
45 711 m 25
 744 711 l 25
 773 739 782 771 807 780 c 1
 833 776 875 723 906 690 c 1
 914 672 897 661 879 661 c 9
 45 661 l 25
 45 711 l 25
183 -123 m 25
 744 -123 l 25
 773 -95 782 -63 807 -54 c 1
 833 -58 875 -111 906 -144 c 1
 914 -162 897 -173 879 -173 c 9
 183 -173 l 25
 183 -123 l 25
277 51 m 25
 686 51 l 25
 715 79 724 111 749 120 c 1
 775 116 817 63 848 30 c 1
 856 12 839 1 821 1 c 9
 277 1 l 25
 277 51 l 25
721 311 m 25
 771 295 807 300 848 271 c 24
 877 250 893 226 888 193 c 24
 884 168 857 149 830 155 c 24
 792 164 790 197 763 222 c 24
 742 241 728 249 706 267 c 25
 721 311 l 25
715 425 m 25
 753 410 780 411 813 387 c 24
 821 381 809 371 804 362 c 24
 777 315 765 286 730 245 c 24
 694 203 676 180 623 150 c 9
 641 197 653 222 669 270 c 24
 689 330 697 365 715 425 c 25
502 -134 m 25
 502 480 l 25
 545 460 581 464 613 429 c 24
 627 414 600 400 592 381 c 25
 592 -134 l 25
 502 -134 l 25
372 291 m 25
 412 265 449 263 476 225 c 24
 494 198 493 171 474 144 c 24
 463 127 437 129 418 139 c 24
 392 152 393 174 375 195 c 24
 363 211 354 219 341 234 c 25
 372 291 l 25
339 428 m 25
 381 411 411 413 446 384 c 24
 457 375 439 363 432 351 c 24
 403 297 395 262 356 215 c 24
 319 170 293 150 241 120 c 9
 260 171 273 199 290 251 c 24
 312 319 320 359 339 428 c 25
456 510 m 25
 456 655 l 25
 499 635 535 639 567 604 c 24
 581 589 554 575 546 556 c 25
 546 510 l 25
 456 510 l 25
165 528 m 25
 732 528 l 25
 761 556 770 588 795 597 c 1
 821 593 863 540 894 507 c 1
 902 489 885 478 867 478 c 9
 165 478 l 25
 165 528 l 25
125 81 m 9
 125 564 l 25
 168 544 204 548 236 513 c 24
 250 498 223 484 215 465 c 25
 215 67 l 17
 208 0 197 -51 148 -111 c 24
 113 -155 69 -159 18 -189 c 25
 48 -138 73 -112 95 -57 c 24
 115 -5 125 36 125 81 c 9
EndSplineSet
EndChar
