Width: 1000
Flags: H
TeX: 117 0
LayerCount: 2
Fore
SplineSet
669 594 m 25
 699.42 578.79 719.871 575.512 747 555 c 24
 768.867 538.467 792.761 528.403 792 501 c 24
 791.218 472.834 770.455 456.7 744 447 c 24
 726.806 440.695 712.988 453.349 702 468 c 24
 689.74 484.347 695.177 499.233 690 519 c 24
 682.305 548.384 677.19 564.75 669 594 c 25
390 134 m 1
 822 134 l 1
 822 84 l 1
 390 84 l 1
 390 134 l 1
405 248 m 1
 813 248 l 1
 813 198 l 1
 405 198 l 1
 405 248 l 1
753 -39 m 25
 753 304 l 25
 399 304 l 25
 399 354 l 25
 753 354 l 25
 769.38 366.87 774.891 392.435 795 387 c 24
 830.178 377.492 847.287 356.381 864 324 c 24
 870.55 311.309 851.19 305.7 843 294 c 25
 843 -81 l 25
 819.6 -103.23 815.227 -139.79 783 -138 c 24
 752.158 -136.286 756.503 -97.1749 735 -75 c 24
 718.71 -58.2012 705.72 -53.04 687 -39 c 25
 753 -39 l 25
372 393 m 25
 415.29 373.11 450.953 377.251 483 342 c 24
 496.745 326.881 470.19 312.72 462 294 c 25
 462 -99 l 17
 454 -128 448 -150 417 -153 c 1
 393 -151 382 -127 372 -99 c 9
 372 393 l 25
546 585 m 25
 589 565 625 569 657 534 c 24
 671 519 644 505 636 486 c 25
 636 -99 l 17
 628 -128 622 -150 591 -153 c 1
 567 -151 556 -127 546 -99 c 9
 546 585 l 25
351 477 m 25
 789 477 l 25
 818 505 827 537 852 546 c 1
 878 542 920 489 951 456 c 1
 959 438 942 427 924 427 c 9
 351 427 l 25
 351 477 l 25
72 45 m 25
 135 63 l 25
 157.23 94.5898 171.788 111.083 192 144 c 24
 212.815 177.899 220.218 199.487 240 234 c 24
 275.223 295.452 296.73 329.16 333 390 c 25
 320.13 338.52 314.225 309.122 300 258 c 24
 276.777 174.543 245.914 131.168 237 45 c 24
 231.475 -8.40723 269.663 -36.6064 264 -90 c 24
 260.742 -120.717 245.211 -142.959 216 -153 c 24
 195.123 -160.177 175.347 -143.817 168 -123 c 24
 152.016 -77.7109 164.34 -47.9697 162 0 c 25
 72 45 l 25
72 420 m 25
 115.29 402.45 148.169 406.126 183 375 c 24
 208.119 352.554 213 327.535 213 294 c 24
 213 270.102 194.781 245.72 171 249 c 24
 142.943 252.87 137.869 280.284 126 306 c 24
 116.084 327.484 127.129 344.616 117 366 c 24
 105.265 390.775 89.5498 398.94 72 420 c 25
159 573 m 25
 202.29 561.3 232.104 566.975 270 543 c 24
 293.914 527.87 306 508.171 306 480 c 24
 306 453.826 306.739 425.906 282 417 c 24
 259.093 408.754 246.209 433.989 231 453 c 24
 216.884 470.645 221.626 487.624 210 507 c 24
 193.264 534.894 178.89 547.26 159 573 c 25
555 792 m 25
 598 772 634 776 666 741 c 24
 680 726 653 712 645 693 c 25
 645 621 l 17
 637 592 631 570 600 567 c 1
 576 569 565 593 555 621 c 9
 555 792 l 25
315 789 m 25
 358 769 394 773 426 738 c 24
 440 723 413 709 405 690 c 25
 405 594 l 17
 397 565 391 543 360 540 c 1
 336 542 325 566 315 594 c 9
 315 789 l 25
81 681 m 25
 789 681 l 25
 818 709 827 741 852 750 c 1
 878 746 920 693 951 660 c 1
 959 642 942 631 924 631 c 9
 81 631 l 25
 81 681 l 25
EndSplineSet
EndChar
