Width: 1000
Flags: H
TeX: 117 0
LayerCount: 2
Fore
SplineSet
582 309 m 25
 582 621 l 25
 582 621 661 605 693 570 c 24
 707 555 680 541 672 522 c 25
 672 309 l 25
 582 309 l 25
456 172 m 17
 497 157 523 144 555 112 c 24
 579 89 591 70 594 37 c 24
 596 15 586 -3 566 -11 c 24
 547 -18 532 -6 519 9 c 24
 498 33 493 58 484 84 c 0
 472 120 467 138 456 172 c 17
648 -75 m 18
 669 -75 672 -51 672 -21 c 2
 672 306 l 9
 762 306 l 17
 762 -30 l 2
 762 -30 762 -87 744 -117 c 24
 726 -148 714 -177 675 -177 c 0
 657 -177 657 -159 636 -135 c 0
 614 -109 587 -98 555 -75 c 25
 648 -75 l 18
408 181 m 25
 822 181 l 25
 822 181 844 212 868 221 c 1
 887 214 911 186 930 160 c 1
 938 142 922 131 904 131 c 9
 408 131 l 25
 408 181 l 25
372 339 m 17
 792 339 l 9
 821 367 830 399 855 408 c 1
 881 404 923 351 954 318 c 1
 962 300 945 289 927 289 c 9
 372 289 l 25
 372 339 l 17
417 492 m 25
 729 492 l 25
 729 492 751 523 775 532 c 1
 794 525 818 497 837 471 c 1
 845 453 829 442 811 442 c 9
 417 442 l 25
 417 492 l 25
132 78 m 1
 315 78 l 1
 315 28 l 1
 132 28 l 1
 132 78 l 1
147 292 m 1
 327 292 l 1
 327 242 l 1
 147 242 l 1
 147 292 l 1
129 488 m 25
 273 488 l 25
 289 501 295 526 315 521 c 24
 350 511 367 490 384 458 c 24
 391 445 371 440 363 428 c 25
 363 48 l 17
 355 19 349 -3 318 -6 c 1
 294 -4 283 20 273 48 c 9
 273 438 l 25
 129 438 l 25
 129 488 l 25
84 514 m 25
 84 514 163 498 195 463 c 24
 209 448 182 434 174 415 c 25
 174 4 l 17
 166 -25 160 -47 129 -50 c 1
 105 -48 94 -24 84 4 c 9
 84 514 l 25
564 800 m 25
 564 800 643 784 675 749 c 24
 689 734 662 720 654 701 c 25
 654 588 l 17
 646 559 640 537 609 534 c 1
 585 536 574 560 564 588 c 9
 564 800 l 25
300 800 m 25
 300 800 379 784 411 749 c 24
 425 734 398 720 390 701 c 25
 390 588 l 17
 382 559 376 537 345 534 c 1
 321 536 310 560 300 588 c 9
 300 800 l 25
45 678 m 25
 726 678 l 25
 755 706 764 738 789 747 c 1
 815 743 857 690 888 657 c 1
 896 639 879 628 861 628 c 9
 45 628 l 25
 45 678 l 25
EndSplineSet
EndChar
