Width: 1000
Flags: H
TeX: 117 0
LayerCount: 2
Fore
SplineSet
282 123 m 1
 738 123 l 1
 738 73 l 1
 282 73 l 1
 282 123 l 1
279 243 m 1
 720 243 l 1
 720 193 l 1
 279 193 l 1
 279 243 l 1
258 321 m 1
 348 321 l 1
 348 -36 l 1
 258 -36 l 1
 258 321 l 1
54 0 m 25
 969 0 l 25
 940 -14 926 -30 894 -36 c 24
 771 -58 700 -60 576 -69 c 24
 410 -80 316 -78 150 -87 c 24
 130 -88 114 -110 99 -96 c 24
 68 -68 72 -37 54 0 c 25
768 321 m 25
 768 -135 l 17
 760 -164 754 -186 723 -189 c 1
 699 -187 688 -163 678 -135 c 9
 678 321 l 25
 768 321 l 25
72 354 m 25
 786 354 l 25
 815 382 824 414 849 423 c 1
 875 419 917 366 948 333 c 1
 956 315 939 304 921 304 c 9
 72 304 l 25
 72 354 l 25
249 449 m 17
 786 449 l 9
 786 399 l 25
 249 399 l 25
 249 449 l 17
239 569 m 25
 720 569 l 25
 736.38 581.87 741.891 607.435 762 602 c 24
 797.178 592.492 814.287 571.381 831 539 c 24
 837.55 526.309 818.19 520.7 810 509 c 25
 810 423 l 17
 802 394 796 372 765 369 c 1
 741 371 730 395 720 423 c 9
 720 519 l 25
 239 519 l 25
 239 569 l 25
213 602 m 25
 256.29 582.11 291.953 586.251 324 551 c 24
 337.745 535.881 311.19 521.72 303 503 c 25
 303 432 l 17
 295 403 289 381 258 378 c 1
 234 380 223 404 213 432 c 9
 213 602 l 25
609 795 m 25
 652.29 775.11 687.953 779.251 720 744 c 24
 733.745 728.881 707.19 714.72 699 696 c 25
 699 602 l 17
 691 573 685 551 654 548 c 1
 630 550 619 574 609 602 c 9
 609 795 l 25
363 798 m 25
 406.29 778.11 441.953 782.251 474 747 c 24
 487.745 731.881 461.19 717.72 453 699 c 25
 453 599 l 17
 445 570 439 548 408 545 c 1
 384 547 373 571 363 599 c 9
 363 798 l 25
36 696 m 25
 804 696 l 25
 833 724 842 756 867 765 c 1
 893 761 935 708 966 675 c 1
 974 657 957 646 939 646 c 9
 36 646 l 25
 36 696 l 25
EndSplineSet
EndChar
