Width: 1000
Flags: H
TeX: 117 0
LayerCount: 2
Fore
SplineSet
343 -59 m 1
 652 -59 l 1
 652 -109 l 1
 343 -109 l 1
 343 -59 l 1
346 63 m 25
 592 63 l 25
 608 76 614 101 634 96 c 24
 669 86 686 65 703 33 c 24
 710 20 690 15 682 3 c 25
 682 -81 l 17
 674 -110 668 -132 637 -135 c 1
 613 -133 602 -109 592 -81 c 9
 592 13 l 25
 346 13 l 25
 346 63 l 25
316 90 m 25
 359 70 395 74 427 39 c 24
 441 24 414 10 406 -9 c 25
 406 -81 l 17
 398 -110 392 -132 361 -135 c 1
 337 -133 326 -109 316 -81 c 9
 316 90 l 25
777 -102 m 25
 777 124 l 25
 153 124 l 25
 153 174 l 25
 777 174 l 25
 793 187 799 212 819 207 c 24
 854 197 871 176 888 144 c 24
 895 131 875 126 867 114 c 25
 867 -132 l 17
 864 -156 842.771 -185.173 813 -186 c 24
 784.043 -186.805 781.361 -153.415 759 -135 c 24
 741.464 -120.559 729.72 -114.87 711 -102 c 25
 777 -102 l 25
120 198 m 25
 163 178 199 182 231 147 c 24
 245 132 218 118 210 99 c 25
 210 -129 l 17
 202 -158 196 -180 165 -183 c 1
 141 -181 130 -157 120 -129 c 9
 120 198 l 25
309 274 m 1
 672 274 l 1
 672 224 l 1
 309 224 l 1
 309 274 l 1
315 393 m 25
 624 393 l 25
 640 406 646 431 666 426 c 24
 701 416 718 395 735 363 c 24
 742 350 722 345 714 333 c 25
 714 240 l 17
 706 211 700 189 669 186 c 1
 645 188 634 212 624 240 c 9
 624 343 l 25
 315 343 l 25
 315 393 l 25
270 417 m 25
 313 397 349 401 381 366 c 24
 395 351 368 337 360 318 c 25
 360 246 l 17
 352 217 346 195 315 192 c 1
 291 194 280 218 270 246 c 9
 270 417 l 25
114 483 m 25
 726 483 l 25
 755 511 764 543 789 552 c 1
 815 548 857 495 888 462 c 1
 896 444 879 433 861 433 c 9
 114 433 l 25
 114 483 l 25
450 462 m 25
 450 591 l 25
 493 571 529 575 561 540 c 24
 575 525 548 511 540 492 c 25
 540 462 l 25
 450 462 l 25
609 792 m 25
 652 772 688 776 720 741 c 24
 734 726 707 712 699 693 c 25
 699 555 l 17
 691 526 685 504 654 501 c 1
 630 503 619 527 609 555 c 9
 609 792 l 25
315 789 m 25
 358 769 394 773 426 738 c 24
 440 723 413 709 405 690 c 25
 405 558 l 17
 397 529 391 507 360 504 c 1
 336 506 325 530 315 558 c 9
 315 789 l 25
66 669 m 25
 771 669 l 25
 800 697 809 729 834 738 c 1
 860 734 902 681 933 648 c 1
 941 630 924 619 906 619 c 9
 66 619 l 25
 66 669 l 25
EndSplineSet
EndChar
