Width: 1000
Flags: H
TeX: 117 0
LayerCount: 2
Fore
SplineSet
780 42 m 25
 817.44 18.5996 843.454 11.8339 876 -18 c 24
 900.877 -40.8047 915.003 -57.4735 924 -90 c 24
 931.234 -116.156 934.611 -140.241 915 -159 c 24
 898.069 -175.194 874.494 -168.996 855 -156 c 24
 834.098 -142.065 833.943 -122.476 825 -99 c 24
 815.1 -73.0117 815.456 -56.494 807 -30 c 24
 797.882 -1.43066 790.53 13.9199 780 42 c 25
477 147 m 25
 510.93 128.28 536.599 126.401 564 99 c 24
 589.162 73.8379 601.586 53.3096 606 18 c 24
 609.261 -8.08984 605.341 -32.8974 582 -45 c 24
 560.969 -55.9053 538.141 -43.7121 525 -24 c 24
 503.741 7.88867 514.358 35.1007 504 72 c 24
 495.599 101.931 487.53 117.75 477 147 c 25
192 51 m 25
 195.51 12.3896 206.483 -9.62018 201 -48 c 24
 195.653 -85.4238 191.731 -111.269 165 -138 c 24
 145.527 -157.473 120.978 -164.597 96 -153 c 24
 76.1748 -143.796 74.7713 -119.951 81 -99 c 24
 89.2822 -71.1426 111.713 -65.3612 129 -42 c 24
 155.06 -6.78516 167.43 14.7305 192 51 c 25
318 -132 m 9
 318 129 l 25
 361.29 109.11 396.953 113.251 429 78 c 24
 442.745 62.8809 416.19 48.7197 408 30 c 25
 408 -75 l 17
 408 -96 423 -108 444 -108 c 9
 645 -108 l 25
 650.85 -95.1299 653.963 -87.7834 660 -75 c 24
 673.854 -45.6611 681.96 -29.25 696 0 c 25
 704.19 -43.29 702.077 -69.547 717 -111 c 24
 723.749 -129.747 756.301 -137.399 750 -150 c 0
 741 -168 735 -177 708 -183 c 9
 375 -183 l 17
 336 -183 321 -156 318 -132 c 9
303 396 m 25
 379.05 385.47 423.079 385.773 498 369 c 24
 580.348 350.564 631.676 347.767 705 306 c 24
 731.433 290.943 744.016 263.053 735 234 c 24
 728.187 212.046 700.674 215.221 678 219 c 24
 648.061 223.99 635.504 240.207 609 255 c 24
 585.172 268.3 573.602 279.191 549 291 c 24
 514.919 307.359 493.77 312.159 459 327 c 24
 397.814 353.115 363.84 369.09 303 396 c 25
648 462 m 25
 732 462 l 25
 712.11 424.56 707.153 399.367 681 366 c 24
 638.638 311.951 612.584 281.671 558 240 c 24
 502.63 197.729 465.307 182.069 402 153 c 24
 350.216 129.222 319.774 116.674 264 105 c 24
 218.136 95.4004 190.8 101.34 144 99 c 25
 204.84 124.74 241.805 133.738 300 165 c 24
 383.798 210.016 429.595 238.711 507 294 c 24
 544.724 320.945 564.197 339.49 594 375 c 24
 619.673 405.589 626.94 428.07 648 462 c 25
438 453 m 25
 534 453 l 25
 516.45 428.43 510.164 411.535 489 390 c 24
 443.097 343.292 417.595 315.169 363 279 c 24
 322.784 252.357 294.84 246.029 249 231 c 24
 223.046 222.49 206.91 223.68 180 219 c 25
 227.97 251.76 257.519 266.864 303 303 c 24
 343.182 334.925 364.669 354.854 399 393 c 24
 417.67 413.744 422.79 429.6 438 453 c 25
780 327 m 1
 780 445 l 25
 273 445 l 25
 273 495 l 25
 780 495 l 25
 796.38 507.87 801.891 533.435 822 528 c 24
 857.178 518.492 874.287 497.381 891 465 c 24
 897.55 452.309 878.19 446.7 870 435 c 25
 870 339 l 1
 867 270 859.211 217.111 834 144 c 24
 823.158 112.56 811.377 89.0243 780 78 c 24
 756.793 69.8457 744.177 92.4864 723 105 c 24
 692.547 122.995 677.25 136.11 648 156 c 25
 729 156 l 17
 750 174 770.396 203.011 774 240 c 16
 778.554 286.739 780 282 780 327 c 1
288 585 m 25
 324.27 561.6 357.318 561.087 381 525 c 24
 391.027 509.721 362.2 503.442 351 489 c 24
 317.73 446.101 305.388 416.388 267 378 c 24
 230.929 341.929 204.788 327.775 162 300 c 24
 137.861 284.331 121.74 279.87 96 267 c 25
 131.1 316.14 152.215 342.947 186 393 c 24
 215.42 436.585 233.329 460.561 258 507 c 24
 273.291 535.783 276.3 554.58 288 585 c 25
615 792 m 25
 658.29 772.11 693.953 776.251 726 741 c 24
 739.745 725.881 713.19 711.72 705 693 c 25
 705 579 l 17
 697 550 691 528 660 525 c 1
 636 527 625 551 615 579 c 9
 615 792 l 25
387 792 m 25
 430.29 772.11 465.953 776.251 498 741 c 24
 511.745 725.881 485.19 711.72 477 693 c 25
 477 579 l 17
 469 550 463 528 432 525 c 1
 408 527 397 551 387 579 c 9
 387 792 l 25
108 660 m 25
 786 660 l 25
 815 688 824 720 849 729 c 1
 875 725 917 672 948 639 c 1
 956 621 939 610 921 610 c 9
 108 610 l 25
 108 660 l 25
EndSplineSet
EndChar
