Width: 1000
Flags: H
TeX: 117 0
LayerCount: 2
Fore
SplineSet
687 45 m 25
 717.42 16.9199 747.961 10.7295 765 -27 c 24
 771.69 -41.8135 743.04 -39.8096 729 -48 c 25
 688.05 -65.5498 666.748 -80.4501 624 -93 c 24
 538.762 -118.024 490.158 -133.052 402 -144 c 24
 310.245 -155.395 261 -156 165 -150 c 9
 272.64 -121.92 335.328 -112.761 441 -78 c 24
 513.677 -54.0928 552.57 -34.2152 621 0 c 24
 648.864 13.9326 661.26 27.4502 687 45 c 25
591 135 m 25
 617.91 109.26 641.916 101.552 660 69 c 24
 665.36 59.3516 645.36 59.8496 636 54 c 25
 604.41 37.6201 587.73 25.9646 555 12 c 24
 499.833 -11.5381 469.692 -29.6437 411 -42 c 24
 357.141 -53.3389 324.99 -45.6602 270 -48 c 25
 346.05 -11.7305 391.803 3.27067 465 45 c 24
 517.462 74.9082 541.86 99.9004 591 135 c 25
483 237 m 25
 514.59 211.26 540.865 204.545 564 171 c 24
 570.576 161.465 551.19 158.19 543 150 c 25
 516.09 133.62 500.976 124.271 474 108 c 24
 427.266 79.8105 405.036 55.34 354 36 c 24
 292.41 12.6611 253.35 14.04 189 0 c 25
 259.2 50.3096 301.761 74.7969 369 129 c 24
 416.681 167.437 438.54 194.88 483 237 c 25
507 348 m 25
 567.84 316.41 600.445 295.042 663 267 c 24
 736.356 234.116 780.007 220.958 855 192 c 24
 898.178 175.327 922.71 166.38 966 150 c 25
 941.43 131.28 922.775 125.729 903 102 c 24
 892.094 88.9131 907.992 58.7863 891 60 c 24
 842.418 63.4697 819.348 86.9387 777 111 c 24
 716.058 145.626 684.972 170.602 627 210 c 24
 564.452 252.509 530.01 277.71 468 321 c 25
 507 348 l 25
462 384 m 25
 491.25 367.62 518.687 370.08 537 342 c 24
 545.599 328.815 518.7 325.53 507 315 c 25
 477.75 286.92 463.08 269.04 432 243 c 24
 376.39 196.407 345.163 169.545 285 129 c 24
 237.221 96.8008 209.898 77.3616 156 57 c 24
 103.407 37.1318 69.9902 38.7002 15 27 c 25
 80.5195 70.29 120.354 90.6458 183 138 c 24
 269.162 203.13 314.986 243.568 396 315 c 24
 423.932 339.628 436.26 357.09 462 384 c 25
381 501 m 25
 397.38 475.26 422.047 465.495 423 435 c 24
 423.6 415.82 399.21 416.7 384 405 c 25
 354.75 381.6 341.625 363.404 309 345 c 24
 249.711 311.555 214.645 294.326 150 273 c 24
 100.311 256.607 69.4805 258.36 18 249 c 25
 72.9902 281.76 105.214 298.299 159 333 c 24
 214.092 368.543 244.721 389.437 297 429 c 24
 331.406 455.037 348.24 472.92 381 501 c 25
294 582 m 25
 393 582 l 25
 373.11 560.94 364.976 545.642 342 528 c 24
 299.011 494.99 275.215 473.4 225 453 c 24
 161.378 427.153 120.69 427.38 54 411 c 25
 99.6299 439.08 126.85 452.647 171 483 c 24
 201.867 504.221 216.82 519.513 246 543 c 24
 264.79 558.124 275.28 566.79 294 582 c 25
783 507 m 25
 795.87 469.56 813.675 450.522 816 411 c 24
 816.634 400.231 799.53 407.34 789 405 c 25
 749.22 389.79 727.989 377.561 687 366 c 24
 636.428 351.736 606.48 349.53 555 339 c 25
 611.16 378.78 643.595 400.175 699 441 c 24
 732.541 465.714 750.24 481.26 783 507 c 25
663 585 m 25
 756 585 l 25
 732.6 555.75 725.303 533.334 696 510 c 24
 660.789 481.962 635.53 473.356 594 456 c 24
 556.776 440.443 533.61 437.7 495 426 c 25
 534.78 462.27 557.901 481.996 597 519 c 24
 623.438 544.022 637.26 559.26 663 585 c 25
492 618 m 25
 753 618 l 25
 769 631 775 656 795 651 c 24
 830 641 847 620 864 588 c 24
 871 575 851 570 843 558 c 25
 843 342 l 17
 835 313 829 291 798 288 c 1
 774 290 763 314 753 342 c 9
 753 568 l 25
 492 568 l 25
 492 618 l 25
114 609 m 25
 369 609 l 25
 385 622 391 647 411 642 c 24
 446 632 463 611 480 579 c 24
 487 566 467 561 459 549 c 25
 459 369 l 17
 451 340 445 318 414 315 c 1
 390 317 379 341 369 369 c 9
 369 559 l 25
 114 559 l 25
 114 609 l 25
570 800 m 25
 613.29 780.11 648.953 784.251 681 749 c 24
 694.745 733.881 668.19 719.72 660 701 c 25
 660 660 l 17
 652 631 646 609 615 606 c 1
 591 608 580 632 570 660 c 9
 570 800 l 25
327 800 m 25
 370.29 780.11 405.953 784.251 438 749 c 24
 451.745 733.881 425.19 719.72 417 701 c 25
 417 663 l 17
 409 634 403 612 372 609 c 1
 348 611 337 635 327 663 c 9
 327 800 l 25
57 732 m 25
 747 732 l 25
 776 760 785 792 810 801 c 1
 836 797 878 744 909 711 c 1
 917 693 900 682 882 682 c 9
 57 682 l 25
 57 732 l 25
EndSplineSet
EndChar
