Width: 1000
Flags: H
TeX: 117 0
LayerCount: 2
Fore
SplineSet
855 405 m 25
 890.1 367.56 930.149 358.124 945 309 c 24
 951.855 286.323 915.732 285.431 894 276 c 24
 853.271 258.325 828.995 251.074 786 240 c 24
 751.541 231.124 731.1 230.85 696 225 c 25
 699 255 l 25
 721.23 266.7 735.962 269.849 756 285 c 24
 784.384 306.461 799.355 320.551 822 348 c 24
 838.347 367.814 842.13 382.77 855 405 c 25
678 255 m 25
 714.27 194.16 727.974 155.265 771 99 c 24
 804.675 54.9639 828.581 33.1688 873 0 c 24
 918.62 -34.0654 950.47 -43.9199 1000 -72 c 25
 965.68 -81.3604 943.328 -79.1476 912 -96 c 24
 885.032 -110.507 885.141 -155.41 855 -150 c 24
 818.131 -143.383 817.058 -105.275 795 -75 c 24
 757.352 -23.3262 734.894 5.17693 702 60 c 24
 675.079 104.867 665.4 133.2 642 180 c 25
 678 255 l 25
639 255 m 9
 639 522 l 25
 682.29 502.11 717.953 506.251 750 471 c 24
 763.745 455.881 737.19 441.72 729 423 c 25
 729 225 l 17
 720 180 712.227 151.698 693 108 c 24
 673.361 63.3672 662.427 36.4179 630 0 c 24
 585.271 -50.2344 555.937 -76.8318 498 -111 c 24
 462.555 -131.903 435.78 -127.47 396 -138 c 25
 438.12 -99.3896 467.473 -82.9386 504 -39 c 24
 548.809 14.8994 573.751 47.3018 603 111 c 24
 627.156 163.607 630 189 639 255 c 9
537 375 m 25
 553.38 334.05 571.854 313.521 579 270 c 24
 585.092 232.893 590.859 205.288 570 174 c 24
 556.126 153.189 531.692 158.018 507 162 c 24
 491.46 164.507 476.173 173.281 477 189 c 24
 478.93 225.669 501.727 241.053 513 276 c 24
 525.196 313.81 527.64 336.39 537 375 c 25
327 213 m 25
 350.4 202.47 365.293 199.685 387 186 c 24
 419.466 165.532 451.884 162.068 465 126 c 24
 475.396 97.4111 460.622 70.3982 435 54 c 24
 418.247 43.2783 404.373 64.2519 390 78 c 24
 376.367 91.04 377.854 105.324 366 120 c 24
 352.994 136.103 342.21 141.96 327 156 c 25
 327 213 l 25
291 168 m 25
 261.75 121.2 255.024 87.0244 216 48 c 24
 172.402 4.40234 139.146 -11.4268 84 -39 c 24
 53.7969 -54.1016 32.7598 -51.8096 0 -60 c 25
 44.46 -17.8799 74.3357 1.33613 114 48 c 24
 154.354 95.4746 173.298 125.782 204 180 c 24
 228.527 223.314 235.11 251.37 255 297 c 25
 294 252 l 25
 291 168 l 25
54 315 m 25
 387 315 l 25
 387 315 410 351 435 360 c 1
 461 356 449 327 480 294 c 1
 488 276 471 265 453 265 c 9
 54 265 l 25
 54 315 l 25
348 450 m 25
 348 -99 l 17
 340 -128 334 -150 303 -153 c 1
 279 -151 268 -127 258 -99 c 9
 258 450 l 25
 348 450 l 25
423 531 m 25
 441.72 502.92 462.815 491.74 471 459 c 24
 473.795 447.821 455.385 448.779 444 447 c 24
 380.044 437.007 343.615 432.887 279 429 c 24
 187.875 423.519 136.26 425.34 45 423 c 25
 119.88 442.89 162.504 452.715 237 474 c 24
 309.95 494.843 350.46 508.77 423 531 c 25
579 795 m 25
 622 775 658 779 690 744 c 24
 704 729 677 715 669 696 c 25
 669 567 l 17
 661 538 655 516 624 513 c 1
 600 515 589 539 579 567 c 9
 579 795 l 25
342 789 m 25
 385 769 421 773 453 738 c 24
 467 723 440 709 432 690 c 25
 432 579 l 17
 424 550 418 528 387 525 c 1
 363 527 352 551 342 579 c 9
 342 789 l 25
78 693 m 25
 789 693 l 25
 818 721 827 753 852 762 c 1
 878 758 920 705 951 672 c 1
 959 654 942 643 924 643 c 9
 78 643 l 25
 78 693 l 25
EndSplineSet
EndChar
