Width: 1000
Flags: H
TeX: 117 0
LayerCount: 2
Fore
SplineSet
474 333 m 25
 540 333 l 25
 587.97 262.8 604.827 215.009 663 153 c 24
 712.792 99.9248 748.731 76.1431 813 42 c 24
 862.682 15.6064 897.18 16.3799 951 0 c 25
 919.41 -22.2305 898.083 -30.4773 870 -57 c 24
 855.12 -71.0527 863.444 -102.951 843 -102 c 24
 798.572 -99.9336 777.813 -75.9577 741 -51 c 24
 708.103 -28.6963 692.439 -11.6768 666 18 c 24
 634.868 52.9434 618.358 74.0382 594 114 c 24
 543.312 197.161 520.8 247.59 474 333 c 25
720 297 m 25
 753.93 263.07 783.697 251.945 807 210 c 24
 813.479 198.339 790.53 197.19 780 189 c 25
 642 123 l 25
 618 156 l 25
 643.74 186.42 660.644 201.714 684 234 c 24
 700.586 256.928 705.96 272.43 720 297 c 25
387 -36 m 24
 340.658 -62.6602 312.614 -76.0642 261 -90 c 24
 194.702 -107.9 154.86 -106.47 87 -117 c 25
 146.67 -91.2598 183.83 -83.6807 240 -51 c 24
 313.24 -8.3877 350.834 22.0673 417 75 c 24
 444.786 97.2295 455.43 115.26 480 141 c 25
 520 59 l 25
 468.13 21.9502 442.253 -4.21364 387 -36 c 24
411 243 m 25
 474 189 l 25
 448.26 170.28 433.717 159.752 408 141 c 24
 377.557 118.802 362.713 102.693 330 84 c 24
 288.637 60.3633 264.685 46.5124 219 33 c 24
 180.591 21.6396 156.78 25.6797 117 21 c 25
 175.5 56.0996 210.768 72.3694 267 111 c 24
 306.965 138.456 327.258 157.236 363 190 c 24
 383.557 208.844 392.28 222.33 411 243 c 25
387 297 m 25
 426.78 265.41 457.523 255.87 489 216 c 24
 529.216 165.061 551.115 131.927 567 69 c 24
 582.463 7.74121 585.727 -32.6592 567 -93 c 24
 552.214 -140.645 532.953 -175.146 486 -192 c 24
 461.254 -200.883 467.396 -154.715 450 -135 c 24
 431.862 -114.444 417.06 -107.55 396 -90 c 25
 468 -90 l 25
 482.04 -70.1104 500.298 -63.0635 504 -39 c 24
 510.268 1.7373 505.192 26.9512 492 66 c 24
 475.413 115.099 457.448 139.682 429 183 c 24
 405.728 218.437 386.91 234.24 360 267 c 25
 387 297 l 25
333 339 m 25
 444 339 l 25
 421.77 312.09 412.536 293.795 387 270 c 24
 360.631 245.429 343.439 233.625 312 216 c 24
 265.882 190.146 239.157 175.719 189 159 c 24
 143.723 143.907 115.8 144.36 69 135 c 25
 119.31 164.25 149.877 177.276 198 210 c 24
 237.892 237.126 259.123 254.673 294 288 c 24
 312.104 305.299 317.79 319.11 333 339 c 25
87 363 m 25
 717 363 l 25
 746 391 755 423 780 432 c 1
 806 428 848 375 879 342 c 1
 887 324 870 313 852 313 c 9
 87 313 l 25
 87 363 l 25
258 462 m 25
 594 462 l 25
 594 462 617 498 642 507 c 1
 668 503 656 474 687 441 c 1
 695 423 678 412 660 412 c 9
 258 412 l 25
 258 462 l 25
771 496 m 25
 132 496 l 25
 132 546 l 25
 777 546 l 25
 795.72 560.04 802.963 589.87 825 582 c 24
 866.301 567.25 885.872 541.373 903 501 c 24
 909.131 486.55 881.04 490.02 867 483 c 25
 768 402 l 25
 771 496 l 25
129 582 m 25
 147.72 552.75 167.972 540.533 177 507 c 24
 185.235 476.413 186.018 453.89 171 426 c 24
 158.535 402.851 140.282 389.249 114 390 c 24
 89.8896 390.688 68.7387 405.036 66 429 c 24
 62.6709 458.131 90.8364 467.888 102 495 c 24
 115.526 527.851 118.47 548.07 129 582 c 25
528 790 m 25
 571.29 770.11 606.953 774.251 639 739 c 24
 652.745 723.881 626.19 709.72 618 691 c 25
 618 609 l 17
 610 580 604 558 573 555 c 1
 549 557 538 581 528 609 c 9
 528 790 l 25
315 790 m 25
 358.29 770.11 393.953 774.251 426 739 c 24
 439.745 723.881 413.19 709.72 405 691 c 25
 405 609 l 17
 397 580 391 558 360 555 c 1
 336 557 325 581 315 609 c 9
 315 790 l 25
72 693 m 25
 762 693 l 25
 791 721 800 753 825 762 c 1
 851 758 893 705 924 672 c 1
 932 654 915 643 897 643 c 9
 72 643 l 25
 72 693 l 25
EndSplineSet
EndChar
