Width: 1000
Flags: H
TeX: 117 0
LayerCount: 2
Fore
SplineSet
738 0 m 25
 783.63 -22.2305 815.947 -24.579 855 -57 c 24
 880.794 -78.4141 896.118 -98.4873 897 -132 c 24
 897.565 -153.503 878.982 -166.262 858 -171 c 24
 836.346 -175.89 817.999 -170.23 804 -153 c 24
 783.93 -128.298 792.607 -104.225 780 -75 c 24
 766.722 -44.2178 754.38 -29.25 738 0 c 25
546 0 m 25
 577.59 -16.3799 599.858 -18.988 627 -42 c 24
 655.022 -65.7588 680.747 -80.4053 684 -117 c 24
 686.59 -146.135 666.582 -167.265 639 -177 c 24
 616.255 -185.027 596.077 -172.586 582 -153 c 24
 565.386 -129.884 576.52 -108.711 570 -81 c 24
 562.454 -48.9287 555.36 -31.5898 546 0 c 25
366 0 m 25
 395.25 -19.8896 420.195 -22.3936 441 -51 c 24
 460.194 -77.3926 467.492 -99.8311 462 -132 c 24
 458.102 -154.834 443.153 -174 420 -174 c 24
 394.034 -174 375.648 -159.12 366 -135 c 24
 356.283 -110.709 378 -95.1621 378 -69 c 24
 378 -41.6865 370.68 -26.9102 366 0 c 25
228 -12 m 25
 236.19 -49.4404 254.113 -70.0175 249 -108 c 24
 245.189 -136.308 231.604 -153.49 207 -168 c 24
 181.624 -182.965 159.168 -188.393 132 -177 c 24
 113.562 -169.269 105.265 -146.984 114 -129 c 24
 129.25 -97.6035 158.641 -96.9997 183 -72 c 24
 203.412 -51.0498 210.45 -35.4004 228 -12 c 25
210 63 m 25
 597 63 l 25
 626 91 635 123 660 132 c 1
 686 128 728 75 759 42 c 1
 767 24 750 13 732 13 c 9
 210 13 l 25
 210 63 l 25
546 378 m 25
 585 350 606 332 647 306 c 24
 699 272 730 253 786 224 c 24
 810 212 825 210 851 202 c 24
 884 192 904 188 937 179 c 25
 902 154 880 142 846 115 c 24
 835 107 837 86 824 88 c 24
 798 94 792 115 771 132 c 24
 704 187 665 218 598 274 c 24
 562 304 542 321 507 352 c 25
 546 378 l 25
792 438 m 25
 822.42 402.9 852.75 391.126 870 348 c 24
 875.648 333.878 846.986 340.918 834 333 c 24
 798.81 311.542 782.169 294.492 747 273 c 24
 718.869 255.809 701.25 249.21 672 234 c 25
 648 264 l 25
 687.78 309.63 711.404 334.364 750 381 c 24
 767.605 402.272 775.62 415.77 792 438 c 25
462 156 m 25
 462 438 l 25
 505 418 541 422 573 387 c 24
 587 372 560 358 552 339 c 25
 552 117 l 25
 525.75 97.1104 515.32 66 480 66 c 24
 457.558 66 459.621 94.8408 444 111 c 24
 425.564 130.071 412.89 138.45 393 156 c 25
 462 156 l 25
294 337 m 25
 90 337 l 25
 90 387 l 25
 297 387 l 25
 318.06 402.21 326.046 433.224 351 426 c 24
 386.11 415.836 397.242 387.864 411 354 c 24
 415.681 342.478 396.983 340.292 390 330 c 24
 374.678 307.419 369.038 292.771 354 270 c 24
 328.065 230.728 318.521 204.034 285 171 c 24
 236.832 123.53 205.128 100.562 147 66 c 24
 117.423 48.4131 95.7598 49.5303 63 39 c 25
 110.97 84.6299 140.694 107.724 186 156 c 24
 212.264 183.985 226.335 201.042 246 234 c 24
 268.709 272.058 275.28 296.83 294 337 c 25
618 486 m 25
 225 486 l 25
 225 536 l 25
 627 536 l 25
 650.4 547.7 662.504 575.186 687 566 c 24
 722.073 552.848 739.227 527.643 747 491 c 24
 750.706 473.529 722.086 477.98 708 467 c 24
 645.931 418.617 612.84 388.92 552 339 c 25
 546 390 l 25
 618 486 l 25
594 783 m 25
 637.29 763.11 672.953 767.251 705 732 c 24
 718.745 716.881 692.19 702.72 684 684 c 25
 684 582 l 17
 676 553 670 531 639 528 c 1
 615 530 604 554 594 582 c 9
 594 783 l 25
336 795 m 25
 379 775 415 779 447 744 c 24
 461 729 434 715 426 696 c 25
 426 579 l 17
 418 550 412 528 381 525 c 1
 357 527 346 551 336 579 c 9
 336 795 l 25
72 666 m 25
 792 666 l 25
 821 694 830 726 855 735 c 1
 881 731 923 678 954 645 c 1
 962 627 945 616 927 616 c 9
 72 616 l 25
 72 666 l 25
EndSplineSet
EndChar
