Width: 1000
Flags: H
TeX: 117 0
LayerCount: 2
Fore
SplineSet
519 118 m 1
 672 118 l 1
 672 68 l 1
 519 68 l 1
 519 118 l 1
510 273 m 25
 630 273 l 25
 646.38 285.87 651.891 311.435 672 306 c 24
 707.178 296.492 724.287 275.381 741 243 c 24
 747.55 230.309 728.19 224.7 720 213 c 25
 720 99 l 17
 712 70 706 48 675 45 c 1
 651 47 640 71 630 99 c 9
 630 223 l 25
 510 223 l 25
 510 273 l 25
477 297 m 25
 520 277 556 281 588 246 c 24
 602 231 575 217 567 198 c 25
 567 39 l 17
 559 10 553 -12 522 -15 c 1
 498 -13 487 11 477 39 c 9
 477 297 l 25
801 60 m 25
 801 355 l 25
 540 355 l 25
 540 405 l 25
 801 405 l 25
 817.38 417.87 822.891 443.435 843 438 c 24
 878.178 428.492 895.287 407.381 912 375 c 24
 918.55 362.309 899.19 356.7 891 345 c 25
 891 30 l 17
 885.322 -41.0765 873.58 -47.5564 843 -87 c 9
 804.39 -113.91 790.869 -151.739 744 -156 c 24
 718.419 -158.325 725.93 -119.902 711 -99 c 24
 696.542 -78.7588 685.38 -69.7197 669 -51 c 25
 753 -51 l 25
 770.55 -24.0898 785.248 -11.4884 798 18 c 24
 804.518 33.0732 799.83 43.6201 801 60 c 25
522 543 m 25
 557.1 524.28 584.407 523.654 612 495 c 24
 621.499 485.136 604.68 474.87 600 462 c 25
 571.92 409.35 559.559 377.641 528 327 c 24
 509.059 296.604 497.291 279.319 471 255 c 24
 449.787 235.378 432.57 231.21 408 216 c 25
 430.23 260.46 446.133 284.012 465 330 c 24
 483.678 375.527 491.279 402.463 504 450 c 24
 513.55 485.688 514.98 506.73 522 543 c 25
165 -111 m 24
 147.094 -117.053 133.59 -142.137 120 -129 c 24
 87.9678 -98.0352 92.5498 -64.9502 75 -24 c 25
 417 0 l 25
 384.24 -22.2305 369.231 -41.0409 333 -57 c 24
 270.018 -84.7422 230.197 -88.9615 165 -111 c 24
324 324 m 25
 359.1 308.79 387.532 312.619 414 285 c 24
 424.555 273.986 401.19 264.87 393 252 c 25
 368.43 168.93 363.434 118.915 330 39 c 24
 314.827 2.7334 293.4 -10.4102 270 -42 c 25
 279.36 21.1797 284.678 56.8145 294 120 c 24
 305.737 199.555 312.3 244.44 324 324 c 25
159 303 m 25
 185.91 265.56 207.128 248.112 228 207 c 24
 246.264 171.026 262.375 148.105 258 108 c 24
 254.549 76.3604 241.757 39.8829 210 42 c 24
 177.563 44.1621 177.173 82.8125 168 114 c 24
 159.08 144.327 166.504 163.424 165 195 c 24
 162.993 237.137 161.34 260.88 159 303 c 25
51 381 m 25
 345 381 l 25
 345 381 368 417 393 426 c 1
 419 422 407 393 438 360 c 1
 446 342 429 331 411 331 c 9
 51 331 l 25
 51 381 l 25
216 354 m 25
 216 516 l 25
 259 496 295 500 327 465 c 24
 341 450 314 436 306 417 c 25
 306 354 l 25
 216 354 l 25
528 783 m 25
 571.29 763.11 606.953 767.251 639 732 c 24
 652.745 716.881 626.19 702.72 618 684 c 25
 618 585 l 17
 610 556 604 534 573 531 c 1
 549 533 538 557 528 585 c 9
 528 783 l 25
300 774 m 25
 343 754 379 758 411 723 c 24
 425 708 398 694 390 675 c 25
 390 576 l 17
 382 547 376 525 345 522 c 1
 321 524 310 548 300 576 c 9
 300 774 l 25
69 666 m 25
 744 666 l 25
 773 694 782 726 807 735 c 1
 833 731 875 678 906 645 c 1
 914 627 897 616 879 616 c 9
 69 616 l 25
 69 666 l 25
EndSplineSet
EndChar
