Width: 1000
Flags: H
TeX: 117 0
LayerCount: 2
Fore
SplineSet
741 -18 m 24
 691.914 31.6377 671.46 66.1797 627 120 c 25
 633 156 l 25
 687 156 l 25
 719.76 122.07 736.147 100.777 771 69 c 24
 815.833 28.123 842.028 5.81522 891 -30 c 24
 920.64 -51.6768 940.41 -59.2803 972 -78 c 25
 952.11 -93.21 939.399 -100.017 921 -117 c 24
 908.781 -128.279 908.57 -158.014 894 -150 c 24
 824.947 -112.021 796.413 -74.0359 741 -18 c 24
540 162 m 25
 618 162 l 25
 618 84 l 25
 598.11 58.2598 589.323 41.6619 567 18 c 24
 530.648 -20.5332 510.031 -42.7568 468 -75 c 24
 424.212 -108.591 399.334 -129.737 348 -150 c 24
 308.445 -165.613 282.12 -159.15 240 -165 c 25
 298.5 -121.71 336.715 -103.567 390 -54 c 24
 438.042 -9.31055 460.574 21.1066 498 75 c 24
 519.49 105.946 523.62 128.07 540 162 c 25
669 286 m 25
 669 -141 l 17
 661 -170 655 -192 624 -195 c 1
 600 -193 589 -169 579 -141 c 9
 579 286 l 25
 669 286 l 25
372 177 m 25
 783 177 l 25
 812 205 821 237 846 246 c 1
 872 242 914 189 945 156 c 1
 953 138 936 127 918 127 c 9
 372 127 l 25
 372 177 l 25
507 481 m 1
 741 481 l 1
 741 431 l 1
 507 431 l 1
 507 481 l 1
516 315 m 1
 732 315 l 1
 732 265 l 1
 516 265 l 1
 516 315 l 1
687 765 m 25
 730 745 766 749 798 714 c 24
 812 699 785 685 777 666 c 25
 777 277 l 17
 769 248 763 226 732 223 c 1
 708 225 697 249 687 277 c 9
 687 765 l 25
465 765 m 25
 508 745 544 749 576 714 c 24
 590 699 563 685 555 666 c 25
 555 283 l 17
 547 254 541 232 510 229 c 1
 486 231 475 255 465 283 c 9
 465 765 l 25
348 615 m 25
 786 615 l 25
 815 643 824 675 849 684 c 1
 875 680 917 627 948 594 c 1
 956 576 939 565 921 565 c 9
 348 565 l 25
 348 615 l 25
117 177 m 25
 166.14 154.77 198.761 150.851 243 120 c 24
 289.145 87.8203 318.112 67.4158 345 18 c 24
 364.087 -17.0781 365.974 -45.9023 354 -84 c 24
 349.076 -99.666 325.083 -96.925 312 -87 c 24
 286.404 -67.583 284.821 -44.7316 267 -18 c 24
 252.059 4.41211 246.494 19.418 228 39 c 24
 206.295 61.9824 190.724 71.626 165 90 c 24
 141.485 106.796 126.57 113.79 102 129 c 25
 117 177 l 25
306 475 m 25
 36 475 l 25
 36 525 l 25
 291 525 l 25
 314.4 546.06 319.558 580.572 351 579 c 24
 384.052 577.348 396.201 548.599 411 519 c 24
 417.618 505.763 403.68 497.04 399 483 c 25
 389.64 406.95 393.46 362.367 375 288 c 24
 352.266 196.415 337.602 143.687 294 60 c 24
 264.026 2.4707 237.698 -26.1455 189 -69 c 24
 148.473 -104.664 118.62 -116.734 69 -138 c 24
 43.8945 -148.76 26.9102 -145.32 0 -150 c 25
 43.29 -114.9 71.5918 -99.4082 111 -60 c 24
 148.082 -22.918 169.18 -0.645362 195 45 c 24
 235.241 116.14 254.356 159.071 279 237 c 24
 297.965 296.971 298.91 333.503 306 396 c 24
 309.473 426.613 306 444.19 306 475 c 25
168 774 m 25
 209 760 238 764 273 738 c 24
 284 730 260 721 258 708 c 24
 244 636 243 594 231 522 c 24
 213 415 207 354 180 249 c 24
 166 193 161 157 126 111 c 24
 114 95 90 95 75 108 c 24
 61 120 69 138 72 156 c 24
 83 221 100 256 111 321 c 24
 130 429 136 491 150 600 c 24
 159 668 161 706 168 774 c 25
EndSplineSet
EndChar
