Width: 1000
Flags: H
TeX: 117 0
LayerCount: 2
Fore
SplineSet
510 100 m 1
 852 100 l 1
 852 50 l 1
 510 50 l 1
 510 100 l 1
504 211 m 1
 867 211 l 1
 867 161 l 1
 504 161 l 1
 504 211 l 1
798 -48 m 25
 798 262 l 25
 492 262 l 25
 492 312 l 25
 798 312 l 25
 814.38 324.87 819.891 350.435 840 345 c 24
 875.178 335.492 892.287 314.381 909 282 c 24
 915.55 269.309 896.19 263.7 888 252 c 25
 888 -111 l 25
 865.77 -128.55 859.276 -157.616 831 -156 c 24
 803.73 -154.441 803.07 -123.526 783 -105 c 24
 757.353 -81.3252 740.91 -70.2305 714 -48 c 25
 798 -48 l 25
459 351 m 25
 502.29 331.11 537.953 335.251 570 300 c 24
 583.745 284.881 557.19 270.72 549 252 c 25
 549 -108 l 17
 541 -137 535 -159 504 -162 c 1
 480 -160 469 -136 459 -108 c 9
 459 351 l 25
675 576 m 25
 807 576 l 25
 807 576 830 612 855 621 c 1
 881 617 869 588 900 555 c 1
 908 537 891 526 873 526 c 9
 675 526 l 25
 675 576 l 25
642 729 m 1
 732 729 l 1
 732 417 l 1
 642 417 l 1
 642 729 l 1
495 504 m 25
 535.95 484.11 557.876 470.264 600 453 c 24
 629.45 440.931 647.58 438.36 678 429 c 25
 984 429 l 25
 960.6 411.45 945.36 403.982 924 384 c 24
 908.787 369.769 903.87 358.38 891 342 c 25
 654 342 l 17
 615 354 594.329 374.997 558 399 c 24
 528.715 418.35 514.08 431.94 486 453 c 25
 495 504 l 25
480 663 m 25
 519.78 643.11 551.107 643.996 582 612 c 24
 592.903 600.707 571.02 590.04 564 576 c 25
 551.13 542.07 547.597 521.271 531 489 c 24
 505.305 439.036 491.578 409.484 456 366 c 24
 427.633 331.329 402.93 320.25 369 291 c 25
 399.42 378.75 420.444 427.004 447 516 c 24
 463.801 572.304 467.13 605.67 480 663 c 25
846 688 m 25
 372 688 l 25
 372 738 l 25
 846 738 l 25
 867.06 753.21 877.344 789.71 900 777 c 24
 943.592 752.546 957.679 717.684 969 669 c 24
 972.913 652.174 945.21 656.19 930 648 c 25
 798 606 l 25
 846 688 l 25
120 222 m 25
 162.12 197.43 190.856 190.594 228 159 c 24
 293.552 103.244 334.798 72.6025 381 0 c 24
 403.208 -34.8984 413.198 -67.3788 396 -105 c 24
 385.785 -127.346 352.039 -120.532 333 -105 c 24
 300.947 -78.8516 305.792 -45.8379 282 -12 c 24
 252.876 29.4209 233.223 50.6225 198 87 c 24
 161.703 124.487 137.61 141.9 99 177 c 25
 120 222 l 25
306 478 m 25
 24 478 l 25
 24 528 l 25
 294 528 l 25
 318.57 544.38 328.791 578.731 357 570 c 24
 395.23 558.167 403.746 525.571 420 489 c 24
 424.893 477.992 410.85 472.53 405 462 c 25
 380.43 357.87 376.046 296.428 342 195 c 24
 319.522 128.034 303.574 89.3655 261 33 c 24
 219.067 -22.5166 187 -48.5751 129 -87 c 24
 91.667 -111.732 63.1201 -110.79 21 -126 c 25
 68.9697 -76.8604 100.649 -53.2596 144 0 c 24
 182.922 47.8184 204.696 76.2363 231 132 c 24
 263.674 201.269 277.775 243.15 294 318 c 24
 307.256 379.155 301.32 415.6 306 478 c 25
195 786 m 25
 238.29 769.62 271.097 774.4 306 744 c 24
 318.632 732.998 295.02 720.21 288 705 c 25
 273.96 653.52 265.942 624.507 252 573 c 24
 223.821 468.896 208.654 409.974 180 306 c 24
 167.703 261.378 169.964 232.187 147 192 c 24
 130.944 163.903 116.077 142.277 84 138 c 24
 64.6982 135.427 54.8496 160.646 57 180 c 24
 65.9639 260.673 91.5824 302.187 111 381 c 24
 131.371 463.681 141.707 510.621 159 594 c 24
 174.472 668.598 180.96 711.12 195 786 c 25
EndSplineSet
EndChar
