Width: 1000
Flags: H
TeX: 117 0
LayerCount: 2
Fore
SplineSet
561 -29 m 1
 855 -29 l 1
 855 -79 l 1
 561 -79 l 1
 561 -29 l 1
576 121 m 1
 855 121 l 1
 855 71 l 1
 576 71 l 1
 576 121 l 1
567 259 m 1
 852 259 l 1
 852 209 l 1
 567 209 l 1
 567 259 l 1
555 390 m 25
 798 390 l 25
 814 403 820 428 840 423 c 24
 875 413 892 392 909 360 c 24
 916 347 896 342 888 330 c 25
 888 -93 l 17
 880 -122 874 -144 843 -147 c 1
 819 -145 808 -121 798 -93 c 9
 798 340 l 25
 555 340 l 25
 555 390 l 25
525 423 m 25
 568.29 403.11 603.953 407.251 636 372 c 24
 649.745 356.881 623.19 342.72 615 324 c 25
 615 -96 l 17
 607 -125 601 -147 570 -150 c 1
 546 -148 535 -124 525 -96 c 9
 525 423 l 25
609 687 m 1
 699 687 l 1
 699 501 l 1
 609 501 l 1
 609 687 l 1
444 520 m 1
 873 520 l 1
 873 470 l 1
 444 470 l 1
 444 520 l 1
450 705 m 25
 804 705 l 25
 820 718 826 743 846 738 c 24
 881 728 898 707 915 675 c 24
 922 662 902 657 894 645 c 25
 894 516 l 17
 886 487 880 465 849 462 c 1
 825 464 814 488 804 516 c 9
 804 655 l 25
 450 655 l 25
 450 705 l 25
411 267 m 25
 411 735 l 25
 454.29 715.11 489.953 719.251 522 684 c 24
 535.745 668.881 509.19 654.72 501 636 c 25
 501 243 l 17
 489 162 492 123 450 54 c 0
 425.53 13.7998 404.208 -23.8185 363 -63 c 24
 331.445 -93.0029 306.365 -101.391 267 -120 c 24
 241.569 -132.021 224.91 -132.81 198 -141 c 25
 240.12 -100.05 272.059 -83.948 306 -36 c 24
 346.812 21.6543 363.871 59.2568 387 126 c 24
 405.265 178.706 401.64 212.01 411 267 c 25
78 222 m 25
 127.14 200.94 160.786 199.477 204 168 c 24
 257.515 129.021 288.936 102.923 321 45 c 24
 330.633 27.5986 315.869 6.28975 297 0 c 24
 274.884 -7.37207 257.665 2.78829 240 18 c 24
 213.196 41.0811 214.012 67.9883 189 93 c 24
 147.783 134.217 117.63 149.73 72 186 c 25
 78 222 l 25
297 460 m 25
 0 460 l 25
 0 510 l 25
 291 510 l 25
 306.21 522.87 310.255 545.668 330 543 c 24
 363.444 538.48 384.933 524.114 402 495 c 24
 410.736 480.097 389.19 471.21 381 456 c 25
 363.45 374.1 363.066 325.266 336 246 c 24
 313.512 180.141 295.45 143.63 255 87 c 24
 218.454 35.8359 191.301 10.7256 141 -27 c 24
 96.6211 -60.2842 64.1396 -67.2598 15 -93 c 25
 77.0098 -20.46 119.851 14.4178 174 93 c 24
 216.456 154.613 237.222 193.054 261 264 c 24
 285.697 337.69 282.96 383.56 297 460 c 25
153 744 m 25
 192.78 724.11 224.089 724.977 255 693 c 24
 266.326 681.283 245.85 669.21 240 654 c 25
 225.96 582.63 221.905 541.5 204 471 c 24
 184.414 393.88 166.864 352.213 144 276 c 24
 131.763 235.207 134.394 208.389 114 171 c 24
 98.1533 141.948 87.0732 109.86 54 111 c 24
 27.2842 111.921 25.3062 147.322 27 174 c 24
 30.2598 225.337 53.524 250.096 66 300 c 24
 93.332 409.326 107.331 471.412 129 582 c 24
 141.281 644.678 143.64 680.82 153 744 c 25
EndSplineSet
EndChar
