Width: 1000
Flags: HW
TeX: 117 0
LayerCount: 2
Fore
SplineSet
873 640 m 25
 693 640 l 25
 693 690 l 25
 870 690 l 25
 886 703 892 729 912 723 c 24
 945 712 958 689 972 657 c 24
 978 644 963 637 957 624 c 25
 941 589 932 569 915 534 c 24
 896 494 884 472 864 432 c 25
 892 374 914 343 936 282 c 24
 954 233 970 205 966 153 c 24
 962 98 949 66 918 21 c 24
 903 -2 882 -19 855 -12 c 24
 829 -6 835 24 819 45 c 24
 802 67 790 76 771 96 c 25
 846 96 l 25
 860 112 879 117 882 138 c 24
 889 196 884 231 870 288 c 24
 855 350 832 380 807 438 c 25
 821 472 832 490 843 525 c 24
 857 569 861 595 873 640 c 25
672 720 m 25
 715 700 751 704 783 669 c 24
 797 654 770 640 762 621 c 25
 762 -81 l 17
 754 -110 748 -132 717 -135 c 1
 693 -133 682 -109 672 -81 c 9
 672 720 l 25
402 210 m 25
 402 663 l 25
 492 663 l 25
 492 189 l 25
 478 153 475 130 456 96 c 24
 430 49 415 21 378 -18 c 24
 353 -44 332 -52 300 -69 c 24
 272 -83 254 -85 225 -96 c 25
 264 -52 290 -30 324 18 c 24
 356 63 372 90 393 141 c 24
 403 166 398 183 402 210 c 25
342 278 m 1
 603 278 l 1
 603 228 l 1
 342 228 l 1
 342 278 l 1
360 523 m 1
 585 523 l 1
 585 473 l 1
 360 473 l 1
 360 523 l 1
540 90 m 25
 540 646 l 25
 309 646 l 25
 309 696 l 25
 540 696 l 25
 556 709 562 734 582 729 c 24
 617 719 634 698 651 666 c 24
 658 653 638 648 630 636 c 25
 630 51 l 17
 612 0 608 -22 579 -60 c 24
 558 -87 541 -116 507 -111 c 24
 479 -107 492 -69 477 -45 c 24
 465 -25 453 -18 438 0 c 25
 513 0 l 25
 521 15 529 22 534 39 c 24
 540 58 538 70 540 90 c 25
99 228 m 25
 145 208 178 209 216 177 c 24
 256 143 275 116 291 66 c 24
 299 41 295 16 273 0 c 24
 257 -11 241 6 228 21 c 24
 208 44 211 65 195 90 c 24
 178 116 166 128 144 150 c 24
 128 166 117 172 99 186 c 25
 99 228 l 25
249 490 m 25
 21 490 l 25
 21 540 l 25
 243 540 l 25
 259 553 265 579 285 573 c 24
 318 563 330 540 348 510 c 24
 353 501 341 495 336 486 c 25
 328 415 331 373 315 303 c 24
 299 232 291 190 255 126 c 24
 218 60 190 25 132 -24 c 24
 88 -61 51 -64 0 -90 c 25
 36 -55 63 -41 93 0 c 24
 146 72 176 115 210 198 c 24
 235 260 234 300 243 366 c 24
 249 414 247 442 249 490 c 25
138 756 m 25
 180 737 211 738 246 708 c 24
 256 699 231 691 228 678 c 24
 205 588 199 535 180 444 c 24
 159 344 158 286 126 189 c 24
 117 161 107 136 78 132 c 24
 57 129 49 156 48 177 c 24
 46 216 62 237 69 276 c 24
 84 360 93 407 105 492 c 24
 120 595 125 653 138 756 c 25
EndSplineSet
EndChar
