Width: 1000
Flags: H
TeX: 117 0
LayerCount: 2
Fore
SplineSet
318 -93 m 25
 798 -93 l 25
 827 -65 836 -33 861 -24 c 1
 887 -28 929 -81 960 -114 c 1
 968 -132 951 -143 933 -143 c 9
 318 -143 l 25
 318 -93 l 25
447 159 m 25
 804 159 l 25
 804 159 826 190 850 199 c 1
 869 192 893 164 912 138 c 1
 920 120 904 109 886 109 c 9
 447 109 l 25
 447 159 l 25
411 384 m 25
 834 384 l 25
 834 384 856 415 880 424 c 1
 899 417 923 389 942 363 c 1
 950 345 934 334 916 334 c 9
 411 334 l 25
 411 384 l 25
453 615 m 25
 786 615 l 25
 786 615 808 646 832 655 c 1
 851 648 875 620 894 594 c 1
 902 576 886 565 868 565 c 9
 453 565 l 25
 453 615 l 25
600 -102 m 25
 600 783 l 25
 643 763 679 767 711 732 c 24
 725 717 698 703 690 684 c 25
 690 -102 l 25
 600 -102 l 25
141 204 m 25
 207 181 247 175 309 144 c 24
 344 127 363 112 387 81 c 24
 412 48 426 26 432 -15 c 24
 435 -37 429 -59 408 -66 c 24
 385 -74 365 -63 348 -45 c 24
 316 -11 320 24 291 60 c 24
 269 87 250 97 219 114 c 24
 186 132 164 136 129 150 c 25
 141 204 l 25
339 463 m 9
 42 463 l 25
 42 513 l 25
 339 513 l 25
 353 529 354 559 375 555 c 24
 413 548 433 526 450 492 c 24
 458 476 437 466 429 450 c 25
 422 403 424 376 411 330 c 24
 384 232 370 176 327 84 c 24
 300 26 278 -5 234 -51 c 24
 203 -83 179 -96 138 -114 c 24
 105 -129 83 -127 48 -135 c 25
 89 -100 117 -85 153 -45 c 24
 196 4 218 35 249 93 c 24
 281 153 296 189 312 255 c 24
 331 334 339 378 339 463 c 9
213 759 m 25
 250 747 278 753 309 729 c 24
 321 720 304 707 300 693 c 25
 284 626 274 589 258 522 c 24
 225 384 216 304 174 168 c 24
 167 145 159 123 135 120 c 24
 116 118 110 141 105 159 c 24
 99 180 102 183 108 216 c 1
 213 759 l 25
EndSplineSet
EndChar
