Width: 1000
Flags: HW
TeX: 117 0
LayerCount: 2
Fore
SplineSet
627 279 m 25
 717 279 l 25
 717 -95 l 25
 627 -95 l 25
 627 279 l 25
444 131 m 25
 870 131 l 25
 870 81 l 17
 444 81 l 9
 444 131 l 25
456 -60 m 25
 888 -60 l 25
 888 -110 l 25
 456 -110 l 25
 456 -60 l 25
447 300 m 25
 822 300 l 25
 838 313 844 338 864 333 c 24
 899 323 916 302 933 270 c 24
 940 257 920 252 912 240 c 25
 912 -74 l 17
 904 -103 898 -125 867 -128 c 1
 843 -126 832 -102 822 -74 c 9
 822 250 l 25
 447 250 l 25
 447 300 l 25
420 318 m 25
 463 298 499 302 531 267 c 24
 545 252 518 238 510 219 c 25
 510 -86 l 17
 502 -115 496 -137 465 -140 c 1
 441 -138 430 -114 420 -86 c 9
 420 318 l 25
510 425 m 25
 810 425 l 25
 810 375 l 25
 510 375 l 25
 510 425 l 25
504 597 m 25
 756 597 l 25
 772 610 778 635 798 630 c 24
 833 620 850 599 867 567 c 24
 874 554 854 549 846 537 c 25
 846 420 l 17
 838 391 832 369 801 366 c 1
 777 368 766 392 756 420 c 9
 756 547 l 25
 504 547 l 25
 504 597 l 25
480 612 m 25
 523 592 559 596 591 561 c 24
 605 546 578 532 570 513 c 25
 570 402 l 17
 562 373 556 351 525 348 c 1
 501 350 490 374 480 402 c 9
 480 612 l 25
369 735 m 25
 771 735 l 25
 800 763 809 795 834 804 c 1
 860 800 902 747 933 714 c 1
 941 696 924 685 906 685 c 9
 369 685 l 25
 369 735 l 25
183 789 m 25
 226 769 262 773 294 738 c 24
 308 723 281 709 273 690 c 25
 273 -117 l 17
 265 -146 259 -168 228 -171 c 1
 204 -169 193 -145 183 -117 c 9
 183 789 l 25
324 162 m 25
 324 562 l 25
 75 562 l 25
 75 612 l 25
 324 612 l 25
 340.38 624.87 345.89 650.435 366 645 c 24
 401.178 635.492 418.287 614.381 435 582 c 24
 441.55 569.309 422.19 563.7 414 552 c 25
 414 141 l 25
 398.79 119.94 400.202 93.3006 375 87 c 24
 356.522 82.3809 357.345 111.717 342 123 c 24
 317.097 141.312 299.91 146.79 273 162 c 25
 324 162 l 25
54 630 m 25
 97 610 133 614 165 579 c 24
 179 564 152 550 144 531 c 25
 144 84 l 17
 136 55 130 33 99 30 c 1
 75 32 64 56 54 84 c 9
 54 630 l 25
EndSplineSet
EndChar
