Width: 1000
Flags: H
TeX: 117 0
LayerCount: 2
Fore
SplineSet
651 792 m 25
 694 772 730 776 762 741 c 24
 776 726 749 712 741 693 c 25
 741 -81 l 17
 733 -110 727 -132 696 -135 c 1
 672 -133 661 -109 651 -81 c 9
 651 792 l 25
831 126 m 25
 831 511 l 25
 516 511 l 25
 516 561 l 25
 831 561 l 25
 847 574 853 599 873 594 c 24
 908 584 925 563 942 531 c 24
 949 518 929 513 921 501 c 25
 921 81 l 17
 909 57 899 28 870 27 c 24
 839 26 834 58 810 78 c 24
 787 97 773 107 750 126 c 25
 831 126 l 25
489 588 m 25
 532 568 568 572 600 537 c 24
 614 522 587 508 579 489 c 25
 579 54 l 17
 571 25 565 3 534 0 c 1
 510 2 499 26 489 54 c 9
 489 588 l 25
150 22 m 25
 405 22 l 25
 405 -28 l 25
 150 -28 l 25
 150 22 l 25
135 240 m 25
 336 240 l 25
 352 253 358 278 378 273 c 24
 413 263 430 242 447 210 c 24
 454 197 434 192 426 180 c 25
 426 -15 l 17
 418 -44 412 -66 381 -69 c 1
 357 -67 346 -43 336 -15 c 9
 336 190 l 25
 135 190 l 25
 135 240 l 25
138 395 m 25
 384 395 l 25
 384 345 l 25
 138 345 l 25
 138 395 l 25
138 570 m 25
 336 570 l 25
 352 583 358 608 378 603 c 24
 413 593 430 572 447 540 c 24
 454 527 434 522 426 510 c 25
 426 375 l 17
 418 346 412 324 381 321 c 1
 357 323 346 347 336 375 c 9
 336 520 l 25
 138 520 l 25
 138 570 l 25
102 615 m 25
 145 595 181 599 213 564 c 24
 227 549 200 535 192 516 c 25
 192 -78 l 17
 184 -107 178 -129 147 -132 c 1
 123 -130 112 -106 102 -78 c 9
 102 615 l 25
249 735 m 25
 283 713 314 712 336 678 c 24
 346 663 321 655 309 642 c 24
 274 601 252 580 216 540 c 25
 156 567 l 25
 249 735 l 25
EndSplineSet
EndChar
