Width: 1000
Flags: H
TeX: 117 0
LayerCount: 2
Fore
SplineSet
624 654 m 25
 661.44 634.11 693.655 636.217 720 603 c 24
 730.905 589.25 703.53 581.04 693 567 c 25
 633 480 l 25
 579 480 l 25
 624 654 l 25
327 642 m 25
 366.78 625.62 395.893 627.472 429 600 c 24
 454.371 578.947 464.72 557.805 468 525 c 24
 470.036 504.635 459.77 488.16 441 480 c 24
 425.049 473.064 410.453 481.91 399 495 c 24
 383.399 512.829 388.421 530.724 378 552 c 24
 360.254 588.231 346.89 606.9 327 642 c 25
579 108 m 25
 639 108 l 17
 660 81 678.086 64.1777 708 42 c 24
 746.362 13.5586 769.36 -1.60458 813 -21 c 24
 864.73 -43.9912 897.18 -48.4502 951 -66 c 25
 928.77 -83.5498 911.338 -88.6048 894 -111 c 24
 881.993 -126.508 898.613 -159 879 -159 c 24
 835.035 -159 812.453 -136.999 777 -111 c 24
 723.611 -71.8486 698.401 -43.11 654 6 c 24
 620.886 42.626 608.25 68.2197 579 108 c 25
360 120 m 25
 420 120 l 25
 420 57 l 25
 401.28 34.7695 392.364 20.7345 372 0 c 24
 327.927 -44.874 306.393 -79.4169 252 -111 c 24
 194.719 -144.26 156.18 -142.11 93 -162 c 25
 137.46 -126.9 165.834 -110.91 207 -72 c 24
 251.557 -29.8848 273.791 -2.94865 312 45 c 24
 333.643 72.1592 341.28 90.75 360 120 c 25
612 477 m 25
 612 -135 l 17
 604 -164 598 -186 567 -189 c 1
 543 -187 532 -163 522 -135 c 9
 522 477 l 25
 612 477 l 25
465 477 m 25
 465 -135 l 17
 457 -164 451 -186 420 -189 c 1
 396 -187 385 -163 375 -135 c 9
 375 477 l 25
 465 477 l 25
264 151 m 1
 753 151 l 1
 753 101 l 1
 264 101 l 1
 264 151 l 1
252 269 m 25
 795 269 l 25
 824 297 833 329 858 338 c 1
 884 334 926 281 957 248 c 1
 965 230 948 219 930 219 c 9
 252 219 l 25
 252 269 l 25
270 387 m 25
 690 387 l 25
 706.38 399.87 711.891 425.435 732 420 c 24
 767.178 410.492 784.287 389.381 801 357 c 24
 807.55 344.309 788.19 338.7 780 327 c 25
 780 126 l 17
 772 97 766 75 735 72 c 1
 711 74 700 98 690 126 c 9
 690 337 l 25
 270 337 l 25
 270 387 l 25
225 498 m 25
 765 498 l 25
 765 498 803 558 828 567 c 1
 854 563 896 510 927 477 c 1
 935 459 918 448 900 448 c 9
 225 448 l 25
 225 498 l 25
459 675 m 25
 459 800 l 25
 502 780 538 784 570 749 c 24
 584 734 557 720 549 701 c 25
 549 675 l 25
 459 675 l 25
138 699 m 25
 759 699 l 25
 788 727 797 759 822 768 c 1
 848 764 890 711 921 678 c 1
 929 660 912 649 894 649 c 9
 138 649 l 25
 138 699 l 25
111 219 m 9
 111 732 l 25
 154.29 712.11 189.953 716.251 222 681 c 24
 235.745 665.881 209.19 651.72 201 633 c 25
 201 207 l 25
 186.96 159.03 184.187 130.153 165 84 c 24
 140.692 25.5303 129.468 -10.4851 90 -60 c 24
 63.2939 -93.5039 35.0996 -98.4297 0 -123 c 25
 29.25 -56.3096 52.5191 -21.2655 75 48 c 24
 96.0391 112.823 108 150 111 219 c 9
EndSplineSet
EndChar
