Width: 1000
Flags: H
TeX: 117 0
LayerCount: 2
Fore
SplineSet
408 187 m 1
 675 187 l 1
 675 137 l 1
 408 137 l 1
 408 187 l 1
756 87 m 25
 788.76 64.7695 812.607 58.5838 840 30 c 24
 867.631 1.16797 883.312 -18.5224 894 -57 c 24
 901.885 -85.3848 901.542 -107.623 885 -132 c 24
 874.306 -147.761 853.917 -149.75 837 -141 c 24
 813.926 -129.065 808.233 -110.878 798 -87 c 24
 786.701 -60.6367 789.73 -42.8819 783 -15 c 24
 773.345 25.001 766.53 47.2197 756 87 c 25
612 72 m 25
 640.08 43.9199 664.237 34.4443 684 0 c 24
 706.477 -39.1729 717.852 -65.8457 717 -111 c 24
 716.559 -134.396 703.999 -154.688 681 -159 c 24
 655.286 -163.821 632.248 -152.621 621 -129 c 24
 604.903 -95.1973 622.675 -70.4023 621 -33 c 24
 619.161 8.05859 615.51 31.0498 612 72 c 25
465 66 m 17
 495 33 506.304 18.8184 519 -18 c 24
 530.468 -51.2559 533.852 -73.9541 525 -108 c 24
 517.64 -136.309 508.22 -160.304 480 -168 c 24
 456.188 -174.494 435.397 -157.822 426 -135 c 24
 415.601 -109.743 432.404 -92.7344 438 -66 c 24
 442.941 -42.3916 448.166 -29.6309 453 -6 c 24
 458.705 21.8896 460.32 37.9199 465 66 c 17
312 63 m 25
 321.36 16.2002 336 -9.27344 336 -57 c 24
 336 -91.0713 331.87 -113.323 312 -141 c 24
 296.425 -162.693 278.692 -173.166 252 -174 c 24
 233.733 -174.571 220.86 -161.618 216 -144 c 24
 209.959 -122.101 218.773 -107.76 228 -87 c 24
 237.888 -64.752 252.104 -57.2421 264 -36 c 24
 284.966 1.43848 293.28 24.3896 312 63 c 25
612 606 m 25
 655 586 691 590 723 555 c 24
 737 540 710 526 702 507 c 25
 702 159 l 17
 694 130 688 108 657 105 c 1
 633 107 622 131 612 159 c 9
 612 606 l 25
372 606 m 25
 415 586 451 590 483 555 c 24
 497 540 470 526 462 507 c 25
 462 171 l 17
 454 142 448 120 417 117 c 1
 393 119 382 143 372 171 c 9
 372 606 l 25
198 390 m 25
 795 390 l 25
 824 418 833 450 858 459 c 1
 884 455 926 402 957 369 c 1
 965 351 948 340 930 340 c 9
 198 340 l 25
 198 390 l 25
180 636 m 25
 795 636 l 25
 824 664 833 696 858 705 c 1
 884 701 926 648 957 615 c 1
 965 597 948 586 930 586 c 9
 180 586 l 25
 180 636 l 25
108 0 m 24
 128.197 38.29 129.96 64.0498 144 105 c 25
 144 669 l 25
 187.29 649.11 222.953 653.251 255 618 c 24
 268.745 602.881 242.19 588.72 234 570 c 25
 234 135 l 25
 223.47 89.3701 226.335 60.6512 207 18 c 24
 185.827 -28.7051 166.868 -52.3978 132 -90 c 24
 106.382 -117.627 86.4372 -127.833 54 -147 c 24
 34.5459 -158.495 21.0596 -159.81 0 -168 c 25
 42.1201 -102.48 71.6601 -68.8945 108 0 c 24
477 612 m 25
 477 780 l 25
 520 760 556 764 588 729 c 24
 602 714 575 700 567 681 c 25
 567 612 l 25
 477 612 l 25
EndSplineSet
EndChar
