Width: 1000
Flags: H
TeX: 117 0
LayerCount: 2
Fore
SplineSet
567 351 m 25
 633 351 l 25
 633 351 674 287 705 249 c 24
 741 206 762 182 804 144 c 24
 836 115 857 102 894 78 c 24
 923 59 942 52 972 36 c 25
 945 20 931 9 903 -6 c 24
 880 -18 867 -42 843 -33 c 24
 796 -15 780 16 747 54 c 24
 699 110 674 144 636 207 c 24
 604 260 567 351 567 351 c 25
489 360 m 25
 549 360 l 25
 540 252 l 25
 540 252 478 163 429 114 c 24
 386 71 357 51 305 20 c 24
 269 -1 240 -8 204 -18 c 1
 268 41 303 75 360 141 c 24
 393 179 408 204 434 248 c 24
 459 290 489 360 489 360 c 25
522 591 m 25
 565 571 601 575 633 540 c 24
 647 525 620 511 612 492 c 25
 612 -126 l 17
 604 -155 598 -177 567 -180 c 1
 543 -178 532 -154 522 -126 c 9
 522 591 l 25
282 383 m 25
 789 383 l 25
 789 383 827 443 852 452 c 1
 878 448 920 395 951 362 c 1
 959 344 942 333 924 333 c 9
 282 333 l 25
 282 383 l 25
522 624 m 25
 522 771 l 25
 565 751 601 755 633 720 c 24
 647 705 620 691 612 672 c 25
 612 624 l 25
 522 624 l 25
204 645 m 25
 777 645 l 25
 806 673 815 705 840 714 c 1
 866 710 908 657 939 624 c 1
 947 606 930 595 912 595 c 9
 204 595 l 25
 204 645 l 25
178 180 m 26
 178 668 l 25
 221 648 257 652 289 617 c 24
 303 602 276 588 268 569 c 25
 268 174 l 18
 268 97 246 42 207 -15 c 0
 184 -49 161 -70 126 -99 c 24
 93 -127 72 -139 33 -159 c 1
 86 -87 111 -53 144 24 c 24
 168 81 178 118 178 180 c 26
EndSplineSet
EndChar
