Width: 1000
Flags: H
TeX: 117 0
LayerCount: 2
Fore
SplineSet
627 45 m 1
 717 45 l 1
 717 -117 l 1
 627 -117 l 1
 627 45 l 1
510 42 m 1
 600 42 l 1
 600 -120 l 1
 510 -120 l 1
 510 42 l 1
744 -108 m 25
 744 10 l 25
 417 10 l 25
 417 60 l 25
 744 60 l 25
 760 73 766 98 786 93 c 24
 821 83 838 62 855 30 c 24
 862 17 842 12 834 0 c 25
 834 -108 l 25
 744 -108 l 25
276 -96 m 25
 825 -96 l 25
 854 -68 863 -36 888 -27 c 1
 914 -31 956 -84 987 -117 c 1
 995 -135 978 -146 960 -146 c 9
 276 -146 l 25
 276 -96 l 25
381 -120 m 25
 381 90 l 25
 424 70 460 74 492 39 c 24
 506 24 479 10 471 -9 c 25
 471 -120 l 25
 381 -120 l 25
585 261 m 1
 675 261 l 1
 675 129 l 1
 585 129 l 1
 585 261 l 1
465 154 m 1
 789 154 l 1
 789 104 l 1
 465 104 l 1
 465 154 l 1
459 219 m 1
 801 219 l 1
 801 169 l 1
 459 169 l 1
 459 219 l 1
471 288 m 25
 753 288 l 25
 769 301 775 326 795 321 c 24
 830 311 847 290 864 258 c 24
 871 245 851 240 843 228 c 25
 843 144 l 17
 835 115 829 93 798 90 c 1
 774 92 763 116 753 144 c 9
 753 238 l 25
 471 238 l 25
 471 288 l 25
432 321 m 25
 475 301 511 305 543 270 c 24
 557 255 530 241 522 222 c 25
 522 144 l 17
 514 115 508 93 477 90 c 1
 453 92 442 116 432 144 c 9
 432 321 l 25
471 360 m 9
 471 522 l 25
 514 502 550 506 582 471 c 24
 596 456 569 442 561 423 c 25
 561 407 l 17
 566 389 565 386 579 384 c 9
 765 384 l 25
 777 393 785 397 795 408 c 24
 814 430 821 445 837 468 c 25
 839 441 831 423 843 399 c 24
 854 377 896 384 891 360 c 24
 885 332 853 338 828 324 c 25
 513 324 l 17
 477 324 474 330 471 360 c 9
351 432 m 25
 654 468 l 17
 670 479 682 490 706 499 c 1
 732 494 750 471 762 449 c 1
 762 438 747 435 735 432 c 9
 351 378 l 25
 351 432 l 25
537 608 m 25
 684 608 l 25
 684 608 707 644 732 653 c 1
 758 649 746 620 777 587 c 1
 785 569 768 558 750 558 c 9
 537 558 l 25
 537 608 l 25
501 522 m 25
 501 684 l 25
 544 664 580 668 612 633 c 24
 626 618 599 604 591 585 c 25
 591 522 l 25
 501 522 l 25
804 490 m 25
 291 490 l 25
 291 540 l 25
 795 540 l 25
 816 552 826 578 849 570 c 24
 885 557 901 534 915 498 c 24
 920 485 897 485 885 477 c 25
 789 429 l 25
 804 490 l 25
267 168 m 25
 267 570 l 25
 310 550 346 554 378 519 c 24
 392 504 365 490 357 471 c 25
 357 180 l 25
 343 130 343 98 321 51 c 24
 303 12 285 -6 255 -36 c 24
 221 -70 202 -91 159 -114 c 24
 127 -131 104 -127 69 -135 c 25
 110 -103 140 -93 174 -54 c 24
 209 -14 223 14 243 63 c 24
 259 102 258 127 267 168 c 25
459 666 m 25
 459 798 l 25
 502 778 538 782 570 747 c 24
 584 732 557 718 549 699 c 25
 549 666 l 25
 459 666 l 25
147 678 m 25
 819 678 l 25
 848 706 857 738 882 747 c 1
 908 743 950 690 981 657 c 1
 989 639 972 628 954 628 c 9
 147 628 l 25
 147 678 l 25
111 192 m 25
 111 732 l 25
 154 712 190 716 222 681 c 24
 236 666 209 652 201 633 c 25
 201 138 l 25
 187 96 186 69 165 30 c 24
 136 -25 118 -57 75 -102 c 24
 52 -126 29 -126 0 -141 c 25
 20 -107 35 -90 51 -54 c 24
 72 -7 81 22 93 72 c 24
 104 118 104 145 111 192 c 25
EndSplineSet
EndChar
