Width: 1000
Flags: H
TeX: 117 0
LayerCount: 2
Fore
SplineSet
462 270 m 25
 505 250 541 254 573 219 c 24
 587 204 560 190 552 171 c 25
 552 -135 l 17
 544 -164 538 -186 507 -189 c 1
 483 -187 472 -163 462 -135 c 9
 462 270 l 25
723 -33 m 25
 723 76 l 25
 240 76 l 25
 240 126 l 25
 723 126 l 25
 739.38 138.87 744.891 164.435 765 159 c 24
 800.178 149.492 817.287 128.381 834 96 c 24
 840.55 83.3086 821.19 77.7002 813 66 c 25
 813 -72 l 25
 790.77 -90.7197 784.998 -118.067 756 -120 c 24
 735.215 -121.386 738.435 -91.9884 723 -78 c 24
 700.627 -57.7236 684.57 -50.5498 660 -33 c 25
 723 -33 l 25
201 153 m 25
 244.29 133.11 279.953 137.251 312 102 c 24
 325.745 86.8809 299.19 72.7197 291 54 c 25
 291 -72 l 17
 283 -101 277 -123 246 -126 c 1
 222 -124 211 -100 201 -72 c 9
 201 153 l 25
537 528 m 25
 576.78 511.62 605.478 512.963 639 486 c 24
 662.651 466.977 673.316 447.306 675 417 c 24
 676.064 397.84 663.276 383.848 645 378 c 24
 627.381 372.362 612.35 379.226 600 393 c 24
 579.38 415.999 580.063 437.009 567 465 c 24
 555.492 489.66 548.7 503.43 537 528 c 25
735 300 m 25
 735 768 l 25
 778.29 748.11 813.953 752.251 846 717 c 24
 859.745 701.881 833.19 687.72 825 669 c 25
 825 270 l 17
 819 243 791.943 212.991 756 207 c 24
 733.092 203.182 733.927 236.099 717 252 c 24
 695.159 272.518 680.4 281.28 657 300 c 25
 735 300 l 25
549 630 m 25
 855 630 l 25
 855 630 878 666 903 675 c 1
 929 671 917 642 948 609 c 1
 956 591 939 580 921 580 c 9
 549 580 l 25
 549 630 l 25
138 189 m 24
 120.806 185.291 103.828 172.14 93 186 c 24
 68.1621 217.792 74.7002 246.39 63 285 c 25
 137.88 285 180.146 283.017 255 285 c 24
 356.861 287.698 414.21 292.32 516 297 c 25
 470.37 279.45 446.007 265.431 399 252 c 24
 298.315 223.233 240.359 211.077 138 189 c 24
90 429 m 25
 426 429 l 25
 426 429 449 465 474 474 c 1
 500 470 488 441 519 408 c 1
 527 390 510 379 492 379 c 9
 90 379 l 25
 90 429 l 25
51 552 m 25
 444 552 l 25
 444 552 467 588 492 597 c 1
 518 593 506 564 537 531 c 1
 545 513 528 502 510 502 c 9
 51 502 l 25
 51 552 l 25
255 267 m 25
 255 786 l 25
 298.29 766.11 333.953 770.251 366 735 c 24
 379.745 719.881 353.19 705.72 345 687 c 25
 345 267 l 25
 255 267 l 25
84 687 m 25
 435 687 l 25
 435 687 458 723 483 732 c 1
 509 728 497 699 528 666 c 1
 536 648 519 637 501 637 c 9
 84 637 l 25
 84 687 l 25
EndSplineSet
EndChar
