Width: 1000
Flags: H
TeX: 117 0
LayerCount: 2
Fore
SplineSet
507 180 m 25
 573 180 l 25
 606.93 134.37 619.022 102.422 660 63 c 24
 712.446 12.5449 745.859 -13.6153 810 -48 c 24
 860.873 -75.2725 896.01 -75.4502 951 -93 c 25
 912.39 -110.55 888.241 -115.971 852 -138 c 24
 827.922 -152.636 826.178 -186 798 -186 c 24
 766.173 -186 756.052 -158.845 732 -138 c 24
 703.241 -113.075 687.363 -98.2356 663 -69 c 24
 617.01 -13.8125 590.14 17.122 552 78 c 24
 528.916 114.846 524.55 140.22 507 180 c 25
474 174 m 25
 474 630 l 25
 564 630 l 25
 564 171 l 17
 546 117 530.548 71.5068 492 18 c 24
 450.892 -39.0605 418.768 -65.1542 363 -108 c 24
 321.904 -139.574 295.029 -154.209 246 -171 c 24
 208.106 -183.978 183.78 -178.32 144 -183 c 25
 187.29 -154.92 214.121 -142.488 255 -111 c 24
 300.954 -75.6025 328.01 -55.8349 366 -12 c 24
 404.68 32.6299 420.345 62.9268 450 114 c 24
 462.655 135.795 464.64 150.6 474 174 c 25
291 211 m 25
 747 211 l 25
 747 161 l 25
 291 161 l 25
 291 211 l 25
201 369 m 25
 816 369 l 25
 816 369 854 429 879 438 c 1
 905 434 947 381 978 348 c 1
 986 330 969 319 951 319 c 9
 201 319 l 25
 201 369 l 25
279 510 m 25
 717 510 l 25
 733.38 522.87 738.891 548.435 759 543 c 24
 794.178 533.492 811.287 512.381 828 480 c 24
 834.55 467.309 815.19 461.7 807 450 c 25
 807 165 l 17
 799 136 793 114 762 111 c 1
 738 113 727 137 717 165 c 9
 717 460 l 25
 279 460 l 25
 279 510 l 25
480 633 m 25
 480 786 l 25
 523 766 559 770 591 735 c 24
 605 720 578 706 570 687 c 25
 570 633 l 25
 480 633 l 25
171 660 m 25
 759 660 l 25
 788 688 797 720 822 729 c 1
 848 725 890 672 921 639 c 1
 929 621 912 610 894 610 c 9
 171 610 l 25
 171 660 l 25
147 168 m 25
 147 687 l 25
 190.29 667.11 225.953 671.251 258 636 c 24
 271.745 620.881 245.19 606.72 237 588 c 25
 237 168 l 25
 226.47 95.46 234.531 51.0734 210 -18 c 24
 189.038 -77.0244 164.765 -106.321 123 -153 c 24
 103.449 -174.851 82.7402 -174.96 57 -189 c 25
 76.8896 -149.22 93.7835 -129.142 108 -87 c 24
 126.781 -31.3262 132.117 1.91897 141 60 c 24
 147.378 101.7 144.66 125.88 147 168 c 25
EndSplineSet
EndChar
