Width: 1000
Flags: H
TeX: 117 0
LayerCount: 2
Fore
SplineSet
469 594 m 25
 469 783 l 25
 512 763 548 767 580 732 c 24
 594 717 567 703 559 684 c 25
 559 594 l 25
 469 594 l 25
546 399 m 25
 546 -126 l 17
 538 -155 532 -177 501 -180 c 1
 477 -178 466 -154 456 -126 c 9
 456 399 l 25
 546 399 l 25
693 -15 m 25
 693 220 l 25
 258 220 l 25
 258 270 l 25
 693 270 l 25
 709 283 715 308 735 303 c 24
 770 293 787 272 804 240 c 24
 811 227 791 222 783 210 c 25
 783 -57 l 25
 763.11 -75.7197 759.267 -103.396 732 -105 c 24
 706.278 -106.513 700.563 -79.7686 681 -63 c 24
 659.606 -44.6621 648.06 -33.7197 627 -15 c 25
 693 -15 l 25
231 288 m 25
 274.29 268.11 309.953 272.251 342 237 c 24
 355.745 221.881 329.19 207.72 321 189 c 25
 321 -54 l 17
 313 -83 307 -105 276 -108 c 1
 252 -106 241 -82 231 -54 c 9
 231 288 l 25
609 597 m 25
 720 594 l 25
 698.94 553.05 689.598 528.542 666 489 c 24
 646.205 455.83 638.705 439.685 609 408 c 1
 598.566 396.871 570 411 570 411 c 25
 609 597 l 25
297 600 m 25
 375 600 l 25
 401.91 547.35 433.724 523.228 444 465 c 24
 449.184 435.625 439.883 403.454 411 396 c 24
 382.678 388.691 365.269 415.467 351 441 c 24
 319.053 498.168 318.06 537.99 297 600 c 25
819 376 m 25
 165 376 l 25
 165 426 l 25
 840 426 l 25
 859.89 438.87 871.541 472.513 891 459 c 24
 930.119 431.834 938.243 397.616 948 351 c 24
 950.926 337.021 929.7 338.19 918 330 c 25
 822 282 l 25
 819 376 l 25
168 462 m 25
 173.85 422.22 184.296 400.187 183 360 c 24
 181.911 326.249 184.09 301.541 162 276 c 24
 141.664 252.486 117.064 241.088 87 249 c 24
 60.9512 255.854 44.0043 279.362 48 306 c 24
 52.915 338.768 84.7979 342.737 105 369 c 24
 131.711 403.724 143.43 425.73 168 462 c 25
156 630 m 25
 708 630 l 25
 737 658 746 690 771 699 c 1
 797 695 839 642 870 609 c 1
 878 591 861 580 843 580 c 9
 156 580 l 25
 156 630 l 25
EndSplineSet
EndChar
