Width: 1000
Flags: HM
TeX: 117 0
LayerCount: 2
Fore
SplineSet
468 81 m 25
 468 486 l 25
 511 466 547 470 579 435 c 24
 593 420 566 406 558 387 c 25
 558 81 l 25
 468 81 l 25
387 108 m 9
 771 108 l 25
 771 108 809 168 834 177 c 1
 860 173 902 120 933 87 c 1
 941 69 924 58 906 58 c 9
 387 58 l 25
 387 108 l 9
687 417 m 25
 816 417 l 25
 816 417 838 448 862 457 c 1
 881 450 905 422 924 396 c 1
 932 378 916 367 898 367 c 9
 687 367 l 25
 687 417 l 25
621 651 m 25
 711 651 l 25
 711 93 l 25
 621 93 l 25
 621 651 l 25
846 732 m 25
 846 732 887 685 891 648 c 24
 893 634 872 635 858 633 c 24
 739 615 672 605 552 597 c 24
 489 593 460 594 390 600 c 9
 471 623 516 636 597 659 c 24
 646 673 674 679 723 693 c 24
 771 707 846 732 846 732 c 25
123 285 m 1
 172 212 199 173 261 114 c 24
 315 63 349 35 417 6 c 24
 479 -21 508 -27 588 -27 c 2
 988 -27 l 1
 988 -27 951 -41 933 -57 c 24
 916 -73 913 -88 900 -107 c 17
 543 -107 l 2
 468 -107 431 -92 366 -63 c 24
 314 -40 289 -17 249 24 c 24
 208 65 187 92 162 144 c 24
 137 195 132 224 123 285 c 1
321 370 m 9
 177 370 l 25
 177 420 l 25
 333 420 l 25
 348 428 355 446 372 441 c 24
 399 433 415 419 426 393 c 24
 432 379 408 357 408 357 c 1
 408 357 351 181 294 78 c 24
 255 8 228 -32 165 -81 c 24
 114 -120 87 -129 12 -141 c 1
 66 -100 94 -78 135 -27 c 24
 186 36 211 76 246 150 c 24
 284 232 321 370 321 370 c 9
220 634 m 25
 66 634 l 25
 66 684 l 25
 232 684 l 25
 246 698 248 724 267 720 c 24
 301 712 318 692 334 661 c 24
 341 648 319 644 313 631 c 1
 216 366 l 2
 204 337 180 323 150 327 c 24
 129 330 128 358 135 378 c 2
 165 468 l 1
 186 533 220 634 220 634 c 25
EndSplineSet
EndChar
