Width: 1000
Flags: H
TeX: 117 0
LayerCount: 2
Fore
SplineSet
486 585 m 25
 486 771 l 25
 529.29 751.11 564.953 755.251 597 720 c 24
 610.745 704.881 584.19 690.72 576 672 c 25
 576 585 l 25
 486 585 l 25
858 336 m 25
 896.61 311.43 932.361 311.566 957 273 c 24
 968.355 255.226 938.7 245.55 927 228 c 25
 907.11 194.07 897.167 174.148 876 141 c 24
 835.134 77.002 818.725 35.5041 768 -21 c 24
 725.154 -68.7266 697.202 -96.0546 639 -123 c 24
 567.927 -155.904 531 -162 444 -171 c 9
 497.82 -139.41 532.075 -127.444 582 -90 c 24
 635.646 -49.7646 668.755 -27.3753 708 27 c 24
 767.129 108.925 786.878 164.109 831 255 c 24
 845.542 284.956 847.47 304.41 858 336 c 25
804 723 m 25
 839.1 703.11 865.473 700.527 894 672 c 24
 922.527 643.473 945 622.268 945 582 c 24
 945 554.438 929.005 534.287 903 525 c 24
 884.662 518.45 869.895 534.678 861 552 c 24
 845.799 581.604 856.523 604.43 846 636 c 24
 834.086 671.743 820.38 689.07 804 723 c 25
705 315 m 25
 705 765 l 25
 748 745 784 749 816 714 c 24
 830 699 803 685 795 666 c 25
 795 219 l 25
 805.53 169.86 802.751 139.423 822 93 c 24
 843.138 42.0195 867.75 19.7998 897 -27 c 25
 908.7 -16.4697 915.644 -10.9013 927 0 c 24
 944.904 17.1885 954.45 27.4502 972 45 c 25
 961.47 5.21973 950.29 -16.1914 945 -57 c 24
 941.977 -80.3213 961.517 -95.966 951 -117 c 24
 942.547 -133.906 924.482 -138.961 906 -135 c 24
 870.664 -127.428 849.813 -116.272 825 -90 c 24
 788.212 -51.0479 772.991 -22.708 753 27 c 24
 729.177 86.2373 724.497 123.021 714 186 c 24
 705.709 235.746 708.51 264.69 705 315 c 25
444 59 m 1
 609 59 l 1
 609 9 l 1
 444 9 l 1
 444 59 l 1
438 191 m 1
 624 191 l 1
 624 141 l 1
 438 141 l 1
 438 191 l 1
426 318 m 25
 579 318 l 25
 595 331 601 356 621 351 c 24
 656 341 673 320 690 288 c 24
 697 275 677 270 669 258 c 25
 669 33 l 17
 661 4 655 -18 624 -21 c 1
 600 -19 589 5 579 33 c 9
 579 268 l 25
 426 268 l 25
 426 318 l 25
390 348 m 25
 433 328 469 332 501 297 c 24
 515 282 488 268 480 249 c 25
 480 -18 l 17
 472 -47 466 -69 435 -72 c 1
 411 -70 400 -46 390 -18 c 9
 390 348 l 25
573 585 m 25
 663 585 l 25
 653.64 538.2 652.01 510.919 639 465 c 24
 632.005 440.312 622.53 428.4 612 405 c 25
 561 405 l 25
 565.68 437.76 570.799 455.98 573 489 c 24
 575.49 526.357 573 547.56 573 585 c 25
417 594 m 25
 454.44 565.92 488.319 561.764 513 522 c 24
 534.123 487.968 537.666 457.999 525 420 c 24
 518.443 400.331 492.68 396.006 474 405 c 24
 452.293 415.451 452.388 436.416 444 459 c 24
 436.968 477.934 438.961 490.195 435 510 c 24
 428.43 542.854 424.02 561.24 417 594 c 25
381 432 m 25
 819 432 l 25
 848 460 857 492 882 501 c 1
 908 497 950 444 981 411 c 1
 989 393 972 382 954 382 c 9
 381 382 l 25
 381 432 l 25
366 618 m 25
 624 618 l 25
 624 618 647 654 672 663 c 1
 698 659 686 630 717 597 c 1
 725 579 708 568 690 568 c 9
 366 568 l 25
 366 618 l 25
174 783 m 25
 217 763 253 767 285 732 c 24
 299 717 272 703 264 684 c 25
 264 -96 l 17
 256 -125 250 -147 219 -150 c 1
 195 -148 184 -124 174 -96 c 9
 174 783 l 25
294 168 m 25
 294 529 l 25
 66 529 l 25
 66 579 l 25
 294 579 l 25
 310 592 316 617 336 612 c 24
 371 602 388 581 405 549 c 24
 412 536 392 531 384 519 c 25
 384 132 l 17
 381 108 363.508 90.9212 339 87 c 24
 321.825 84.252 323.05 109.747 309 120 c 24
 279.338 141.646 259.59 149.28 228 168 c 25
 294 168 l 25
42 609 m 25
 85 589 121 593 153 558 c 24
 167 543 140 529 132 510 c 25
 132 120 l 17
 124 91 118 69 87 66 c 1
 63 68 52 92 42 120 c 9
 42 609 l 25
EndSplineSet
EndChar
