Width: 1000
Flags: HW
LayerCount: 2
Fore
SplineSet
985 -52 m 1
 985 -52 956 -82 936 -99 c 24
 920 -113 921 -132 894 -132 c 1
 387 -132 l 1
 342 -117 303 -92 261 -51 c 24
 207 1 181 37 144 102 c 24
 114 154 111 190 90 246 c 25
 163 164 193 107 276 36 c 24
 331 -11 369 -44 438 -52 c 1
 985 -52 l 1
267 355 m 9
 159 355 l 25
 159 405 l 25
 267 405 l 25
 286 421 291 452 315 447 c 24
 349 439 363 413 375 381 c 24
 381 366 359 360 354 345 c 24
 342 308 343 285 330 249 c 24
 304 174 295 129 255 60 c 24
 218 -5 192 -41 135 -90 c 24
 96 -123 78 -132 15 -144 c 1
 72 -81 113 -34 165 45 c 24
 198 96 212 128 231 186 c 24
 252 250 261 288 267 355 c 9
198 646 m 9
 27 646 l 25
 27 696 l 25
 204 696 l 25
 217 708 220 730 237 726 c 24
 270 718 290 702 306 672 c 24
 313 658 287 654 282 639 c 0
 252 540 243 500 210 414 c 24
 196 379 192 353 162 330 c 24
 147 318 119 323 114 342 c 24
 104 379 117 397 132 438 c 0
 159 510 180 567 198 646 c 9
819 231 m 25
 705 231 l 17
 677 236 653 254 648 279 c 9
 648 666 l 25
 738 666 l 25
 738 347 l 17
 738 326 758 312 774 311 c 9
 778 311 l 25
 782 314 785 315 788 319 c 24
 801 335 807 344 819 360 c 25
 820 339 815 326 822 306 c 24
 829 286 853 282 852 261 c 24
 851 244 832 243 819 231 c 25
525 345 m 9
 525 675 l 25
 615 675 l 25
 615 333 l 17
 612 297 591 256 555 222 c 24
 519 188 489 180 441 168 c 9
 464 201 484 216 501 252 c 24
 517 286 525 312 525 345 c 9
423 108 m 1
 840 108 l 1
 840 58 l 1
 423 58 l 1
 423 108 l 1
417 522 m 25
 804 522 l 25
 820 535 826 560 846 555 c 24
 881 545 898 524 915 492 c 24
 922 479 902 474 894 462 c 25
 894 68 l 17
 886 39 880 17 849 14 c 1
 825 16 814 40 804 68 c 9
 804 472 l 25
 417 472 l 25
 417 522 l 25
372 546 m 25
 415 526 451 530 483 495 c 24
 497 480 470 466 462 447 c 25
 462 62 l 17
 454 33 448 11 417 8 c 1
 393 10 382 34 372 62 c 9
 372 546 l 25
354 696 m 25
 807 696 l 25
 836 724 845 756 870 765 c 1
 896 761 938 708 969 675 c 1
 977 657 960 646 942 646 c 9
 354 646 l 25
 354 696 l 25
EndSplineSet
EndChar
