Width: 1000
Flags: HW
LayerCount: 2
Fore
SplineSet
174 774 m 25
 217 754 253 758 285 723 c 24
 299 708 272 694 264 675 c 25
 264 -96 l 17
 256 -125 250 -147 219 -150 c 1
 195 -148 184 -124 174 -96 c 9
 174 774 l 25
300 198 m 25
 300 550 l 25
 72 550 l 25
 72 600 l 25
 300 600 l 25
 316.38 612.87 321.89 638.435 342 633 c 24
 377.178 623.492 394.287 602.381 411 570 c 24
 417.55 557.309 398.19 551.7 390 540 c 25
 390 162 l 17
 384 135 364.325 117.07 336 111 c 24
 318.993 107.355 318.506 131.911 306 144 c 24
 283.365 165.88 269.4 176.94 246 198 c 25
 300 198 l 25
48 630 m 25
 91 610 127 614 159 579 c 24
 173 564 146 550 138 531 c 25
 138 123 l 17
 130 94 124 72 93 69 c 1
 69 71 58 95 48 123 c 9
 48 630 l 25
612 576 m 25
 612 756 l 25
 655.29 736.11 690.953 740.251 723 705 c 24
 736.745 689.881 710.19 675.72 702 657 c 25
 702 576 l 25
 612 576 l 25
603 351 m 1
 693 351 l 1
 693 -108 l 1
 603 -108 l 1
 603 351 l 1
333 -81 m 25
 819 -81 l 25
 848 -53 857 -21 882 -12 c 1
 908 -16 950 -69 981 -102 c 1
 989 -120 972 -131 954 -131 c 9
 333 -131 l 25
 333 -81 l 25
408 36 m 25
 804 36 l 25
 804 36 827 72 852 81 c 1
 878 77 866 48 897 15 c 1
 905 -3 888 -14 870 -14 c 9
 408 -14 l 25
 408 36 l 25
462 146 m 1
 816 146 l 1
 816 96 l 1
 462 96 l 1
 462 146 l 1
465 254 m 1
 810 254 l 1
 810 204 l 1
 465 204 l 1
 465 254 l 1
459 369 m 25
 768 369 l 25
 784.38 381.87 789.891 407.435 810 402 c 24
 845.178 392.492 862.287 371.381 879 339 c 24
 885.55 326.309 866.19 320.7 858 309 c 25
 858 132 l 17
 850 103 844 81 813 78 c 1
 789 80 778 104 768 132 c 9
 768 319 l 25
 459 319 l 25
 459 369 l 25
432 402 m 25
 475.29 382.11 510.953 386.251 543 351 c 24
 556.745 335.881 530.19 321.72 522 303 c 25
 522 129 l 17
 514 100 508 78 477 75 c 1
 453 77 442 101 432 129 c 9
 432 402 l 25
708 585 m 25
 822 585 l 25
 803.28 549.9 793.049 529.923 774 495 c 24
 757.947 465.569 748.38 449.25 732 420 c 25
 690 420 l 25
 694.68 456.27 698.034 476.645 702 513 c 24
 705.056 541.011 705.66 556.92 708 585 c 25
498 594 m 25
 594 594 l 25
 594 560.07 595.753 540.885 594 507 c 24
 592.238 472.935 588.51 453.93 585 420 c 25
 546 420 l 25
 536.64 453.93 531.36 473.07 522 507 c 24
 512.64 540.93 507.36 560.07 498 594 c 25
384 456 m 25
 825 456 l 25
 854 484 863 516 888 525 c 1
 914 521 956 468 987 435 c 1
 995 417 978 406 960 406 c 9
 384 406 l 25
 384 456 l 25
390 618 m 25
 801 618 l 25
 830 646 839 678 864 687 c 1
 890 683 932 630 963 597 c 1
 971 579 954 568 936 568 c 9
 390 568 l 25
 390 618 l 25
EndSplineSet
EndChar
