Width: 1000
Flags: H
TeX: 117 0
LayerCount: 2
Fore
SplineSet
102 294 m 25
 132 252 150 228 180 186 c 24
 219 132 235 98 279 48 c 24
 300 24 317 16 345 0 c 24
 378 -19 400 -24 435 -39 c 25
 843 -39 l 25
 969 -18 l 25
 946 -46 934 -63 909 -90 c 24
 888 -113 874 -125 852 -147 c 25
 540 -147 l 25
 490 -138 459 -140 411 -123 c 24
 369 -109 346 -97 312 -69 c 24
 260 -26 233 3 192 57 c 24
 162 97 155 127 132 171 c 25
 102 294 l 25
288 340 m 25
 150 340 l 25
 150 390 l 25
 294 390 l 25
 314 402 323 428 345 420 c 24
 377 408 386 383 399 351 c 24
 404 340 390 335 384 324 c 25
 363 269 353 237 330 183 c 24
 307 127 300 92 267 42 c 24
 241 3 218 -14 180 -42 c 24
 144 -69 122 -82 81 -99 c 24
 51 -111 32 -108 0 -114 c 25
 43 -85 72 -74 111 -39 c 24
 150 -4 170 19 198 63 c 24
 229 112 243 143 261 198 c 24
 278 252 277 285 288 340 c 25
225 658 m 25
 36 658 l 25
 36 708 l 25
 231 708 l 25
 251 726 256 760 282 753 c 24
 320 742 336 713 348 675 c 24
 353 660 328 660 315 651 c 25
 303 622 298 605 285 576 c 24
 264 530 249 505 228 459 c 24
 209 419 210 389 183 354 c 24
 166 332 148 319 120 318 c 24
 103 317 91 334 93 351 c 24
 97 385 118 398 132 429 c 24
 152 472 162 496 180 540 c 24
 199 586 207 612 225 658 c 25
561 260 m 25
 720 260 l 25
 720 210 l 25
 561 210 l 25
 561 260 l 25
561 585 m 25
 672 585 l 25
 688 598 694 623 714 618 c 24
 749 608 766 587 783 555 c 24
 790 542 770 537 762 525 c 25
 762 204 l 17
 754 175 748 153 717 150 c 1
 693 152 682 176 672 204 c 9
 672 535 l 25
 561 535 l 25
 561 585 l 25
528 615 m 25
 571 595 607 599 639 564 c 24
 653 549 626 535 618 516 c 25
 618 183 l 17
 610 154 604 132 573 129 c 1
 549 131 538 155 528 183 c 9
 528 615 l 25
459 103 m 25
 846 103 l 25
 846 53 l 25
 459 53 l 25
 459 103 l 25
450 726 m 25
 792 726 l 25
 808 739 814 764 834 759 c 24
 869 749 886 728 903 696 c 24
 910 683 890 678 882 666 c 25
 882 93 l 17
 874 64 868 42 837 39 c 1
 813 41 802 65 792 93 c 9
 792 676 l 25
 450 676 l 25
 450 726 l 25
414 756 m 25
 457 736 493 740 525 705 c 24
 539 690 512 676 504 657 c 25
 504 66 l 17
 496 37 490 15 459 12 c 1
 435 14 424 38 414 66 c 9
 414 756 l 25
EndSplineSet
EndChar
