Width: 1000
Flags: HW
LayerCount: 2
Fore
SplineSet
930 -173 m 9
 660 -173 l 17
 632 -168 608 -150 603 -125 c 9
 603 306 l 25
 693 306 l 25
 693 -57 l 17
 693 -78 713 -92 729 -93 c 9
 864 -93 l 25
 918 15 l 25
 924 -27 921 -52 933 -93 c 24
 940 -115 967 -120 966 -143 c 24
 965 -161 948 -171 930 -173 c 9
426 90 m 9
 426 303 l 25
 516 303 l 25
 516 84 l 17
 507 3 443 -91 378 -144 c 8
 327 -186 282 -192 219 -201 c 1
 270 -162 307 -143 345 -90 c 24
 390 -27 420 24 426 90 c 9
252 134 m 25
 771 134 l 25
 800 162 809 194 834 203 c 1
 860 199 902 146 933 113 c 1
 941 95 924 84 906 84 c 9
 252 84 l 25
 252 134 l 25
363 345 m 25
 717 345 l 25
 717 345 739 376 763 385 c 1
 782 378 806 350 825 324 c 1
 833 306 817 295 799 295 c 9
 363 295 l 25
 363 345 l 25
870 552 m 25
 899 520 924 509 945 471 c 24
 950 462 932 462 924 456 c 25
 801 387 l 25
 780 408 l 25
 870 552 l 25
753 636 m 25
 781 609 806 601 825 567 c 24
 831 557 812 554 804 546 c 25
 699 462 l 25
 660 495 l 25
 681 528 693 546 714 579 c 24
 729 601 738 614 753 636 c 25
573 585 m 25
 621 585 l 25
 663 548 685 524 729 489 c 24
 760 464 777 449 813 432 c 24
 877 401 916 392 982 366 c 25
 962 346 948 337 930 315 c 24
 921 304 929 279 915 282 c 24
 859 296 830 317 783 351 c 24
 724 394 694 423 645 477 c 24
 611 515 601 543 573 585 c 25
242 525 m 25
 287 497 319 490 357 453 c 24
 380 430 393 410 393 378 c 24
 393 355 379 336 356 331 c 24
 338 327 326 343 317 360 c 24
 296 393 298 418 282 453 c 24
 269 483 258 497 242 525 c 25
447 514 m 25
 222 514 l 25
 222 564 l 25
 447 564 l 25
 465 578 470 606 492 600 c 24
 525 590 534 565 549 534 c 24
 553 525 540 521 534 513 c 25
 513 472 507 445 480 408 c 24
 446 360 424 334 378 297 c 24
 340 266 313 255 267 237 c 24
 231 222 208 222 171 213 c 25
 237 264 279 287 339 345 c 24
 375 379 387 405 414 447 c 24
 430 471 434 488 447 514 c 25
168 687 m 25
 786 687 l 25
 815 715 824 747 849 756 c 1
 875 752 917 699 948 666 c 1
 956 648 939 637 921 637 c 9
 168 637 l 25
 168 687 l 25
126 105 m 9
 126 717 l 25
 169 697 205 701 237 666 c 24
 251 651 224 637 216 618 c 25
 216 111 l 17
 216 45 204 10 177 -48 c 24
 156 -92 132 -110 96 -144 c 24
 73 -166 54 -171 27 -189 c 25
 54 -136 77 -110 96 -54 c 24
 116 6 122 33 126 105 c 9
501 645 m 25
 501 798 l 25
 544 778 580 782 612 747 c 24
 626 732 599 718 591 699 c 25
 591 645 l 25
 501 645 l 25
EndSplineSet
EndChar
