Width: 1000
Flags: HW
TeX: 117 0
LayerCount: 2
Fore
SplineSet
45 573 m 25
 88 553 124 557 156 522 c 24
 170 507 143 493 135 474 c 25
 135 201 l 17
 127 172 121 150 90 147 c 1
 66 149 55 173 45 201 c 9
 45 573 l 25
204 147 m 9
 204 756 l 25
 247 736 283 740 315 705 c 24
 329 690 302 676 294 657 c 25
 294 132 l 17
 288 54 270 -7 222 -81 c 24
 188 -134 153 -153 93 -177 c 9
 119 -124 140 -97 159 -42 c 24
 184 30 201 87 204 147 c 9
678 344 m 25
 678 -138 l 17
 670 -167 664 -189 633 -192 c 1
 609 -190 598 -166 588 -138 c 9
 588 344 l 25
 678 344 l 25
784 -18 m 25
 784 165 l 25
 436 165 l 25
 436 215 l 25
 784 215 l 25
 800 228 806 253 826 248 c 24
 861 238 878 217 895 185 c 24
 902 172 882 167 874 155 c 25
 874 -44 l 17
 868 -61 858 -80 840 -97 c 24
 828 -108 816 -117 801 -111 c 24
 779 -101 779 -80 762 -63 c 24
 743 -44 730 -36 710 -18 c 25
 784 -18 l 25
412 246 m 25
 455 226 491 230 523 195 c 24
 537 180 510 166 502 147 c 25
 502 -66 l 17
 494 -95 488 -117 457 -120 c 1
 433 -118 422 -94 412 -66 c 9
 412 246 l 25
859 307 m 25
 384 307 l 25
 384 357 l 25
 858 357 l 25
 879 368 891 394 913 384 c 24
 950 366 962 339 976 300 c 24
 980 288 960 289 949 282 c 25
 847 204 l 25
 859 307 l 25
388 389 m 25
 399 355 418 338 417 303 c 24
 416 267 411 242 385 216 c 24
 365 196 339 187 315 201 c 24
 294 214 299 240 306 264 c 24
 315 294 337 301 354 327 c 24
 369 350 375 365 388 389 c 25
396 481 m 25
 848 481 l 25
 848 431 l 25
 396 431 l 25
 396 481 l 25
429 615 m 25
 846 615 l 25
 846 565 l 25
 429 565 l 25
 429 615 l 25
410 749 m 25
 779 749 l 25
 795 762 801 787 821 782 c 24
 856 772 873 751 890 719 c 24
 897 706 877 701 869 689 c 25
 869 465 l 17
 861 436 855 414 824 411 c 1
 800 413 789 437 779 465 c 9
 779 699 l 25
 410 699 l 25
 410 749 l 25
EndSplineSet
EndChar
