Width: 1000
Flags: HW
TeX: 117 0
LayerCount: 2
Fore
SplineSet
756 42 m 25
 726 84 l 25
 726 84 763 117 783 141 c 24
 814 179 855 243 855 243 c 25
 855 243 915 187 936 141 c 24
 941 129 917 135 906 129 c 24
 847 96 814 76 756 42 c 25
615 228 m 25
 675 228 l 25
 675 228 703 156 729 114 c 24
 755 72 773 51 807 15 c 24
 833 -13 851 -26 882 -48 c 24
 912 -69 963 -96 963 -96 c 25
 963 -96 911 -113 879 -126 c 24
 861 -134 850 -162 834 -150 c 0
 810 -132 790 -118 771 -90 c 24
 727 -26 709 14 675 84 c 24
 648 139 615 228 615 228 c 25
390 -75 m 1
 390 -75 490 -50 552 -30 c 24
 621 -8 726 33 726 33 c 25
 762 -15 l 25
 762 -15 695 -49 651 -69 c 24
 582 -101 543 -119 474 -150 c 24
 459 -157 447 -176 435 -165 c 24
 406 -139 390 -75 390 -75 c 1
471 90 m 25
 561 168 l 25
 561 -99 l 25
 471 -99 l 25
 471 90 l 25
540 234 m 25
 666 234 l 25
 666 234 634 190 610 165 c 24
 576 130 555 111 516 81 c 24
 483 56 463 42 426 24 c 24
 398 10 384 7 351 0 c 1
 384 29 395 41 420 69 c 24
 450 103 466 123 492 159 c 24
 512 187 540 234 540 234 c 25
456 263 m 25
 810 263 l 25
 810 213 l 25
 456 213 l 25
 456 263 l 25
445 417 m 25
 757 417 l 25
 773 430 779 455 799 450 c 24
 834 440 851 419 868 387 c 24
 875 374 855 369 847 357 c 25
 847 252 l 17
 839 223 833 201 802 198 c 1
 778 200 767 224 757 252 c 9
 757 367 l 25
 445 367 l 25
 445 417 l 25
418 447 m 25
 418 447 497 431 529 396 c 24
 543 381 516 367 508 348 c 25
 508 249 l 17
 500 220 494 198 463 195 c 1
 439 197 428 221 418 249 c 9
 418 447 l 25
583 495 m 25
 583 771 l 25
 583 771 662 755 694 720 c 24
 708 705 681 691 673 672 c 25
 673 495 l 25
 583 495 l 25
346 522 m 25
 808 522 l 25
 837 550 846 582 871 591 c 1
 897 587 939 534 970 501 c 1
 978 483 961 472 943 472 c 9
 346 472 l 25
 346 522 l 25
418 657 m 25
 766 657 l 25
 766 657 788 688 812 697 c 1
 831 690 855 662 874 636 c 1
 882 618 866 607 848 607 c 9
 418 607 l 25
 418 657 l 25
264 423 m 25
 303 315 l 25
 303 315 271 253 243 219 c 24
 204 172 179 147 132 108 c 24
 101 82 86 73 45 54 c 9
 77 102 95 128 126 177 c 24
 163 236 185 269 219 330 c 24
 239 365 264 423 264 423 c 25
294 729 m 25
 294 729 355 690 375 651 c 24
 382 638 355 640 345 630 c 24
 302 587 284 557 240 515 c 24
 195 471 168 447 117 411 c 24
 89 391 79 386 39 372 c 1
 78 418 95 441 129 486 c 24
 171 542 194 575 234 633 c 24
 259 670 294 729 294 729 c 25
54 714 m 1
 115 677 144 658 189 609 c 24
 245 547 273 507 309 432 c 24
 346 354 364 306 372 220 c 24
 381 126 381 67 351 -20 c 0
 332 -75 313 -100 273 -138 c 24
 253 -158 232 -169 204 -162 c 24
 184 -157 194 -129 180 -114 c 24
 157 -90 138 -83 111 -63 c 25
 204 -63 l 18
 230 -63 255 -35 267 -3 c 0
 287 49 292 95 291 159 c 24
 290 229 284 269 264 336 c 24
 241 414 219 459 183 528 c 0
 164 565 151 585 127 620 c 24
 101 658 91 672 54 714 c 1
EndSplineSet
EndChar
