Width: 1000
Flags: HW
LayerCount: 2
Fore
SplineSet
63 72 m 25
 124 77 158 78 219 84 c 24
 313 94 365 102 459 114 c 25
 417 87 397 65 351 45 c 24
 277 12 230 5 153 -21 c 24
 137 -27 123 -48 111 -36 c 24
 79 -3 82 30 63 72 c 25
75 393 m 25
 345 393 l 25
 345 393 368 429 393 438 c 1
 419 434 407 405 438 372 c 1
 446 354 429 343 411 343 c 9
 75 343 l 25
 75 393 l 25
207 639 m 25
 297 639 l 25
 297 51 l 25
 207 51 l 25
 207 639 l 25
87 669 m 25
 336 669 l 25
 336 669 359 705 384 714 c 1
 410 710 398 681 429 648 c 1
 437 630 420 619 402 619 c 9
 87 619 l 25
 87 669 l 25
627 288 m 25
 627 -90 l 17
 619 -119 613 -141 582 -144 c 1
 558 -142 547 -118 537 -90 c 9
 537 288 l 25
 627 288 l 25
744 51 m 25
 744 247 l 25
 438 247 l 25
 438 297 l 25
 744 297 l 25
 760 310 766 335 786 330 c 24
 821 320 838 299 855 267 c 24
 862 254 842 249 834 237 c 25
 834 6 l 17
 828 -18 803 -38 774 -39 c 24
 755 -40 764 -10 750 3 c 24
 726 26 708 32 681 51 c 25
 744 51 l 25
498 459 m 25
 696 459 l 25
 696 459 719 495 744 504 c 1
 770 500 758 471 789 438 c 1
 797 420 780 409 762 409 c 9
 498 409 l 25
 498 459 l 25
615 717 m 25
 664 673 689 645 741 603 c 24
 791 563 821 541 876 507 c 24
 920 480 947 470 993 447 c 25
 978 422 970 408 954 384 c 24
 945 371 945 347 930 351 c 24
 892 361 879 385 849 411 c 24
 793 460 764 491 711 543 c 24
 666 588 641 614 597 660 c 25
 615 717 l 25
555 669 m 24
 570 703 573 724 585 759 c 25
 619 736 645 730 672 699 c 24
 679 691 665 684 660 675 c 25
 632 622 619 591 588 540 c 24
 558 490 540 463 504 417 c 24
 480 386 467 365 435 342 c 24
 405 321 382 320 348 306 c 25
 385 360 412 387 444 444 c 24
 492 529 515 580 555 669 c 24
EndSplineSet
EndChar
