Width: 1000
Flags: HW
LayerCount: 2
Fore
SplineSet
663 363 m 25
 701.61 348.96 726.296 347.324 762 327 c 24
 803.29 303.496 835.249 293.71 858 252 c 24
 869.55 230.825 853.508 209.188 834 195 c 24
 820.452 185.147 804.432 192.771 792 204 c 24
 765.75 227.709 763.285 251.531 741 279 c 24
 712.834 313.717 693.42 330.24 663 363 c 25
783 546 m 25
 816.93 523.77 846.423 522.008 870 489 c 24
 878.655 476.882 853.53 472.53 843 462 c 25
 825.45 445.62 818.892 431.825 798 420 c 24
 756.019 396.237 728.46 390.72 684 372 c 25
 719.1 418.8 745.07 441.154 774 492 c 24
 784.559 510.557 779.49 524.94 783 546 c 25
135 177 m 24
 104.284 198.183 96.5703 220.92 72 249 c 25
 94.2305 252.51 108.085 249.688 129 258 c 24
 200.007 286.221 236.97 309.24 306 342 c 25
 248.67 282.33 218.547 246.458 159 189 c 24
 151.47 181.733 143.615 171.059 135 177 c 24
162 540 m 17
 205.29 520.11 237.882 521.192 273 489 c 24
 298.146 465.95 306 442.111 306 408 c 24
 306 388.075 292.279 374.029 273 369 c 24
 257.272 364.897 246.127 376.55 237 390 c 24
 222.458 411.431 227.583 429.835 216 453 c 24
 198.141 488.719 183.06 506.07 162 540 c 17
549 237 m 25
 549 -99 l 17
 541 -128 535 -150 504 -153 c 1
 480 -151 469 -127 459 -99 c 9
 459 237 l 25
 549 237 l 25
90 111 m 25
 795 111 l 25
 824 139 833 171 858 180 c 1
 884 176 926 123 957 90 c 1
 965 72 948 61 930 61 c 9
 90 61 l 25
 90 111 l 25
603 318 m 25
 639.27 295.77 669.718 294.45 696 261 c 24
 712.688 239.761 716.392 214.859 702 192 c 24
 689.896 172.775 662.673 165.726 645 180 c 24
 621.37 199.086 632.844 225.941 624 255 c 24
 616.459 279.777 611.19 293.43 603 318 c 25
504 216 m 24
 458.356 207.886 432.198 205.308 387 195 c 24
 365.356 190.063 350.28 163.064 333 177 c 24
 302.385 201.689 309.21 233.73 294 270 c 25
 319.74 270 334.237 267 360 267 c 24
 470.02 267 532.321 276 642 276 c 24
 656.091 276 669.965 248.637 657 243 c 24
 601.433 218.841 563.656 226.606 504 216 c 24
552 498 m 25
 588.27 481.62 620.947 487.706 645 456 c 24
 657.37 439.694 628.53 428.55 618 411 c 25
 600.45 386.43 591.18 372.108 573 348 c 24
 537.351 300.726 516.27 274.8 480 228 c 25
 444 240 l 25
 481.44 319.56 506.047 362.891 540 444 c 24
 548.33 463.9 547.32 476.94 552 498 c 25
330 471 m 25
 375.63 454.62 407.681 457.361 447 429 c 24
 482.302 403.537 507.855 382.222 513 339 c 24
 515.878 314.824 486.262 303 462 303 c 24
 433.775 303 423.132 326.242 405 348 c 24
 387.243 369.308 386.44 387.319 372 411 c 24
 357.13 435.388 346.38 447.6 330 471 c 25
438 594 m 25
 471.93 584.64 498.44 593.096 525 570 c 24
 536.846 559.7 514.02 548.04 507 534 c 25
 414 414 l 25
 378 438 l 25
 393.21 473.1 403.268 492.296 417 528 c 24
 426.696 553.211 429.81 568.26 438 594 c 25
438 591 m 25
 438 759 l 25
 481 739 517 743 549 708 c 24
 563 693 536 679 528 660 c 25
 528 591 l 25
 438 591 l 25
111 621 m 25
 753 621 l 25
 782 649 791 681 816 690 c 1
 842 686 884 633 915 600 c 1
 923 582 906 571 888 571 c 9
 111 571 l 25
 111 621 l 25
EndSplineSet
EndChar
