Width: 1000
Flags: H
TeX: 117 0
LayerCount: 2
Fore
SplineSet
657 219 m 25
 747 219 l 25
 747 -114 l 25
 657 -114 l 25
 657 219 l 25
528 222 m 25
 618 222 l 25
 618 -123 l 25
 528 -123 l 25
 528 222 l 25
330 -93 m 25
 882 -93 l 25
 882 -93 896 -57 921 -48 c 1
 947 -52 956 -81 987 -114 c 1
 995 -132 978 -143 960 -143 c 9
 330 -143 l 25
 330 -93 l 25
786 -102 m 25
 786 199 l 25
 435 199 l 25
 435 249 l 25
 786 249 l 25
 802.38 261.87 807.891 287.435 828 282 c 24
 863.178 272.492 880.287 251.381 897 219 c 24
 903.55 206.309 884.19 200.7 876 189 c 25
 876 -102 l 25
 786 -102 l 25
394 -111 m 25
 394 267 l 25
 437.29 247.11 472.953 251.251 505 216 c 24
 518.745 200.881 492.19 186.72 484 168 c 25
 484 -111 l 25
 394 -111 l 25
375 495 m 25
 807 495 l 25
 836 523 845 555 870 564 c 1
 896 560 938 507 969 474 c 1
 977 456 960 445 942 445 c 9
 375 445 l 25
 375 495 l 25
510 348 m 25
 621 348 l 25
 621 618 l 25
 664.29 598.11 699.953 602.251 732 567 c 24
 745.745 551.881 719.19 537.72 711 519 c 25
 711 321 l 17
 699 297 679.988 257.339 642 249 c 24
 615.224 243.122 609.931 277.551 588 294 c 24
 558.401 316.199 540.42 326.94 510 348 c 25
780 655 m 25
 399 655 l 25
 399 705 l 25
 807 705 l 25
 828.06 716.7 840.39 747.475 861 735 c 24
 899.624 711.623 911.699 680.179 921 636 c 24
 924.134 621.116 899.04 626.85 885 621 c 25
 687 561 l 25
 672 603 l 25
 780 655 l 25
303 417 m 25
 342 303 l 25
 312.75 266.73 300.741 242.135 267 210 c 24
 226.5 171.429 200.797 152.041 153 123 c 24
 107.816 95.5469 77.9697 88.2305 30 66 c 25
 67.4404 104.61 89.2163 125.764 126 165 c 24
 159.428 200.656 180.263 219.213 210 258 c 24
 234.298 289.692 243.838 310.529 264 345 c 24
 280.123 372.565 287.79 388.92 303 417 c 25
306 747 m 25
 336.42 722.43 363.566 717.34 384 684 c 24
 391.463 671.823 371.864 665.197 363 654 c 24
 327.386 609.014 309.207 581.893 270 540 c 24
 223.63 490.454 198.199 460.835 144 420 c 24
 111.818 395.754 87.2695 392.55 51 375 c 25
 83.7598 414.78 104.08 435.773 135 477 c 24
 174.337 529.449 195.921 559.612 231 615 c 24
 262.68 665.021 276.75 695.52 306 747 c 25
114 756 m 17
 183 723 221.799 705.371 267 648 c 24
 316.63 585.008 326.419 536.236 348 459 c 24
 371.244 375.812 375.035 326.168 381 240 c 24
 385.608 173.429 385.776 134.855 375 69 c 24
 364.54 5.07617 355.004 -31.5918 327 -90 c 24
 313.046 -119.104 301.951 -145.436 270 -150 c 24
 244.598 -153.629 241.794 -121.33 222 -105 c 24
 194.925 -82.6631 178.08 -72.0596 150 -51 c 25
 240 -51 l 25
 258.72 -20.5801 275.868 -6.59572 288 27 c 24
 306.707 78.8027 317.082 109.931 318 165 c 24
 319.451 252.072 311.88 301.771 294 387 c 24
 276.603 469.929 265.149 517.844 228 594 c 24
 194.129 663.435 158.46 692.82 114 756 c 17
EndSplineSet
EndChar
