Width: 1000
Flags: H
TeX: 117 0
LayerCount: 2
Fore
SplineSet
789 645 m 25
 836 603 879 592 909 537 c 24
 923 512 908 485 885 468 c 24
 866 454 843 459 825 474 c 24
 808 488 817 507 813 528 c 24
 803 574 798 599 789 645 c 25
732 294 m 25
 750.72 229.65 752.268 190.011 780 129 c 24
 805.514 72.8711 825.338 42.4502 867 -3 c 24
 903.684 -43.0186 934.71 -54.2402 978 -87 c 25
 953.43 -102.21 940.846 -113.077 915 -126 c 24
 891.483 -137.759 874.69 -163.282 852 -150 c 24
 813.897 -127.696 809.845 -94.3848 792 -54 c 24
 765.084 6.91602 757.259 44.248 738 108 c 24
 723.311 156.627 717.87 184.86 705 234 c 25
 732 294 l 25
675 195 m 25
 675 756 l 25
 718.29 736.11 753.953 740.251 786 705 c 24
 799.745 689.881 773.19 675.72 765 657 c 25
 765 237 l 17
 756 174 747.488 98.6611 708 21 c 24
 675.323 -43.2646 642.76 -73.8545 585 -117 c 24
 542.871 -148.47 508.14 -146.28 459 -165 c 25
 503.46 -121.71 535.768 -103.644 573 -54 c 24
 610.371 -4.17188 624.39 29.3633 648 87 c 24
 664.458 127.176 664.47 152.88 675 195 c 25
582 432 m 25
 873 432 l 25
 873 432 896 468 921 477 c 1
 947 473 935 444 966 411 c 1
 974 393 957 382 939 382 c 9
 582 382 l 25
 582 432 l 25
369 49 m 25
 527 49 l 25
 527 -1 l 25
 369 -1 l 25
 369 49 l 25
357 210 m 25
 486 210 l 25
 502.38 222.87 507.891 248.435 528 243 c 24
 563.178 233.492 580.287 212.381 597 180 c 24
 603.55 167.309 584.19 161.7 576 150 c 25
 576 18 l 17
 568 -11 562 -33 531 -36 c 1
 507 -34 496 -10 486 18 c 9
 486 160 l 25
 357 160 l 25
 357 210 l 25
336 243 m 25
 379.29 223.11 414.953 227.251 447 192 c 24
 460.745 176.881 434.19 162.72 426 144 c 25
 426 -18 l 17
 418 -47 412 -69 381 -72 c 1
 357 -70 346 -46 336 -18 c 9
 336 243 l 25
333 333 m 25
 489 333 l 25
 489 333 512 369 537 378 c 1
 563 374 551 345 582 312 c 1
 590 294 573 283 555 283 c 9
 333 283 l 25
 333 333 l 25
339 441 m 25
 489 441 l 25
 489 441 512 477 537 486 c 1
 563 482 551 453 582 420 c 1
 590 402 573 391 555 391 c 9
 339 391 l 25
 339 441 l 25
303 555 m 25
 501 555 l 25
 501 555 524 591 549 600 c 1
 575 596 563 567 594 534 c 1
 602 516 585 505 567 505 c 9
 303 505 l 25
 303 555 l 25
324 690 m 25
 492 690 l 25
 492 690 515 726 540 735 c 1
 566 731 554 702 585 669 c 1
 593 651 576 640 558 640 c 9
 324 640 l 25
 324 690 l 25
96 114 m 24
 74.7031 95.4023 55.7402 95.7002 30 84 c 25
 58.0801 129.63 73.9199 155.37 102 201 c 24
 130.08 246.63 149.791 270.203 174 318 c 24
 195.598 360.641 201.45 387.54 219 432 c 25
 243 270 l 25
 185.67 209.16 158.967 168.985 96 114 c 24
249 741 m 25
 273.57 707.07 298.44 693.637 312 654 c 24
 316.561 640.67 296.694 638.086 288 627 c 24
 249.874 578.39 233.193 547.039 192 501 c 24
 153.369 457.824 130.251 433.891 84 399 c 24
 62.6602 382.901 45.5703 382.53 21 372 c 25
 58.4404 423.48 81.6904 451.036 117 504 c 24
 156.626 563.439 178.24 597.59 213 660 c 24
 229.821 690.201 234.96 709.41 249 741 c 25
45 732 m 25
 98.8203 678.18 137.989 655.378 183 594 c 24
 229.113 531.118 254.793 492.039 276 417 c 24
 301.266 327.599 301.798 272.886 300 180 c 24
 298.262 90.1699 292.474 38.1602 267 -48 c 24
 251.98 -98.7998 245.382 -141.31 198 -165 c 24
 170.611 -178.694 164.176 -131.015 141 -111 c 24
 112.65 -86.5166 95.25 -74.4004 66 -51 c 25
 168 -51 l 25
 180.87 -15.9004 195.035 2.09375 201 39 c 24
 213.914 118.905 216 165.059 216 246 c 24
 216 324.608 220.792 370.925 201 447 c 24
 182.686 517.395 154.925 551.195 120 615 c 24
 93.9756 662.544 74.25 686.37 45 732 c 25
EndSplineSet
EndChar
