Width: 1000
Flags: H
TeX: 117 0
LayerCount: 2
Fore
SplineSet
639 -99 m 25
 639 735 l 25
 682 715 718 719 750 684 c 24
 764 669 737 655 729 636 c 25
 729 -99 l 25
 639 -99 l 25
417 -87 m 25
 825 -87 l 25
 854 -59 863 -27 888 -18 c 1
 914 -22 956 -75 987 -108 c 1
 995 -126 978 -137 960 -137 c 9
 417 -137 l 25
 417 -87 l 25
486 162 m 25
 858 162 l 25
 858 162 881 198 906 207 c 1
 932 203 920 174 951 141 c 1
 959 123 942 112 924 112 c 9
 486 112 l 25
 486 162 l 25
477 363 m 25
 876 363 l 25
 876 363 899 399 924 408 c 1
 950 404 938 375 969 342 c 1
 977 324 960 313 942 313 c 9
 477 313 l 25
 477 363 l 25
459 555 m 25
 858 555 l 25
 858 555 881 591 906 600 c 1
 932 596 920 567 951 534 c 1
 959 516 942 505 924 505 c 9
 459 505 l 25
 459 555 l 25
393 69 m 25
 434 55 465 61 498 33 c 24
 526 9 539 -17 537 -54 c 24
 535 -81 516 -106 489 -105 c 24
 461 -104 454 -76 441 -51 c 24
 432 -33 442 -19 435 0 c 24
 423 29 409 42 393 69 c 25
291 63 m 25
 324 44 350 43 375 15 c 24
 400 -14 416 -38 411 -75 c 24
 407 -103 385 -119 357 -123 c 24
 340 -126 335 -104 330 -87 c 24
 323 -62 333 -46 327 -21 c 24
 318 13 305 30 291 63 c 25
183 63 m 25
 217 31 247 22 270 -18 c 24
 288 -50 289 -75 282 -111 c 24
 278 -131 264 -145 243 -147 c 24
 223 -148 209 -135 201 -117 c 24
 190 -91 201 -73 198 -45 c 24
 194 -3 189 21 183 63 c 25
87 69 m 25
 101 22 116 -3 123 -51 c 24
 129 -88 136 -113 120 -147 c 24
 109 -170 87 -184 63 -177 c 24
 36 -170 22 -148 21 -120 c 24
 20 -83 48 -68 60 -33 c 24
 74 6 76 29 87 69 c 25
228 417 m 1
 318 417 l 1
 318 129 l 1
 228 129 l 1
 228 417 l 1
123 160 m 1
 417 160 l 1
 417 110 l 1
 123 110 l 1
 123 160 l 1
129 307 m 1
 423 307 l 1
 423 257 l 1
 129 257 l 1
 129 307 l 1
117 435 m 9
 381 435 l 25
 397 448 403 473 423 468 c 24
 458 458 475 437 492 405 c 24
 499 392 479 387 471 375 c 25
 471 141 l 17
 463 112 457 90 426 87 c 1
 402 89 391 113 381 141 c 9
 381 385 l 25
 117 385 l 17
 117 435 l 9
81 465 m 25
 124 445 160 449 192 414 c 24
 206 399 179 385 171 366 c 25
 171 117 l 17
 163 88 157 66 126 63 c 1
 102 65 91 89 81 117 c 9
 81 465 l 25
318 589 m 25
 177 589 l 25
 177 639 l 25
 333 639 l 25
 354 651 365 678 387 669 c 24
 420 655 429 628 441 594 c 24
 445 584 428 583 420 576 c 25
 315 417 l 25
 255 417 l 25
 318 589 l 25
171 741 m 25
 222 720 259 721 303 687 c 24
 315 678 287 671 276 660 c 25
 249 621 235 599 207 561 c 24
 166 506 149 469 99 423 c 24
 67 393 39 390 0 369 c 25
 27 406 47 425 69 465 c 24
 100 521 113 555 135 615 c 24
 153 663 157 692 171 741 c 25
EndSplineSet
EndChar
