Width: 1000
Flags: H
TeX: 117 0
LayerCount: 2
Fore
SplineSet
837 177 m 25
 863 149 887 140 903 105 c 24
 916 77 921 53 906 27 c 24
 896 10 873 12 855 21 c 24
 842 27 847 43 846 57 c 24
 845 82 851 95 849 120 c 24
 847 143 842 155 837 177 c 25
720 12 m 24
 699 37 707 61 699 93 c 25
 870 105 l 25
 882 63 l 25
 832 49 803 43 753 27 c 24
 740 23 729 1 720 12 c 24
768 243 m 25
 803 230 826 229 858 210 c 24
 864 206 855 199 852 192 c 24
 826 139 810 110 783 57 c 25
 744 63 l 25
 768 243 l 25
621 -75 m 9
 621 273 l 25
 711 273 l 25
 711 -21 l 17
 720 -57 720 -45 744 -54 c 9
 855 -54 l 25
 867 -40 878 -35 885 -18 c 24
 905 29 909 59 924 108 c 17
 945 -51 l 9
 959 -64 983 -65 981 -84 c 24
 979 -107 955 -110 939 -126 c 25
 693 -126 l 17
 651 -123 639 -120 621 -75 c 9
501 129 m 25
 501 272 l 25
 591 272 l 25
 591 126 l 17
 576 48 552 -5 495 -66 c 24
 446 -118 400 -126 333 -150 c 24
 301 -162 280 -154 246 -156 c 25
 293 -127 323 -116 366 -81 c 24
 409 -46 435 -26 465 21 c 24
 489 58 487 87 501 129 c 25
627 606 m 1
 717 606 l 1
 717 270 l 1
 627 270 l 1
 627 606 l 1
504 311 m 1
 846 311 l 1
 846 261 l 1
 504 261 l 1
 504 311 l 1
510 460 m 1
 843 460 l 1
 843 410 l 1
 510 410 l 1
 510 460 l 1
597 783 m 25
 637 765 666 766 699 738 c 24
 709 730 686 723 681 711 c 24
 665 670 659 645 645 603 c 25
 573 612 l 25
 580 647 586 667 591 702 c 24
 595 733 595 751 597 783 c 25
501 621 m 25
 795 621 l 25
 811 634 817 659 837 654 c 24
 872 644 889 623 906 591 c 24
 913 578 893 573 885 561 c 25
 885 276 l 17
 877 247 871 225 840 222 c 1
 816 224 805 248 795 276 c 9
 795 571 l 25
 501 571 l 25
 501 621 l 25
450 645 m 25
 493 625 529 629 561 594 c 24
 575 579 548 565 540 546 c 25
 540 279 l 17
 532 250 526 228 495 225 c 1
 471 227 460 251 450 279 c 9
 450 645 l 25
141 160 m 1
 369 160 l 1
 369 110 l 1
 141 110 l 1
 141 160 l 1
153 399 m 1
 360 399 l 1
 360 349 l 1
 153 349 l 1
 153 399 l 1
144 597 m 25
 315 597 l 25
 331 610 337 635 357 630 c 24
 392 620 409 599 426 567 c 24
 433 554 413 549 405 537 c 25
 405 117 l 17
 397 88 391 66 360 63 c 1
 336 65 325 89 315 117 c 9
 315 547 l 25
 144 547 l 25
 144 597 l 25
93 636 m 25
 136 616 172 620 204 585 c 24
 218 570 191 556 183 537 c 25
 183 87 l 17
 175 58 169 36 138 33 c 1
 114 35 103 59 93 87 c 9
 93 636 l 25
222 750 m 25
 258 731 287 732 315 702 c 24
 325 691 303 683 297 669 c 24
 284 637 279 618 267 585 c 25
 210 585 l 25
 222 750 l 25
EndSplineSet
EndChar
