Width: 1000
Flags: H
TeX: 117 0
LayerCount: 2
Fore
SplineSet
633 -45 m 25
 753 -45 l 25
 772.89 -18.0898 790.945 -6.81067 804 24 c 24
 820.834 63.7285 818.64 89.8799 828 132 c 25
 828 337 l 25
 660 337 l 25
 660 387 l 25
 828 387 l 25
 844.38 399.87 849.891 425.435 870 420 c 24
 905.178 410.492 922.287 389.381 939 357 c 24
 945.55 344.309 926.19 338.7 918 327 c 25
 918 117 l 17
 906 48 893.435 4.08499 855 -57 c 24
 825.867 -103.3 801.22 -130.793 750 -150 c 24
 729.859 -157.553 727.009 -125.367 711 -111 c 24
 681.343 -84.3848 663.42 -70.7402 633 -45 c 25
606 363 m 25
 606 546 l 25
 696 546 l 25
 696 372 l 25
 687.81 304.14 690.753 264.513 675 198 c 24
 658.966 130.3 648.021 91.2382 615 30 c 24
 582.903 -29.5254 563.856 -67.097 510 -108 c 24
 466.979 -140.675 429.48 -133.62 378 -150 c 25
 415.44 -114.9 443.845 -101.525 474 -60 c 24
 516.14 -1.97168 533.366 35.8234 561 102 c 24
 578.168 143.111 580.43 169.096 588 213 c 24
 598.011 271.063 598.98 304.5 606 363 c 25
453 579 m 25
 822 579 l 25
 851 607 860 639 885 648 c 1
 911 644 953 591 984 558 c 1
 992 540 975 529 957 529 c 9
 453 529 l 25
 453 579 l 25
633 558 m 25
 633 792 l 25
 676 772 712 776 744 741 c 24
 758 726 731 712 723 693 c 25
 723 558 l 25
 633 558 l 25
408 150 m 25
 440.76 123.09 471.699 118.219 492 81 c 24
 509.963 48.0674 517.603 16.9833 498 -15 c 24
 485.146 -35.9717 451.109 -30.5878 435 -12 c 24
 412.45 14.0186 425.66 41.0381 420 75 c 24
 415.13 104.219 412.68 120.75 408 150 c 25
297 129 m 25
 328.59 102.09 355.889 95.117 378 60 c 24
 397.812 28.5342 403.809 3.87113 399 -33 c 24
 395.996 -56.0283 382.48 -72.1717 360 -78 c 24
 341.738 -82.7344 325.202 -71.4366 318 -54 c 24
 300.881 -12.5527 308.112 15.4492 303 60 c 24
 299.921 86.835 299.34 102.09 297 129 c 25
180 102 m 25
 203.4 76.2598 222.616 66.1319 240 36 c 24
 258.489 3.95215 276.208 -17.5264 270 -54 c 24
 265.14 -82.5566 244.714 -101.171 216 -105 c 24
 195.482 -107.735 185.02 -86.0811 180 -66 c 24
 170.068 -26.2725 180 -1.95019 180 39 c 24
 180 63.5703 180 77.4297 180 102 c 25
93 96 m 25
 105.87 52.71 120.566 29.834 126 -15 c 24
 130.104 -48.8633 136.097 -73.7361 117 -102 c 24
 101.666 -124.694 76.8927 -134.928 51 -126 c 24
 29.6377 -118.634 27.3288 -94.4384 30 -72 c 24
 33.7109 -40.8262 54.9767 -29.3955 66 0 c 24
 79.6562 36.416 82.4697 58.5596 93 96 c 25
243 456 m 1
 333 456 l 1
 333 183 l 1
 243 183 l 1
 243 456 l 1
129 215 m 1
 477 215 l 1
 477 165 l 1
 129 165 l 1
 129 215 l 1
141 348 m 1
 456 348 l 1
 456 298 l 1
 141 298 l 1
 141 348 l 1
126 474 m 25
 405 474 l 25
 421.38 486.87 426.89 512.435 447 507 c 24
 482.178 497.492 499.287 476.381 516 444 c 24
 522.55 431.309 503.19 425.7 495 414 c 25
 495 189 l 17
 487 160 481 138 450 135 c 1
 426 137 415 161 405 189 c 9
 405 424 l 25
 126 424 l 25
 126 474 l 25
90 510 m 25
 133.29 490.11 168.953 494.251 201 459 c 24
 214.745 443.881 188.19 429.72 180 411 c 25
 180 168 l 17
 172 139 166 117 135 114 c 1
 111 116 100 140 90 168 c 9
 90 510 l 25
318 598 m 25
 162 598 l 25
 162 648 l 25
 315 648 l 25
 340.74 663.21 352.363 695.591 381 687 c 24
 415.522 676.644 425.098 646.656 435 612 c 24
 439.116 597.593 420.36 593.7 411 582 c 25
 345 453 l 25
 261 453 l 25
 318 598 l 25
165 789 m 25
 207.12 766.77 241.72 767.914 273 732 c 24
 284.526 718.766 255.99 710.429 246 696 c 24
 203.331 634.366 186.594 594.078 138 537 c 24
 112.057 506.527 88.5898 498.57 57 474 c 25
 69.8701 503.25 78.4177 519.217 90 549 c 24
 111.194 603.5 123.558 634.185 141 690 c 24
 152.85 727.92 155.64 750.39 165 789 c 25
EndSplineSet
EndChar
