Width: 1000
Flags: H
TeX: 117 0
LayerCount: 2
Fore
SplineSet
261 -84 m 1
 792 -84 l 1
 792 -134 l 1
 261 -134 l 1
 261 -84 l 1
264 52 m 1
 780 52 l 1
 780 2 l 1
 264 2 l 1
 264 52 l 1
249 167 m 17
 726 167 l 9
 742.38 179.87 747.891 205.435 768 200 c 24
 803.178 190.492 820.287 169.381 837 137 c 24
 843.55 124.309 824.19 118.7 816 107 c 25
 816 -112 l 17
 808 -141 802 -163 771 -166 c 1
 747 -164 736 -140 726 -112 c 9
 726 117 l 25
 249 117 l 25
 249 167 l 17
225 191 m 25
 268.29 171.11 303.953 175.251 336 140 c 24
 349.745 124.881 323.19 110.72 315 92 c 25
 315 -127 l 17
 307 -156 301 -178 270 -181 c 1
 246 -179 235 -155 225 -127 c 9
 225 191 l 25
747 335 m 25
 792.63 320.96 823.364 324.059 864 299 c 24
 896.515 278.949 915.652 260.476 927 224 c 24
 934.365 200.327 928.96 173.354 906 164 c 24
 882.236 154.318 864.145 172.855 846 191 c 24
 817.762 219.238 814.624 245.092 792 278 c 24
 775.954 301.339 764.55 312.77 747 335 c 25
534 356 m 25
 571.44 332.6 601.385 329.623 630 296 c 24
 651.354 270.909 658.888 247.583 654 215 c 24
 650.685 192.895 634.234 178.3 612 176 c 24
 591.02 173.83 577.063 187.463 567 206 c 24
 552.867 232.033 561.365 252.069 555 281 c 24
 548.474 310.666 542.19 326.75 534 356 c 25
342 353 m 25
 379.44 324.92 409.92 318.44 438 281 c 24
 455.08 258.227 455.583 236.914 450 209 c 24
 446.431 191.152 434.989 178.768 417 176 c 24
 397.858 173.055 381.548 180.15 372 197 c 24
 358.683 220.501 371.101 239.475 366 266 c 24
 359.354 300.564 351.36 319.07 342 353 c 25
183 362 m 25
 198.21 323.39 215.637 304.007 222 263 c 24
 226.542 233.729 222.413 214.896 210 188 c 24
 200.293 166.967 190.932 149.276 168 146 c 24
 141.537 142.22 121.039 151.615 105 173 c 24
 94.2617 187.318 106.775 201.625 114 218 c 24
 124.612 242.056 138.639 251.289 150 275 c 24
 165.682 307.726 170.13 328.07 183 362 c 25
480 554 m 1
 570 554 l 1
 570 335 l 1
 480 335 l 1
 480 554 l 1
270 472 m 1
 789 472 l 1
 789 422 l 1
 270 422 l 1
 270 472 l 1
264 369 m 1
 789 369 l 1
 789 319 l 1
 264 319 l 1
 264 369 l 1
267 584 m 25
 741 584 l 25
 757 597 763 622 783 617 c 24
 818 607 835 586 852 554 c 24
 859 541 839 536 831 524 c 25
 831 350 l 17
 823 321 817 299 786 296 c 1
 762 298 751 322 741 350 c 9
 741 534 l 25
 267 534 l 25
 267 584 l 25
231 611 m 25
 274.29 591.11 309.953 595.251 342 560 c 24
 355.745 544.881 329.19 530.72 321 512 c 25
 321 356 l 17
 313 327 307 305 276 302 c 1
 252 304 241 328 231 356 c 9
 231 611 l 25
537 647 m 25
 324 647 l 25
 324 697 l 25
 564 697 l 25
 583.89 707.92 593.596 732.531 615 725 c 24
 647.083 713.712 661.245 691.266 672 659 c 24
 676.455 645.635 655.53 644.36 645 635 c 25
 597 575 l 25
 510 575 l 25
 537 647 l 25
330 785 m 25
 369.78 762.77 404.103 764.033 432 728 c 24
 443.188 713.549 414.773 705.07 402 692 c 24
 364.41 653.536 341.136 633.924 303 596 c 24
 270.929 564.106 257.064 541.57 222 513 c 24
 193.378 489.679 175.101 478.151 141 464 c 24
 116.836 453.973 100.74 456.68 75 452 c 25
 111.27 489.44 134.274 508.252 168 548 c 24
 199.945 585.649 215.136 609.237 243 650 c 24
 278.346 701.71 296.07 732.35 330 785 c 25
EndSplineSet
EndChar
