Width: 1000
Flags: H
TeX: 117 0
LayerCount: 2
Fore
SplineSet
735 765 m 25
 778 745 814 749 846 714 c 24
 860 699 833 685 825 666 c 25
 825 18 l 17
 817 -11 811 -33 780 -36 c 1
 756 -34 745 -10 735 18 c 9
 735 765 l 25
561 252 m 25
 870 312 l 17
 890 334 889 363 921 375 c 1
 955 374 966 339 1000 303 c 9
 1007 289 983 285 972 273 c 25
 561 195 l 25
 561 252 l 25
543 486 m 25
 579 468 606 468 636 441 c 24
 662 418 676 398 681 363 c 24
 684 343 674 323 654 318 c 24
 631 312 614 325 597 342 c 24
 581 359 584 377 576 399 c 24
 563 433 556 452 543 486 c 25
555 678 m 25
 590 664 615 665 645 642 c 24
 672 622 690 606 696 573 c 24
 701 548 692 524 669 513 c 24
 650 503 632 518 618 534 c 24
 602 553 607 571 597 594 c 24
 582 628 571 645 555 678 c 25
558 0 m 24
 536 27 547 54 537 87 c 24
 529 115 521 129 510 156 c 25
 547 131 582 131 606 93 c 24
 625 62 626 32 609 0 c 24
 600 -18 571 -15 558 0 c 24
381 75 m 1
 573 87 l 25
 561 39 l 25
 520 24 497 16 456 0 c 24
 442 -5 430 -25 420 -15 c 24
 393 12 381 75 381 75 c 1
462 42 m 25
 405 42 l 25
 412 77 418 97 423 132 c 24
 430 177 430 203 435 249 c 25
 470 236 497 241 525 216 c 24
 536 206 512 197 507 183 c 24
 487 129 480 97 462 42 c 25
273 -96 m 9
 273 285 l 25
 363 285 l 25
 363 -30 l 17
 369 -60 393 -78 417 -81 c 9
 837 -81 l 25
 856 -67 872 -64 885 -45 c 24
 910 -9 914 17 933 57 c 25
 933 3 921 -29 933 -81 c 24
 938 -104 979 -102 975 -126 c 24
 971 -150 942 -146 921 -159 c 25
 342 -159 l 17
 298 -148 282 -129 273 -96 c 9
165 123 m 25
 165 282 l 25
 255 282 l 25
 255 105 l 17
 240 54 218 5 180 -51 c 24
 154 -88 131 -104 93 -129 c 24
 70 -144 53 -142 27 -150 c 25
 53 -121 72 -108 93 -75 c 24
 120 -33 133 -8 150 39 c 24
 161 70 159 90 165 123 c 25
240 615 m 1
 330 615 l 1
 330 282 l 1
 240 282 l 1
 240 615 l 1
138 319 m 1
 462 319 l 1
 462 269 l 1
 138 269 l 1
 138 319 l 1
150 474 m 1
 456 474 l 1
 456 424 l 1
 150 424 l 1
 150 474 l 1
138 627 m 25
 396 627 l 25
 412 640 418 665 438 660 c 24
 473 650 490 629 507 597 c 24
 514 584 494 579 486 567 c 25
 486 300 l 17
 478 271 472 249 441 246 c 1
 417 248 406 272 396 300 c 9
 396 577 l 25
 138 577 l 25
 138 627 l 25
93 654 m 25
 136 634 172 638 204 603 c 24
 218 588 191 574 183 555 c 25
 183 273 l 17
 175 244 169 222 138 219 c 1
 114 221 103 245 93 273 c 9
 93 654 l 25
240 795 m 25
 279 773 312 773 339 738 c 24
 350 724 319 719 309 705 c 24
 282 666 269 643 243 603 c 25
 189 603 l 25
 202 640 212 661 222 699 c 24
 232 736 233 758 240 795 c 25
EndSplineSet
EndChar
