Width: 1000
Flags: H
TeX: 117 0
LayerCount: 2
Fore
SplineSet
570 156 m 9
 570 342 l 25
 660 342 l 25
 660 228 l 17
 660 209.814 669.58 195.58 684 192 c 9
 702 192 l 25
 711.36 203.7 718.875 208.819 726 222 c 24
 742.438 252.411 747.96 271.41 762 303 c 25
 767.85 260.88 764.271 235.574 777 195 c 24
 783.515 174.234 815.462 171.066 810 150 c 24
 803.647 125.499 780 123 756 114 c 1
 636 114 l 1
 603 120 584.411 127.946 570 156 c 9
519 378 m 25
 708 378 l 25
 708 378 731 414 756 423 c 1
 782 419 770 390 801 357 c 1
 809 339 792 328 774 328 c 9
 519 328 l 25
 519 378 l 25
600 468 m 25
 690 468 l 25
 690 348 l 17
 600 348 l 9
 600 468 l 25
684 648 m 25
 716.76 626.94 743.28 624.094 768 594 c 24
 776.303 583.892 758.85 575.7 753 564 c 25
 728.43 526.56 719.752 501.471 690 468 c 24
 680.902 457.765 669.87 460.68 657 456 c 25
 662.85 494.61 666.562 516.33 672 555 c 24
 677.093 591.215 679.32 611.73 684 648 c 25
549 618 m 25
 581.76 592.26 610.241 586.897 633 552 c 24
 648.393 528.398 647.91 506.731 639 480 c 24
 634.036 465.108 618.697 462 603 462 c 24
 590.345 462 581.209 468.466 576 480 c 24
 563.723 507.186 566.728 525.726 561 555 c 24
 556.197 579.546 553.68 593.43 549 618 c 25
501 492 m 25
 750 492 l 25
 750 492 773 528 798 537 c 1
 824 533 812 504 843 471 c 1
 851 453 834 442 816 442 c 9
 501 442 l 25
 501 492 l 25
780 87 m 25
 780 661 l 25
 471 661 l 25
 471 711 l 25
 780 711 l 25
 796.38 723.87 801.891 749.435 822 744 c 24
 857.178 734.492 874.287 713.381 891 681 c 24
 897.55 668.309 878.19 662.7 870 651 c 25
 870 54 l 17
 858 33 848.771 -1.13928 819 -3 c 24
 792.526 -4.6543 793.061 29.5535 774 48 c 24
 756.667 64.7734 744.72 71.79 726 87 c 25
 780 87 l 25
453 744 m 25
 496.29 724.11 531.953 728.251 564 693 c 24
 577.745 677.881 551.19 663.72 543 645 c 25
 543 27 l 17
 535 -2 529 -24 498 -27 c 1
 474 -25 463 -1 453 27 c 9
 453 744 l 25
405 213 m 25
 427.23 181.41 447.144 167.656 462 132 c 24
 471.461 109.294 475.062 91.4453 465 69 c 24
 457.283 51.7852 441.396 40.8193 423 45 c 24
 405.585 48.958 403.091 66.6152 399 84 c 24
 393.372 107.917 397.858 122.456 399 147 c 24
 400.201 172.818 402.66 187.26 405 213 c 25
249 153 m 25
 280.59 150.66 298.328 147.528 330 147 c 24
 368.622 146.356 390.39 148.83 429 150 c 25
 423 102 l 25
 386.73 89.1299 366.818 80.2051 330 69 c 24
 312.878 63.7891 297.424 47.1162 285 60 c 24
 258.003 87.9971 263.04 116.73 249 153 c 25
324 318 m 25
 361.44 296.94 390.183 294.922 420 264 c 24
 429.08 254.584 410.85 245.7 405 234 c 25
 339 126 l 25
 291 126 l 25
 299.19 169.29 304.537 193.579 312 237 c 24
 317.409 268.474 319.32 286.41 324 318 c 25
189 -90 m 9
 189 324 l 25
 279 324 l 25
 279 -30 l 17
 287.621 -40.7684 296.906 -51.442 321 -60 c 9
 861 -60 l 25
 869.19 -36.5996 873.295 -23.213 882 0 c 24
 894.358 32.9561 902.13 51.2402 915 84 c 25
 919.68 30.1797 914.724 -1.38973 927 -54 c 24
 931.574 -73.6025 959.847 -76.0732 957 -96 c 24
 953.724 -118.932 931.38 -121.62 915 -138 c 25
 237 -138 l 17
 211.152 -129.899 201 -113.899 189 -90 c 9
87 96 m 25
 87 336 l 25
 130.29 316.11 165.953 320.251 198 285 c 24
 211.745 269.881 185.19 255.72 177 237 c 25
 177 69 l 25
 155.94 23.3701 149.339 -5.19925 123 -48 c 24
 102.115 -81.9375 87.6737 -100.563 57 -126 c 24
 38.4336 -141.396 22.2305 -140.64 0 -150 c 25
 12.8701 -127.77 22.2655 -116.336 33 -93 c 24
 49.2539 -57.666 58.3153 -37.3964 69 0 c 24
 79.4648 36.627 79.9805 58.5596 87 96 c 25
141 768 m 25
 183.12 751.62 212.145 752.155 249 726 c 24
 258.001 719.612 239.85 711.36 234 702 c 25
 183 594 l 25
 114 594 l 25
 141 768 l 25
165 594 m 1
 255 594 l 1
 255 324 l 1
 165 324 l 1
 165 594 l 1
63 352 m 1
 387 352 l 1
 387 302 l 1
 63 302 l 1
 63 352 l 1
69 493 m 1
 375 493 l 1
 375 443 l 1
 69 443 l 1
 69 493 l 1
57 624 m 25
 297 624 l 25
 313 637 319 662 339 657 c 24
 374 647 391 626 408 594 c 24
 415 581 395 576 387 564 c 25
 387 342 l 17
 379 313 373 291 342 288 c 1
 318 290 307 314 297 342 c 9
 297 574 l 25
 57 574 l 25
 57 624 l 25
24 654 m 25
 67.29 634.11 102.953 638.251 135 603 c 24
 148.745 587.881 122.19 573.72 114 555 c 25
 114 318 l 17
 106 289 100 267 69 264 c 1
 45 266 34 290 24 318 c 9
 24 654 l 25
EndSplineSet
EndChar
