Width: 1000
Flags: H
TeX: 117 0
LayerCount: 2
Fore
SplineSet
699 525 m 25
 870 525 l 25
 870 525 892 556 916 565 c 1
 935 558 959 530 978 504 c 1
 986 486 970 475 952 475 c 9
 699 475 l 25
 699 525 l 25
570 -44 m 1
 900 -44 l 1
 900 -94 l 1
 570 -94 l 1
 570 -44 l 1
576 249 m 25
 846 249 l 25
 862 262 868 287 888 282 c 24
 923 272 940 251 957 219 c 24
 964 206 944 201 936 189 c 25
 936 -75 l 17
 928 -104 922 -126 891 -129 c 1
 867 -127 856 -103 846 -75 c 9
 846 199 l 25
 576 199 l 25
 576 249 l 25
534 282 m 25
 577 262 613 266 645 231 c 24
 659 216 632 202 624 183 c 25
 624 -87 l 17
 616 -116 610 -138 579 -141 c 1
 555 -139 544 -115 534 -87 c 9
 534 282 l 25
669 234 m 25
 669 765 l 25
 712 745 748 749 780 714 c 24
 794 699 767 685 759 666 c 25
 759 234 l 25
 669 234 l 25
399 132 m 17
 450 105 469 105 495 69 c 24
 518 37 528 7 516 -30 c 24
 508 -53 476 -63 456 -48 c 24
 430 -28 442 2 432 33 c 24
 420 72 412 93 399 132 c 17
288 117 m 25
 318 90 340 79 366 48 c 24
 385 26 398 11 402 -18 c 24
 405 -44 404 -68 382 -82 c 24
 362 -95 338 -86 322 -68 c 24
 300 -43 305 -19 299 13 c 24
 292 53 292 76 288 117 c 25
183 81 m 25
 206 54 227 44 243 12 c 24
 261 -22 271 -46 267 -84 c 24
 265 -108 252 -127 228 -132 c 24
 206 -136 189 -122 180 -102 c 24
 167 -72 179 -51 180 -18 c 24
 181 21 182 42 183 81 c 25
84 72 m 25
 102 37 122 21 129 -18 c 24
 137 -62 137 -91 120 -132 c 24
 111 -153 91 -165 69 -159 c 24
 46 -153 35 -132 33 -108 c 24
 30 -72 47 -53 57 -18 c 24
 67 17 73 37 84 72 c 25
252 474 m 1
 342 474 l 1
 342 156 l 1
 252 156 l 1
 252 474 l 1
126 178 m 1
 456 178 l 1
 456 128 l 1
 126 128 l 1
 126 178 l 1
120 326 m 1
 450 326 l 1
 450 276 l 1
 120 276 l 1
 120 326 l 1
114 486 m 25
 417 486 l 25
 433 499 439 524 459 519 c 24
 494 509 511 488 528 456 c 24
 535 443 515 438 507 426 c 25
 507 165 l 17
 499 136 493 114 462 111 c 1
 438 113 427 137 417 165 c 9
 417 436 l 25
 114 436 l 25
 114 486 l 25
87 514 m 25
 130 494 166 498 198 463 c 24
 212 448 185 434 177 415 c 25
 177 162 l 17
 169 133 163 111 132 108 c 1
 108 110 97 134 87 162 c 9
 87 514 l 25
312 603 m 25
 165 603 l 25
 165 653 l 25
 330 653 l 25
 346 666 352 693 372 686 c 24
 409 673 423 648 441 614 c 24
 446 604 430 599 423 590 c 25
 306 462 l 25
 227 462 l 25
 312 603 l 25
183 780 m 25
 220 759 250 758 279 726 c 24
 289 715 268 706 261 693 c 25
 232 651 218 625 186 585 c 24
 153 543 135 519 96 483 c 24
 70 460 50 454 21 435 c 25
 51 494 70 526 99 585 c 24
 120 628 131 652 150 696 c 24
 164 728 170 747 183 780 c 25
EndSplineSet
EndChar
