Width: 1000
Flags: H
TeX: 117 0
LayerCount: 2
Fore
SplineSet
526 -71 m 25
 817 -71 l 25
 817 -121 l 25
 526 -121 l 25
 526 -71 l 25
526 227 m 25
 748 227 l 25
 764 240 770 265 790 260 c 24
 825 250 842 229 859 197 c 24
 866 184 846 179 838 167 c 25
 838 -100 l 17
 830 -129 824 -151 793 -154 c 1
 769 -152 758 -128 748 -100 c 9
 748 177 l 25
 526 177 l 25
 526 227 l 25
486 259 m 25
 486 259 565 243 597 208 c 24
 611 193 584 179 576 160 c 25
 576 -107 l 17
 568 -136 562 -158 531 -161 c 1
 507 -159 496 -135 486 -107 c 9
 486 259 l 25
292 246 m 25
 349 246 l 25
 349 246 371 277 395 286 c 1
 414 279 438 251 457 225 c 1
 465 207 449 196 431 196 c 9
 292 196 l 25
 292 246 l 25
556 601 m 25
 556 601 609 525 651 483 c 24
 698 435 728 411 783 372 c 24
 826 342 853 329 901 307 c 24
 935 292 991 277 991 277 c 25
 991 277 951 243 931 217 c 24
 919 202 928 165 910 172 c 0
 885 181 843 208 804 236 c 24
 761 266 736 284 699 321 c 24
 648 371 621 402 579 459 c 24
 552 495 523 559 523 559 c 25
 556 601 l 25
754 584 m 25
 577 584 l 25
 577 634 l 25
 766 634 l 25
 787 647 797 675 820 667 c 24
 856 655 868 628 885 594 c 24
 890 584 871 584 864 576 c 24
 826 529 809 500 771 453 c 24
 734 407 714 380 672 339 c 24
 634 302 611 283 567 255 c 24
 531 232 509 223 469 208 c 24
 434 195 414 188 376 184 c 1
 442 236 472 254 528 306 c 24
 581 355 609 385 654 441 c 24
 697 494 754 584 754 584 c 25
574 766 m 25
 574 766 645 754 676 724 c 24
 688 713 664 702 655 688 c 24
 624 637 610 607 574 559 c 24
 540 514 518 490 478 451 c 24
 461 434 449 426 427 415 c 1
 452 463 465 493 487 544 c 24
 513 603 526 637 550 697 c 24
 560 724 574 766 574 766 c 25
277 -21 m 24
 356 -10 408 0 478 15 c 1
 455 -8 434 -19 403 -36 c 24
 345 -67 311 -82 250 -108 c 24
 208 -126 183 -134 139 -147 c 24
 122 -152 106 -169 94 -156 c 24
 62 -123 43 -48 43 -48 c 1
 43 -48 186 -34 277 -21 c 24
106 -87 m 25
 106 303 l 25
 106 303 185 287 217 252 c 24
 231 237 204 223 196 204 c 25
 196 -87 l 25
 106 -87 l 25
241 432 m 25
 331 432 l 25
 331 -57 l 25
 241 -57 l 25
 241 432 l 25
157 443 m 25
 400 443 l 25
 400 393 l 25
 157 393 l 25
 157 443 l 25
154 688 m 25
 355 688 l 25
 371 701 377 726 397 721 c 24
 432 711 449 690 466 658 c 24
 473 645 453 640 445 628 c 25
 445 427 l 17
 437 398 431 376 400 373 c 1
 376 375 365 399 355 427 c 9
 355 638 l 25
 154 638 l 25
 154 688 l 25
121 715 m 25
 121 715 200 699 232 664 c 24
 246 649 219 635 211 616 c 25
 211 421 l 17
 203 392 197 370 166 367 c 1
 142 369 131 393 121 421 c 9
 121 715 l 25
EndSplineSet
EndChar
