Width: 1000
Flags: H
TeX: 117 0
LayerCount: 2
Fore
SplineSet
258 90 m 25
 286.08 66.5996 299.334 49.8915 330 30 c 24
 386.251 -6.4873 423 -30 480 -54 c 9
 846 -54 l 25
 981 -21 l 25
 955.26 -47.9102 936.307 -59.4601 915 -90 c 24
 900.579 -110.669 900.36 -126.6 891 -150 c 25
 495 -150 l 17
 438 -132 411.837 -114.973 366 -81 c 24
 311.482 -40.5928 289.14 -7.7998 240 39 c 25
 258 90 l 25
252 306 m 25
 298.8 280.26 340.649 283.242 372 240 c 24
 386.487 220.018 350.986 207.575 339 186 c 24
 315.871 144.367 307.144 118.448 282 78 c 24
 253.206 31.6797 236.696 5.23536 201 -36 c 24
 168.493 -73.5508 150.645 -97.5404 108 -123 c 24
 70.1846 -145.576 42.1201 -143.13 0 -156 c 25
 28.0801 -125.58 47.7192 -111.531 72 -78 c 24
 121.684 -9.38965 147.861 30.9502 189 105 c 24
 212.428 147.17 222.572 172.968 237 219 c 24
 247.298 251.854 246.15 272.07 252 306 c 25
483 225 m 25
 780 225 l 25
 780 225 803 261 828 270 c 1
 854 266 842 237 873 204 c 1
 881 186 864 175 846 175 c 9
 483 175 l 25
 483 225 l 25
42 429 m 25
 798 429 l 25
 827 457 836 489 861 498 c 1
 887 494 929 441 960 408 c 1
 968 390 951 379 933 379 c 9
 42 379 l 25
 42 429 l 25
108 621 m 25
 675 621 l 25
 704 649 713 681 738 690 c 1
 764 686 806 633 837 600 c 1
 845 582 828 571 810 571 c 9
 108 571 l 25
 108 621 l 25
456 -87 m 25
 456 801 l 25
 499 781 535 785 567 750 c 24
 581 735 554 721 546 702 c 25
 546 -87 l 25
 456 -87 l 25
EndSplineSet
EndChar
