Width: 1000
Flags: HW
LayerCount: 2
Fore
SplineSet
267 264 m 25
 339 264 l 25
 339 264 362 300 387 309 c 1
 413 305 401 276 432 243 c 1
 440 225 423 214 405 214 c 9
 267 214 l 25
 267 264 l 25
231 0 m 24
 317.628 12.5459 366.42 20.1299 453 33 c 25
 423.75 13.1104 409.262 -1.4502 378 -18 c 24
 329.39 -43.7354 299.907 -54.1738 249 -75 c 24
 196.908 -96.3105 167.207 -107.652 114 -126 c 24
 99.2432 -131.089 86.0381 -146.038 75 -135 c 24
 42.0527 -102.053 18 -30 18 -30 c 1
 18 -30 147.977 -12.0244 231 0 c 24
81 -69 m 25
 81 321 l 25
 124 301 160 305 192 270 c 24
 206 255 179 241 171 222 c 25
 171 -69 l 25
 81 -69 l 25
204 450 m 25
 294 450 l 25
 294 -39 l 25
 204 -39 l 25
 204 450 l 25
114 472 m 25
 354 472 l 25
 354 422 l 25
 114 422 l 25
 114 472 l 25
111 717 m 25
 306 717 l 25
 322.38 729.87 327.891 755.435 348 750 c 24
 383.178 740.492 400.287 719.381 417 687 c 24
 423.55 674.309 404.19 668.7 396 657 c 25
 396 456 l 17
 388 427 382 405 351 402 c 1
 327 404 316 428 306 456 c 9
 306 667 l 25
 111 667 l 25
 111 717 l 25
78 744 m 25
 121 724 157 728 189 693 c 24
 203 678 176 664 168 645 c 25
 168 450 l 17
 160 421 154 399 123 396 c 1
 99 398 88 422 78 450 c 9
 78 744 l 25
354 351 m 25
 831 351 l 25
 831 351 869 411 894 420 c 1
 920 416 962 363 993 330 c 1
 1001 312 984 301 966 301 c 9
 354 301 l 25
 354 351 l 25
768 705 m 25
 768 -93 l 17
 760 -122 754 -144 723 -147 c 1
 699 -145 688 -121 678 -93 c 9
 678 705 l 25
 768 705 l 25
640 702 m 25
 640 -87 l 17
 632 -116 626 -138 595 -141 c 1
 571 -139 560 -115 550 -87 c 9
 550 702 l 25
 640 702 l 25
804 -51 m 25
 804 673 l 25
 459 673 l 25
 459 723 l 25
 804 723 l 25
 820.38 735.87 825.891 761.435 846 756 c 24
 881.178 746.492 898.287 725.381 915 693 c 24
 921.55 680.309 902.19 674.7 894 663 c 25
 894 -84 l 17
 888 -111 880.313 -140.225 852 -144 c 24
 825.758 -147.499 824.062 -113.275 804 -96 c 24
 781.835 -76.9141 767.4 -68.5498 744 -51 c 25
 804 -51 l 25
426 759 m 25
 469 739 505 743 537 708 c 24
 551 693 524 679 516 660 c 25
 516 -87 l 17
 508 -116 502 -138 471 -141 c 1
 447 -139 436 -115 426 -87 c 9
 426 759 l 25
EndSplineSet
EndChar
