Width: 1000
Flags: HW
TeX: 117 0
LayerCount: 2
Fore
SplineSet
750 789 m 25
 790 762 822 758 852 720 c 24
 861 709 834 707 822 699 c 25
 807 679 803 663 783 648 c 24
 740 617 710 608 663 583 c 25
 691 635 712 662 735 717 c 24
 746 743 744 761 750 789 c 25
432 780 m 25
 464 764 483 757 513 738 c 24
 544 718 563 708 588 681 c 24
 604 664 618 651 615 628 c 24
 612 607 597 591 576 589 c 24
 555 587 548 606 534 621 c 24
 518 639 514 652 501 672 c 24
 474 714 459 738 432 780 c 25
457 477 m 1
 849 477 l 1
 849 427 l 1
 457 427 l 1
 457 477 l 1
510 -46 m 25
 789 -46 l 25
 789 -96 l 25
 510 -96 l 25
 510 -46 l 25
510 100 m 25
 786 100 l 25
 786 50 l 25
 510 50 l 25
 510 100 l 25
501 231 m 25
 738 231 l 25
 754 244 760 269 780 264 c 24
 815 254 832 233 849 201 c 24
 856 188 836 183 828 171 c 25
 828 -96 l 17
 820 -125 814 -147 783 -150 c 1
 759 -148 748 -124 738 -96 c 9
 738 181 l 25
 501 181 l 25
 501 231 l 25
471 264 m 25
 514 244 550 248 582 213 c 24
 596 198 569 184 561 165 c 25
 561 -99 l 17
 553 -128 547 -150 516 -153 c 1
 492 -151 481 -127 471 -99 c 9
 471 264 l 25
615 566 m 25
 705 566 l 25
 705 315 l 25
 615 315 l 25
 615 566 l 25
454 345 m 25
 882 345 l 25
 882 295 l 25
 454 295 l 25
 454 345 l 25
456 602 m 25
 813 602 l 25
 829 615 835 640 855 635 c 24
 890 625 907 604 924 572 c 24
 931 559 911 554 903 542 c 25
 903 317 l 17
 895 288 889 266 858 263 c 1
 834 265 823 289 813 317 c 9
 813 552 l 25
 456 552 l 25
 456 602 l 25
426 645 m 9
 469 625 509 633 537 594 c 24
 554 570 524 549 516 521 c 25
 516 331 l 17
 508 302 502 280 471 277 c 1
 447 279 436 303 426 331 c 1
 426 645 l 9
237 120 m 25
 273 95 297 86 330 57 c 24
 359 31 393 18 393 -21 c 24
 393 -56 377 -91 342 -96 c 24
 313 -100 314 -59 300 -33 c 24
 284 -3 277 16 264 48 c 24
 253 76 248 92 237 120 c 25
135 108 m 25
 170 68 204 55 225 6 c 24
 232 -10 202 -8 189 -18 c 24
 155 -44 142 -66 105 -87 c 24
 67 -108 41 -109 0 -123 c 25
 39 -68 65 -40 99 18 c 24
 118 51 121 73 135 108 c 25
120 182 m 25
 318 182 l 25
 318 132 l 25
 120 132 l 25
 120 182 l 25
117 362 m 25
 321 362 l 25
 321 312 l 25
 117 312 l 25
 117 362 l 25
114 547 m 25
 339 547 l 25
 339 497 l 25
 114 497 l 25
 114 547 l 25
93 717 m 25
 276 717 l 25
 292 730 298 755 318 750 c 24
 353 740 370 719 387 687 c 24
 394 674 374 669 366 657 c 25
 366 168 l 17
 358 139 352 117 321 114 c 1
 297 116 286 140 276 168 c 9
 276 667 l 25
 93 667 l 25
 93 717 l 25
72 756 m 25
 115 736 151 740 183 705 c 24
 197 690 170 676 162 657 c 25
 162 114 l 17
 154 85 148 63 117 60 c 1
 93 62 82 86 72 114 c 9
 72 756 l 25
EndSplineSet
EndChar
