Width: 1000
Flags: HW
TeX: 117 0
LayerCount: 2
Fore
SplineSet
718 313 m 17
 769 295 809 279 858 243 c 24
 892 218 910 199 927 161 c 24
 938 137 939 115 925 93 c 0
 913 74 894 68 873 74 c 24
 849 81 842 99 828 120 c 24
 804 154 798 178 777 214 c 24
 755 253 741 274 718 313 c 17
534 -50 m 18
 557 -50 577 -25 577 -9 c 2
 577 421 l 9
 667 421 l 25
 667 -24 l 18
 667 -70 639 -150 595 -158 c 0
 566 -163 565 -122 541 -104 c 24
 509 -80 488 -71 454 -50 c 25
 534 -50 l 18
219 327 m 25
 219 327 291 307 312 270 c 0
 321 254 297 258 292 248 c 0
 260 188 236 146 186 93 c 24
 152 57 124 41 81 24 c 1
 120 88 142 128 174 198 c 24
 196 246 219 327 219 327 c 25
363 163 m 10
 363 418 l 25
 453 418 l 25
 453 171 l 18
 453 102 450 93 437 58 c 0
 425 26 414 9 393 -18 c 24
 370 -47 353 -61 324 -84 c 24
 297 -105 281 -117 249 -130 c 24
 217 -143 200 -149 162 -150 c 1
 211 -124 234 -100 272 -60 c 24
 303 -27 320 -7 337 35 c 24
 356 82 363 116 363 163 c 10
81 442 m 25
 765 442 l 25
 794 470 803 502 828 511 c 1
 854 507 896 454 927 421 c 1
 935 403 918 392 900 392 c 9
 81 392 l 25
 81 442 l 25
444 430 m 25
 444 769 l 25
 444 769 523 753 555 718 c 24
 569 703 542 689 534 670 c 25
 534 430 l 25
 444 430 l 25
225 620 m 25
 654 620 l 25
 683 648 692 680 717 689 c 1
 743 685 785 632 816 599 c 1
 824 581 807 570 789 570 c 9
 225 570 l 25
 225 620 l 25
EndSplineSet
EndChar
