Width: 1000
Flags: H
TeX: 117 0
LayerCount: 2
Fore
SplineSet
891 339 m 25
 923 306 954 297 972 255 c 24
 978 241 950 244 936 237 c 24
 897 217 875 208 837 186 c 24
 797 163 777 148 738 123 c 25
 711 156 l 25
 751 192 775 211 813 249 c 24
 846 282 861 304 891 339 c 25
618 381 m 25
 675 381 l 25
 694 320 696 283 723 225 c 24
 758 150 775 103 831 42 c 24
 874 -5 915 -11 969 -45 c 25
 944 -56 928 -57 906 -72 c 24
 879 -90 877 -136 846 -129 c 24
 805 -119 803 -78 780 -42 c 24
 749 8 732 37 708 90 c 24
 684 143 674 175 657 231 c 24
 639 289 633 322 618 381 c 25
459 -135 m 24
 432 -99 432 -71 414 -30 c 25
 463 -18 492 -17 540 0 c 24
 629 31 675 57 762 93 c 25
 756 48 l 25
 681 0 639 -28 564 -75 c 24
 533 -94 515 -105 483 -123 c 24
 474 -128 465 -143 459 -135 c 24
495 412 m 1
 816 412 l 1
 816 362 l 1
 495 362 l 1
 495 412 l 1
519 554 m 1
 816 554 l 1
 816 504 l 1
 519 504 l 1
 519 554 l 1
513 714 m 25
 753 714 l 25
 769 727 775 752 795 747 c 24
 830 737 847 716 864 684 c 24
 871 671 851 666 843 654 c 25
 843 402 l 17
 835 373 829 351 798 348 c 1
 774 350 763 374 753 402 c 9
 753 664 l 25
 513 664 l 25
 513 714 l 25
474 -39 m 25
 474 747 l 25
 517 727 553 731 585 696 c 24
 599 681 572 667 564 648 c 25
 564 -39 l 25
 474 -39 l 25
81 -99 m 24
 68 -76 66 -61 57 -36 c 25
 119 -22 154 -12 216 0 c 24
 336 23 404 33 525 54 c 25
 463 22 430 1 366 -27 c 24
 302 -55 263 -65 198 -90 c 24
 163 -104 146 -123 108 -126 c 24
 93 -127 88 -112 81 -99 c 24
108 -66 m 25
 108 336 l 25
 151 316 187 320 219 285 c 24
 233 270 206 256 198 237 c 25
 198 -66 l 25
 108 -66 l 25
288 264 m 25
 360 264 l 25
 360 264 383 300 408 309 c 1
 434 305 422 276 453 243 c 1
 461 225 444 214 426 214 c 9
 288 214 l 25
 288 264 l 25
246 441 m 1
 336 441 l 1
 336 -30 l 1
 246 -30 l 1
 246 441 l 1
132 467 m 1
 372 467 l 1
 372 417 l 1
 132 417 l 1
 132 467 l 1
135 693 m 25
 345 693 l 25
 361 706 367 731 387 726 c 24
 422 716 439 695 456 663 c 24
 463 650 443 645 435 633 c 25
 435 441 l 17
 427 412 421 390 390 387 c 1
 366 389 355 413 345 441 c 9
 345 643 l 25
 135 643 l 25
 135 693 l 25
105 723 m 25
 148 703 184 707 216 672 c 24
 230 657 203 643 195 624 c 25
 195 438 l 17
 187 409 181 387 150 384 c 1
 126 386 115 410 105 438 c 9
 105 723 l 25
EndSplineSet
EndChar
