Width: 1000
Flags: H
TeX: 117 0
LayerCount: 2
Fore
SplineSet
933 -15 m 25
 933 -15 903 -40 885 -57 c 24
 869 -72 868 -97 846 -97 c 26
 552 -97 l 18
 510 -97 421 -64 345 -24 c 24
 285 8 263 42 210 84 c 25
 240 123 l 25
 295 90 322 64 381 39 c 24
 449 10 511 -15 564 -15 c 10
 933 -15 l 25
492 240 m 25
 705 240 l 25
 705 240 727 271 751 280 c 1
 770 273 794 245 813 219 c 1
 821 201 805 190 787 190 c 9
 492 190 l 25
 492 240 l 25
221 320 m 25
 221 320 290 315 324 292 c 24
 336 284 316 272 312 258 c 24
 295 199 295 162 270 105 c 24
 241 38 221 -1 174 -57 c 24
 133 -105 105 -128 48 -159 c 1
 84 -96 109 -50 141 24 c 24
 166 81 176 115 192 175 c 24
 207 231 221 320 221 320 c 25
441 444 m 25
 531 444 l 25
 531 -39 l 25
 441 -39 l 25
 441 444 l 25
242 470 m 25
 717 470 l 25
 717 420 l 25
 242 420 l 25
 242 470 l 25
270 732 m 25
 669 732 l 25
 685 745 691 770 711 765 c 24
 746 755 763 734 780 702 c 24
 787 689 767 684 759 672 c 25
 759 438 l 17
 751 409 745 387 714 384 c 1
 690 386 679 410 669 438 c 9
 669 682 l 25
 270 682 l 25
 270 732 l 25
221 762 m 25
 221 762 300 746 332 711 c 24
 346 696 319 682 311 663 c 25
 311 423 l 17
 303 394 297 372 266 369 c 1
 242 371 231 395 221 423 c 9
 221 762 l 25
EndSplineSet
EndChar
