Width: 1000
Flags: H
TeX: 117 0
LayerCount: 2
Fore
SplineSet
399 132 m 1
 534 132 l 1
 534 82 l 1
 399 82 l 1
 399 132 l 1
396 225 m 1
 537 225 l 1
 537 175 l 1
 396 175 l 1
 396 225 l 1
687 189 m 25
 710.4 179.64 726.769 180.029 747 165 c 24
 769.007 148.652 783.331 137.007 792 111 c 24
 800.888 84.3379 806.899 60.667 789 39 c 24
 775.566 22.7383 750.522 27.7188 735 42 c 24
 715.121 60.2881 722.385 82.3223 714 108 c 24
 703.664 139.654 697.53 157.41 687 189 c 25
765 -93 m 9
 765 262 l 25
 651 262 l 25
 651 312 l 25
 765 312 l 25
 781.38 324.87 786.891 350.435 807 345 c 24
 842.178 335.492 859.287 314.381 876 282 c 24
 882.55 269.309 863.19 263.7 855 252 c 25
 855 -18 l 17
 851.559 -33.6807 846 -51 867 -51 c 9
 900 -51 l 25
 910.53 -33.4502 919.161 -24.9062 927 -6 c 24
 939.19 23.4004 941.64 41.5801 951 72 c 25
 953.34 24.0303 947.414 -3.93945 957 -51 c 24
 960.692 -69.127 984.711 -71.5146 984 -90 c 24
 983.263 -109.175 965.7 -113.79 954 -129 c 25
 810 -129 l 17
 775.51 -119.018 771 -117 765 -93 c 9
618 27 m 25
 618 348 l 25
 661.29 328.11 696.953 332.251 729 297 c 24
 742.745 281.881 716.19 267.72 708 249 c 25
 708 0 l 25
 691.62 -28.0801 687.63 -47.7324 666 -72 c 24
 638.887 -102.42 620.955 -118.824 585 -138 c 24
 549.402 -156.985 524.61 -156.3 486 -168 c 25
 515.25 -142.26 536.294 -132.129 561 -102 c 24
 584.925 -72.8232 593.75 -52.5127 609 -18 c 24
 616.233 -1.62891 614.49 9.4502 618 27 c 25
471 21 m 25
 496.74 10.4697 513.417 8.73926 537 -6 c 24
 560.895 -20.9336 580.787 -27.7383 591 -54 c 24
 599.649 -76.2412 598.717 -100.557 579 -114 c 24
 560.94 -126.313 540.455 -114.455 525 -99 c 24
 507.47 -81.4697 514.174 -61.6084 504 -39 c 24
 493.041 -14.6465 483.87 -2.40039 471 21 c 25
414 6 m 25
 442.08 -13.8896 466.615 -16.5693 486 -45 c 24
 492.786 -54.9531 469.53 -54.1504 459 -60 c 25
 433.26 -78.7197 421.842 -94.541 393 -108 c 24
 368.045 -119.646 350.91 -117.15 324 -123 c 25
 339.21 -101.94 348.136 -90.3057 363 -69 c 24
 383.239 -39.9902 394.11 -23.25 414 6 c 25
405 47 m 1
 531 47 l 1
 531 -3 l 1
 405 -3 l 1
 405 47 l 1
405 312 m 25
 510 312 l 25
 526.38 324.87 531.891 350.435 552 345 c 24
 587.178 335.492 604.287 314.381 621 282 c 24
 627.55 269.309 608.19 263.7 600 252 c 25
 600 24 l 17
 592 -5 586 -27 555 -30 c 1
 531 -28 520 -4 510 24 c 9
 510 262 l 25
 405 262 l 25
 405 312 l 25
363 351 m 25
 406.29 331.11 441.953 335.251 474 300 c 24
 487.745 284.881 461.19 270.72 453 252 c 25
 453 36 l 17
 445 7 439 -15 408 -18 c 1
 384 -16 373 8 363 36 c 9
 363 351 l 25
159 97 m 1
 294 97 l 1
 294 47 l 1
 159 47 l 1
 159 97 l 1
156 202 m 1
 297 202 l 1
 297 152 l 1
 156 152 l 1
 156 202 l 1
258 -84 m 25
 258 241 l 25
 159 241 l 25
 159 291 l 25
 258 291 l 25
 274.38 303.87 279.891 329.435 300 324 c 24
 335.178 314.492 352.287 293.381 369 261 c 24
 375.55 248.309 356.19 242.7 348 231 c 25
 348 -114 l 25
 325.77 -133.89 320.599 -161.3 291 -165 c 24
 269.656 -167.668 266.614 -141.783 252 -126 c 24
 237.343 -110.17 230.04 -100.38 216 -84 c 25
 258 -84 l 25
111 -135 m 8
 76.374 -164.533 51 -165 0 -171 c 9
 29.25 -139.41 52.3682 -126.624 75 -90 c 16
 103.552 -43.7969 108 -18 114 12 c 9
 114 327 l 25
 157.29 307.11 192.953 311.251 225 276 c 24
 238.745 260.881 212.19 246.72 204 228 c 17
 204 3 l 1
 202.314 -24.2803 162.423 -93.8467 111 -135 c 8
198 406 m 1
 768 406 l 1
 768 356 l 1
 198 356 l 1
 198 406 l 1
195 501 m 25
 726 501 l 25
 742.38 513.87 747.891 539.435 768 534 c 24
 803.178 524.492 820.287 503.381 837 471 c 24
 843.55 458.309 824.19 452.7 816 441 c 25
 816 387 l 17
 808 358 802 336 771 333 c 1
 747 335 736 359 726 387 c 9
 726 451 l 25
 195 451 l 25
 195 501 l 25
171 534 m 25
 214.29 514.11 249.953 518.251 282 483 c 24
 295.745 467.881 269.19 453.72 261 435 c 25
 261 393 l 17
 253 364 247 342 216 339 c 1
 192 341 181 365 171 393 c 9
 171 534 l 25
168 690 m 25
 735 690 l 25
 764 718 773 750 798 759 c 1
 824 755 866 702 897 669 c 1
 905 651 888 640 870 640 c 9
 168 640 l 25
 168 690 l 25
144 558 m 9
 144 711 l 25
 187.29 691.11 222.953 695.251 255 660 c 24
 268.745 644.881 242.19 630.72 234 612 c 25
 234 591 l 17
 237 576 249.7 587.33 258 581 c 9
 714 581 l 25
 730.38 589.58 743.458 589.413 756 603 c 24
 777.368 626.148 781.62 645.09 798 672 c 25
 806.19 641.58 805.202 622.321 819 594 c 24
 828.065 575.392 856.793 575.621 855 555 c 24
 853.256 534.946 829.38 536.7 813 525 c 25
 189 525 l 17
 168 534 153.022 524.219 144 558 c 9
435 669 m 25
 435 789 l 25
 478.29 769.11 513.953 773.251 546 738 c 24
 559.745 722.881 533.19 708.72 525 690 c 25
 525 669 l 25
 435 669 l 25
EndSplineSet
EndChar
