Width: 1000
Flags: H
TeX: 117 0
LayerCount: 2
Fore
SplineSet
621 109 m 1
 765 109 l 1
 765 59 l 1
 621 59 l 1
 621 109 l 1
618 243 m 25
 726 243 l 25
 742.38 255.87 747.891 281.435 768 276 c 24
 803.178 266.492 820.287 245.381 837 213 c 24
 843.55 200.309 824.19 194.7 816 183 c 25
 816 69 l 17
 808 40 802 18 771 15 c 1
 747 17 736 41 726 69 c 9
 726 193 l 25
 618 193 l 25
 618 243 l 25
570 270 m 25
 613 250 649 254 681 219 c 24
 695 204 668 190 660 171 c 25
 660 30 l 17
 652 1 646 -21 615 -24 c 1
 591 -22 580 2 570 30 c 9
 570 270 l 25
858 30 m 25
 858 322 l 25
 522 322 l 25
 522 372 l 25
 858 372 l 25
 874.38 384.87 879.891 410.435 900 405 c 24
 935.178 395.492 952.287 374.381 969 342 c 24
 975.55 329.309 956.19 323.7 948 312 c 25
 948 18 l 17
 939 -24 923.229 -51.417 894 -87 c 24
 868.008 -118.644 850.497 -143.926 810 -150 c 24
 787.773 -153.334 789.893 -120.893 774 -105 c 24
 752.284 -83.2842 737.4 -73.8896 714 -54 c 25
 798 -54 l 25
 813.21 -39.96 824.969 -34.8438 837 -18 c 24
 848.877 -1.37305 849.81 11.2803 858 30 c 25
528 524 m 1
 852 524 l 1
 852 474 l 1
 528 474 l 1
 528 524 l 1
519 699 m 25
 801 699 l 25
 817.38 711.87 822.891 737.435 843 732 c 24
 878.178 722.492 895.287 701.381 912 669 c 24
 918.55 656.309 899.19 650.7 891 639 c 25
 891 516 l 17
 883 487 877 465 846 462 c 1
 822 464 811 488 801 516 c 9
 801 649 l 25
 519 649 l 25
 519 699 l 25
480 234 m 25
 480 729 l 25
 523.29 709.11 558.953 713.251 591 678 c 24
 604.745 662.881 578.19 648.72 570 630 c 25
 570 216 l 25
 558.3 168.03 557.095 139.322 540 93 c 24
 520.615 40.4736 509.065 9.8975 477 -36 c 24
 448.571 -76.6924 426.183 -95.5246 387 -126 c 24
 362.219 -145.274 343.08 -147.96 315 -162 c 25
 348.93 -112.86 372.575 -87.9629 402 -36 c 24
 427.814 9.58789 441.46 36.669 456 87 c 24
 472.122 142.807 470.64 176.67 480 234 c 25
78 -42 m 25
 125.97 -34.9805 153.276 -32.5361 201 -24 c 24
 297.223 -6.78906 351.06 5.28027 447 24 c 25
 407.22 -6.41992 389.615 -31.2549 345 -54 c 24
 269.115 -92.6865 220.96 -102.647 141 -132 c 24
 128.477 -136.597 115.65 -151.929 108 -141 c 24
 84.8643 -107.949 89.7002 -80.6104 78 -42 c 25
123 -72 m 25
 123 336 l 25
 166 316 202 320 234 285 c 24
 248 270 221 256 213 237 c 25
 213 -72 l 25
 123 -72 l 25
297 264 m 25
 339 264 l 25
 339 264 362 300 387 309 c 1
 413 305 401 276 432 243 c 1
 440 225 423 214 405 214 c 9
 297 214 l 25
 297 264 l 25
234 465 m 1
 324 465 l 1
 324 -48 l 1
 234 -48 l 1
 234 465 l 1
138 482 m 1
 372 482 l 1
 372 432 l 1
 138 432 l 1
 138 482 l 1
165 687 m 25
 342 687 l 25
 358 700 364 725 384 720 c 24
 419 710 436 689 453 657 c 24
 460 644 440 639 432 627 c 25
 432 459 l 17
 424 430 418 408 387 405 c 1
 363 407 352 431 342 459 c 9
 342 637 l 25
 165 637 l 25
 165 687 l 25
111 720 m 25
 154 700 190 704 222 669 c 24
 236 654 209 640 201 621 c 25
 201 450 l 17
 193 421 187 399 156 396 c 1
 132 398 121 422 111 450 c 9
 111 720 l 25
EndSplineSet
EndChar
