Width: 1000
Flags: H
TeX: 117 0
LayerCount: 2
Fore
SplineSet
465 177 m 25
 509 147 534 128 579 99 c 24
 628 67 656 49 708 21 c 24
 766 -11 800 -27 861 -54 c 24
 906 -74 932 -81 978 -99 c 25
 953 -115 938 -123 915 -141 c 24
 901 -152 900 -174 882 -174 c 24
 850 -174 835 -157 807 -141 c 24
 743 -103 707 -81 648 -36 c 24
 600 1 573 23 534 69 c 24
 501 107 492 135 465 177 c 25
636 204 m 9
 636 690 l 25
 726 690 l 25
 726 213 l 17
 720 153 719 106 687 48 c 24
 652 -16 619 -46 561 -90 c 24
 512 -127 476 -138 417 -156 c 24
 370 -171 339 -174 291 -174 c 9
 347 -142 383 -131 435 -93 c 24
 496 -48 536 -24 579 39 c 24
 617 95 633 135 636 204 c 9
471 237 m 1
 870 237 l 1
 870 187 l 1
 471 187 l 1
 471 237 l 1
498 396 m 1
 864 396 l 1
 864 346 l 1
 498 346 l 1
 498 396 l 1
492 570 m 25
 828 570 l 25
 844 583 850 608 870 603 c 24
 905 593 922 572 939 540 c 24
 946 527 926 522 918 510 c 25
 918 207 l 17
 910 178 904 156 873 153 c 1
 849 155 838 179 828 207 c 9
 828 520 l 25
 492 520 l 25
 492 570 l 25
444 597 m 25
 487 577 523 581 555 546 c 24
 569 531 542 517 534 498 c 25
 534 210 l 17
 526 181 520 159 489 156 c 1
 465 158 454 182 444 210 c 9
 444 597 l 25
432 720 m 25
 825 720 l 25
 825 720 863 780 888 789 c 1
 914 785 956 732 987 699 c 1
 995 681 978 670 960 670 c 9
 432 670 l 25
 432 720 l 25
162 136 m 1
 354 136 l 1
 354 86 l 1
 162 86 l 1
 162 136 l 1
171 408 m 25
 327 408 l 25
 343 421 349 446 369 441 c 24
 404 431 421 410 438 378 c 24
 445 365 425 360 417 348 c 25
 417 93 l 17
 409 64 403 42 372 39 c 1
 348 41 337 65 327 93 c 9
 327 358 l 25
 171 358 l 25
 171 408 l 25
141 441 m 25
 184 421 220 425 252 390 c 24
 266 375 239 361 231 342 c 25
 231 18 l 17
 223 -11 217 -33 186 -36 c 1
 162 -34 151 -10 141 18 c 9
 141 441 l 25
195 651 m 25
 300 651 l 25
 286 605 282 578 264 534 c 24
 239 471 225 435 189 378 c 24
 152 321 127 291 78 243 c 24
 57 222 38 219 12 204 c 25
 37 250 54 282 75 321 c 0
 121 406 128 439 156 516 c 24
 175 568 180 598 195 651 c 25
24 684 m 25
 354 684 l 25
 354 684 376 715 400 724 c 1
 419 717 443 689 462 663 c 1
 470 645 454 634 436 634 c 9
 24 634 l 25
 24 684 l 25
EndSplineSet
EndChar
