Width: 1000
Flags: H
TeX: 117 0
LayerCount: 2
Fore
SplineSet
837 114 m 1
 873 87 896 62 923 20 c 24
 944 -13 956 -36 959 -75 c 24
 961 -102 959 -126 936 -141 c 24
 918 -153 894 -144 882 -126 c 24
 863 -99 873 -76 868 -43 c 0
 859 21 852 57 837 114 c 1
657 -18 m 1
 894 0 l 25
 900 -54 l 17
 864 -62 712 -113 712 -113 c 1
 712 -113 697 -134 693 -126 c 24
 671 -88 657 -18 657 -18 c 1
730 -48 m 25
 687 -39 l 17
 848 336 l 9
 848 336 915 310 947 279 c 24
 955 271 930 271 924 261 c 0
 887 197 806 73 730 -48 c 25
645 345 m 1
 690 326 713 311 750 279 c 24
 775 257 788 241 801 210 c 24
 810 190 814 173 804 153 c 24
 796 136 781 128 762 129 c 24
 745 130 737 139 728 157 c 0
 713 188 713 211 699 243 c 24
 681 284 668 304 645 345 c 1
585 114 m 1
 618 78 636 48 657 0 c 24
 671 -33 680 -55 672 -90 c 24
 667 -113 650 -130 627 -129 c 24
 605 -128 597 -108 591 -87 c 24
 580 -47 586 -23 588 18 c 0
 590 59 589 74 585 114 c 1
399 -138 m 24
 370 -97 354 -18 354 -18 c 1
 354 -18 457 -16 522 -12 c 24
 561 -9 582 -5 621 0 c 25
 615 -60 l 25
 542 -86 501 -100 429 -126 c 24
 417 -130 406 -148 399 -138 c 24
485 -43 m 1
 435 -33 l 25
 574 322 l 25
 574 322 647 291 681 255 c 24
 690 246 664 244 657 234 c 24
 587 128 485 -43 485 -43 c 1
782 527 m 25
 782 527 847 498 876 465 c 24
 884 456 862 453 855 444 c 24
 802 377 723 270 723 270 c 1
 693 291 l 25
 782 527 l 25
390 366 m 1
 445 346 465 337 501 303 c 24
 525 280 534 258 538 225 c 24
 541 199 539 175 516 162 c 24
 496 150 474 162 459 180 c 24
 439 203 446 226 435 255 c 24
 419 299 409 323 390 366 c 1
471 285 m 1
 447 312 l 1
 531 534 l 25
 531 534 599 505 629 471 c 24
 637 461 611 460 603 450 c 24
 550 387 471 285 471 285 c 1
755 531 m 25
 714 531 l 25
 747 750 l 25
 747 750 819 734 855 705 c 24
 865 697 840 691 834 680 c 24
 801 623 755 531 755 531 c 25
465 735 m 1
 516 717 549 705 588 666 c 24
 613 641 620 616 619 580 c 24
 618 560 603 547 584 544 c 24
 567 541 554 551 546 568 c 0
 532 597 528 620 513 652 c 24
 497 686 488 702 465 735 c 1
342 543 m 25
 813 543 l 25
 842 571 851 603 876 612 c 1
 902 608 944 555 975 522 c 1
 983 504 966 493 948 493 c 9
 342 493 l 25
 342 543 l 25
168 15 m 25
 321 15 l 25
 321 -35 l 25
 168 -35 l 25
 168 15 l 25
204 366 m 25
 204 63 l 2
 204 42 213 -42 207 -75 c 0
 199 -117 164 -129 144 -129 c 0
 124 -129 106 -122 105 -100 c 0
 104 -80 114 12 114 48 c 2
 114 351 l 25
 204 366 l 25
168 384 m 25
 279 384 l 25
 295 397 301 422 321 417 c 24
 356 407 373 386 390 354 c 24
 397 341 377 336 369 324 c 25
 369 120 l 2
 369 99 382 15 376 -18 c 0
 368 -60 333 -72 313 -72 c 0
 293 -72 275 -65 274 -43 c 0
 273 -23 279 69 279 105 c 2
 279 334 l 25
 168 334 l 25
 168 384 l 25
165 630 m 9
 264 630 l 17
 256 582 251 559 240 510 c 0
 229 461 222 433 201 387 c 24
 165 309 143 265 93 195 c 24
 64 155 40 137 0 108 c 1
 28 169 45 209 69 276 c 24
 98 357 113 403 135 486 c 24
 150 541 158 575 165 630 c 9
18 657 m 25
 321 657 l 25
 321 657 343 688 367 697 c 1
 386 690 410 662 429 636 c 1
 437 618 421 607 403 607 c 9
 18 607 l 25
 18 657 l 25
EndSplineSet
EndChar
