Width: 1000
Flags: HW
LayerCount: 2
Fore
SplineSet
162 51 m 1
 384 51 l 1
 384 1 l 1
 162 1 l 1
 162 51 l 1
153 369 m 25
 312 369 l 25
 328 382 334 407 354 402 c 24
 389 392 406 371 423 339 c 24
 430 326 410 321 402 309 c 25
 402 7 l 17
 394 -22 388 -44 357 -47 c 1
 333 -45 322 -21 312 7 c 9
 312 319 l 25
 153 319 l 25
 153 369 l 25
129 399 m 25
 172 379 208 383 240 348 c 24
 254 333 227 319 219 300 c 25
 219 -35 l 17
 211 -64 205 -86 174 -89 c 1
 150 -87 139 -63 129 -35 c 9
 129 399 l 25
153 614 m 25
 249 614 l 25
 242 584 239 567 231 537 c 24
 212 467 202 427 180 357 c 24
 161 296 153 259 126 201 c 24
 105 156 89 132 57 93 c 24
 39 71 22 66 0 48 c 25
 25 115 43 151 63 219 c 24
 91 311 102 365 123 459 c 24
 137 519 141 554 153 614 c 25
27 644 m 25
 327 644 l 25
 327 644 349 675 373 684 c 1
 392 677 416 649 435 623 c 1
 443 605 427 594 409 594 c 9
 27 594 l 25
 27 644 l 25
486 68 m 1
 687 68 l 1
 687 18 l 1
 486 18 l 1
 486 68 l 1
486 216 m 25
 630 216 l 25
 646 229 652 254 672 249 c 24
 707 239 724 218 741 186 c 24
 748 173 728 168 720 156 c 25
 720 54 l 17
 712 25 706 3 675 0 c 1
 651 2 640 26 630 54 c 9
 630 166 l 25
 486 166 l 25
 486 216 l 25
453 247 m 25
 496 227 532 231 564 196 c 24
 578 181 551 167 543 148 c 25
 543 0 l 17
 535 -29 529 -51 498 -54 c 1
 474 -52 463 -28 453 0 c 9
 453 247 l 25
778 -42 m 1
 778 297 l 9
 868 297 l 17
 868 -69 l 1
 868 -69 863 -119 846 -144 c 24
 832 -166 818 -187 792 -183 c 24
 763 -178 766 -143 741 -126 c 16
 639 -78 l 9
 759 -78 l 17
 774 -72 779 -54 778 -42 c 1
424 333 m 25
 838 333 l 25
 867 361 876 393 901 402 c 1
 927 398 969 345 1000 312 c 1
 1008 294 991 283 973 283 c 9
 424 283 l 25
 424 333 l 25
631 585 m 25
 697 585 l 25
 718 558 726 540 751 516 c 24
 777 491 794 478 826 462 c 24
 865 443 890 440 931 426 c 25
 911 413 900 406 880 393 c 24
 859 379 851 352 826 357 c 24
 787 365 774 392 745 420 c 24
 717 447 704 466 682 498 c 24
 660 530 651 551 631 585 c 25
595 576 m 25
 595 774 l 25
 638 754 674 758 706 723 c 24
 720 708 693 694 685 675 c 25
 685 579 l 25
 668 538 668 510 642 474 c 24
 609 429 586 405 537 378 c 24
 484 348 459 348 387 333 c 9
 434 369 465 385 508 426 c 24
 538 454 550 475 571 510 c 24
 585 534 586 550 595 576 c 25
405 612 m 25
 831 612 l 25
 831 612 853 643 877 652 c 1
 896 645 920 617 939 591 c 1
 947 573 931 562 913 562 c 9
 405 562 l 25
 405 612 l 25
EndSplineSet
EndChar
