Width: 1000
Flags: H
TeX: 117 0
LayerCount: 2
Fore
SplineSet
837 162 m 25
 837 352 l 25
 726 352 l 25
 726 402 l 25
 837 402 l 25
 853.38 414.87 858.891 440.435 879 435 c 24
 914.178 425.492 931.287 404.381 948 372 c 24
 954.55 359.309 935.19 353.7 927 342 c 25
 927 105 l 25
 904.77 85.1104 899.812 53.0062 870 54 c 24
 845.332 54.8223 852.483 88.7793 837 108 c 24
 818.316 131.194 804.06 140.94 783 162 c 25
 837 162 l 25
669 -87 m 9
 669 447 l 25
 712.29 427.11 747.953 431.251 780 396 c 24
 793.745 380.881 767.19 366.72 759 348 c 25
 759 0 l 17
 759 -21 768 -36 780 -36 c 9
 882 -36 l 25
 893.7 -11.4297 901.462 1.9092 912 27 c 24
 926.053 60.458 932.13 80.0703 945 114 c 25
 947.34 53.1602 938.722 17.6337 951 -42 c 24
 955.719 -64.9189 985.333 -66.6592 987 -90 c 24
 988.302 -108.229 968.7 -111.96 957 -126 c 25
 711 -126 l 17
 678 -118 680 -102 669 -87 c 9
417 213 m 25
 435 249 l 25
 471.27 217.41 508.876 212.133 528 168 c 24
 543.527 132.169 551.629 74.7228 513 69 c 24
 470.871 62.7588 470.624 120.564 447 156 c 24
 433.065 176.902 428.7 190.77 417 213 c 25
585 340 m 25
 468 340 l 25
 468 390 l 25
 579 390 l 25
 591.87 397.02 598.888 414.556 612 408 c 24
 641.636 393.182 654.182 374.636 669 345 c 24
 674.153 334.693 669 336 657 318 c 9
 639.45 270.03 632.881 241.617 612 195 c 24
 582.482 129.1 569.856 88.8406 528 30 c 24
 488.194 -25.959 460.742 -55.8927 405 -96 c 24
 362.848 -126.329 329.97 -127.11 282 -147 c 25
 321.78 -109.56 347.557 -91.6952 384 -51 c 24
 418.031 -12.998 434.963 10.7415 462 54 c 24
 499.464 113.941 521.073 148.064 549 213 c 24
 569.34 260.293 570.96 290.47 585 340 c 25
480 507 m 25
 511.59 487.11 537.937 485.354 561 456 c 24
 569.734 444.884 551.908 435.844 546 423 c 24
 524.998 377.344 514.742 350.815 492 306 c 24
 474.926 272.354 470.372 248.985 444 222 c 24
 418.335 195.738 394.59 192.72 363 174 c 25
 381.72 216.12 394.991 238.776 411 282 c 24
 430.15 333.707 436.834 364.284 453 417 c 24
 463.744 452.035 469.47 471.9 480 507 c 25
597 579 m 25
 597 762 l 25
 640 742 676 746 708 711 c 24
 722 696 695 682 687 663 c 25
 687 579 l 25
 597 579 l 25
861 556 m 25
 417 556 l 25
 417 606 l 25
 864 606 l 25
 880.38 620.04 886.307 650.81 906 642 c 24
 946.203 624.015 960.223 595.295 978 555 c 24
 982.862 543.979 961.53 545.85 951 540 c 25
 843 480 l 25
 861 556 l 25
426 669 m 25
 431 628 445 605 438 564 c 24
 431 523 420 498 390 468 c 24
 373 451 349 441 330 456 c 24
 312 471 322 494 330 516 c 24
 339 542 357 550 372 573 c 24
 395 609 405 632 426 669 c 25
117 77 m 1
 303 77 l 1
 303 27 l 1
 117 27 l 1
 117 77 l 1
123 372 m 25
 252 372 l 25
 268 385 274 410 294 405 c 24
 329 395 346 374 363 342 c 24
 370 329 350 324 342 312 c 25
 342 30 l 17
 334 1 328 -21 297 -24 c 1
 273 -22 262 2 252 30 c 9
 252 322 l 25
 123 322 l 25
 123 372 l 25
93 408 m 25
 136.29 388.11 171.953 392.251 204 357 c 24
 217.745 341.881 191.19 327.72 183 309 c 25
 183 -27 l 17
 175 -56 169 -78 138 -81 c 1
 114 -79 103 -55 93 -27 c 9
 93 408 l 25
162 681 m 25
 258 681 l 25
 252.15 647.07 253.099 626.916 243 594 c 24
 221.39 523.567 207.696 483.974 177 417 c 24
 143.19 343.234 126.952 298.716 78 234 c 24
 56.0742 205.013 30.4199 202.89 0 183 c 25
 21.0596 235.65 34.3521 264.807 54 318 c 24
 82.334 394.709 99.6807 437.621 123 516 c 24
 141.856 579.378 146.79 616.65 162 681 c 25
36 705 m 25
 333 705 l 25
 333 705 356 741 381 750 c 1
 407 746 395 717 426 684 c 1
 434 666 417 655 399 655 c 9
 36 655 l 25
 36 705 l 25
EndSplineSet
EndChar
