Width: 1000
Flags: H
TeX: 117 0
LayerCount: 2
Fore
SplineSet
831 699 m 25
 868 674 897 669 927 636 c 24
 935 627 912 625 903 618 c 25
 878 583 871 558 840 528 c 24
 810 498 785 491 750 468 c 25
 777 539 794 579 819 651 c 24
 825 669 826 680 831 699 c 25
483 699 m 25
 530 658 565 644 603 594 c 24
 623 568 623 546 624 513 c 24
 624 498 620 484 606 480 c 24
 585 474 567 477 552 492 c 24
 536 508 544 527 537 549 c 24
 517 608 504 640 483 699 c 25
558 189 m 1
 849 189 l 1
 849 139 l 1
 558 139 l 1
 558 189 l 1
558 321 m 1
 858 321 l 1
 858 271 l 1
 558 271 l 1
 558 321 l 1
795 -39 m 25
 795 412 l 25
 543 412 l 25
 543 462 l 25
 795 462 l 25
 811 475 817 500 837 495 c 24
 872 485 889 464 906 432 c 24
 913 419 893 414 885 402 c 25
 885 -75 l 25
 863 -103 863 -142 828 -147 c 24
 796 -152 790 -113 765 -93 c 24
 737 -71 719 -60 690 -39 c 25
 795 -39 l 25
501 495 m 25
 544 475 580 479 612 444 c 24
 626 429 599 415 591 396 c 25
 591 -87 l 17
 583 -116 577 -138 546 -141 c 1
 522 -139 511 -115 501 -87 c 9
 501 495 l 25
645 441 m 25
 645 792 l 25
 688 772 724 776 756 741 c 24
 770 726 743 712 735 693 c 25
 735 441 l 25
 645 441 l 25
192 84 m 1
 381 84 l 1
 381 34 l 1
 192 34 l 1
 192 84 l 1
189 401 m 9
 363 401 l 25
 379 414 385 439 405 434 c 24
 440 424 457 403 474 371 c 24
 481 358 461 353 453 341 c 25
 453 47 l 17
 445 18 439 -4 408 -7 c 1
 384 -5 373 19 363 47 c 9
 363 351 l 25
 189 351 l 25
 189 401 l 9
168 422 m 25
 211 402 247 406 279 371 c 24
 293 356 266 342 258 323 c 25
 258 8 l 17
 250 -21 244 -43 213 -46 c 1
 189 -44 178 -20 168 8 c 9
 168 422 l 25
198 633 m 25
 309 633 l 25
 296 593 290 570 276 531 c 24
 253 467 241 431 213 369 c 24
 179 293 162 248 117 177 c 24
 91 136 66 120 33 84 c 25
 62 154 81 193 108 264 c 24
 133 331 146 369 165 438 c 24
 179 488 183 516 192 567 c 24
 196 592 196 607 198 633 c 25
84 669 m 25
 399 669 l 25
 399 669 422 705 447 714 c 1
 473 710 461 681 492 648 c 1
 500 630 483 619 465 619 c 9
 84 619 l 25
 84 669 l 25
EndSplineSet
EndChar
