Width: 1000
Flags: H
TeX: 117 0
LayerCount: 2
Fore
SplineSet
456 258 m 1
 546 258 l 1
 546 117 l 1
 456 117 l 1
 456 258 l 1
210 146 m 1
 738 146 l 1
 738 96 l 1
 210 96 l 1
 210 146 l 1
213 276 m 25
 684 276 l 25
 700 289 706 314 726 309 c 24
 761 299 778 278 795 246 c 24
 802 233 782 228 774 216 c 25
 774 117 l 17
 766 88 760 66 729 63 c 1
 705 65 694 89 684 117 c 9
 684 226 l 25
 213 226 l 25
 213 276 l 25
189 -111 m 9
 189 303 l 25
 232 283 268 287 300 252 c 24
 314 237 287 223 279 204 c 25
 279 -39 l 17
 275 -53 283 -66 303 -72 c 9
 783 -72 l 25
 802 -56 817 -51 831 -30 c 24
 864 20 873 54 900 108 c 25
 896 44 879 6 891 -57 c 24
 896 -82 942 -77 939 -102 c 24
 935 -131 906 -138 879 -147 c 9
 255 -147 l 17
 207 -141 199 -129 189 -111 c 9
648 693 m 1
 738 693 l 1
 738 360 l 1
 648 360 l 1
 648 693 l 1
450 390 m 25
 867 390 l 25
 867 390 890 426 915 435 c 1
 941 431 929 402 960 369 c 1
 968 351 951 340 933 340 c 9
 450 340 l 25
 450 390 l 25
492 564 m 25
 825 564 l 25
 825 564 848 600 873 609 c 1
 899 605 887 576 918 543 c 1
 926 525 909 514 891 514 c 9
 492 514 l 25
 492 564 l 25
483 711 m 25
 837 711 l 25
 837 711 860 747 885 756 c 1
 911 752 899 723 930 690 c 1
 938 672 921 661 903 661 c 9
 483 661 l 25
 483 711 l 25
219 690 m 1
 309 690 l 1
 309 384 l 1
 219 384 l 1
 219 690 l 1
87 288 m 24
 58 322 69 356 57 399 c 25
 118 401 152 402 213 405 c 24
 317 410 376 414 480 420 c 25
 425 395 396 376 339 357 c 24
 261 331 214 328 135 306 c 24
 116 301 100 273 87 288 c 24
99 564 m 25
 372 564 l 25
 372 564 395 600 420 609 c 1
 446 605 434 576 465 543 c 1
 473 525 456 514 438 514 c 9
 99 514 l 25
 99 564 l 25
66 723 m 25
 375 723 l 25
 375 723 398 759 423 768 c 1
 449 764 437 735 468 702 c 1
 476 684 459 673 441 673 c 9
 66 673 l 25
 66 723 l 25
EndSplineSet
EndChar
