Width: 1000
Flags: H
TeX: 117 0
LayerCount: 2
Fore
SplineSet
579 651 m 25
 579 800 l 25
 622.29 780.11 657.953 784.251 690 749 c 24
 703.745 733.881 677.19 719.72 669 701 c 25
 669 651 l 25
 579 651 l 25
684 132 m 25
 684 -120 l 17
 676 -149 670 -171 639 -174 c 1
 615 -172 604 -148 594 -120 c 9
 594 132 l 25
 684 132 l 25
321 33 m 25
 822 33 l 25
 851 61 860 93 885 102 c 1
 911 98 953 45 984 12 c 1
 992 -6 975 -17 957 -17 c 9
 321 -17 l 25
 321 33 l 25
441 160 m 1
 810 160 l 1
 810 110 l 1
 441 110 l 1
 441 160 l 1
453 269 m 1
 801 269 l 1
 801 219 l 1
 453 219 l 1
 453 269 l 1
441 381 m 25
 768 381 l 25
 784.38 393.87 789.891 419.435 810 414 c 24
 845.178 404.492 862.287 383.381 879 351 c 24
 885.55 338.309 866.19 332.7 858 321 c 25
 858 150 l 17
 850 121 844 99 813 96 c 1
 789 98 778 122 768 150 c 9
 768 331 l 25
 441 331 l 25
 441 381 l 25
393 414 m 25
 436.29 394.11 471.953 398.251 504 363 c 24
 517.745 347.881 491.19 333.72 483 315 c 25
 483 147 l 17
 475 118 469 96 438 93 c 1
 414 95 403 119 393 147 c 9
 393 414 l 25
687 645 m 25
 789 645 l 25
 777 610 774 589 759 555 c 24
 744 521 732 504 714 471 c 25
 687 471 l 25
 687 510 687 531 687 570 c 24
 687 599 687 616 687 645 c 25
483 648 m 25
 519.27 622.26 548.037 616.585 576 582 c 24
 595.098 558.38 600.591 537.162 597 507 c 24
 594.122 482.824 584.409 462.688 561 456 c 24
 540.348 450.1 522.801 463.889 513 483 c 24
 496.842 514.509 507.335 538.16 501 573 c 24
 495.619 602.596 490.02 618.75 483 648 c 25
348 486 m 25
 801 486 l 25
 830 514 839 546 864 555 c 1
 890 551 932 498 963 465 c 1
 971 447 954 436 936 436 c 9
 348 436 l 25
 348 486 l 25
381 666 m 25
 804 666 l 25
 804 666 827 702 852 711 c 1
 878 707 866 678 897 645 c 1
 905 627 888 616 870 616 c 9
 381 616 l 25
 381 666 l 25
54 90 m 25
 100 95 125 97 171 102 c 24
 253 110 299 115 381 123 c 25
 342 96 324 76 282 54 c 24
 227 25 192 17 135 -6 c 24
 123 -11 113 -28 105 -18 c 24
 75 18 74 48 54 90 c 25
75 387 m 25
 273 387 l 25
 273 387 296 423 321 432 c 1
 347 428 335 399 366 366 c 1
 374 348 357 337 339 337 c 9
 75 337 l 25
 75 387 l 25
171 627 m 1
 261 627 l 1
 261 51 l 1
 171 51 l 1
 171 627 l 1
54 651 m 25
 273 651 l 25
 273 651 296 687 321 696 c 1
 347 692 335 663 366 630 c 1
 374 612 357 601 339 601 c 9
 54 601 l 25
 54 651 l 25
EndSplineSet
EndChar
