Width: 1000
Flags: H
TeX: 117 0
LayerCount: 2
Fore
SplineSet
377 -70 m 25
 826 -70 l 25
 826 -70 864 -10 889 -1 c 1
 915 -5 957 -58 988 -91 c 1
 996 -109 979 -120 961 -120 c 9
 377 -120 l 25
 377 -70 l 25
448 121 m 25
 814 121 l 25
 814 121 836 152 860 161 c 1
 879 154 903 126 922 100 c 1
 930 82 914 71 896 71 c 9
 448 71 l 25
 448 121 l 25
628 690 m 25
 718 690 l 25
 718 -99 l 25
 628 -99 l 25
 628 690 l 25
484 306 m 25
 862 306 l 25
 862 256 l 25
 484 256 l 25
 484 306 l 25
484 505 m 25
 865 505 l 25
 865 455 l 25
 484 455 l 25
 484 505 l 25
484 720 m 25
 808 720 l 25
 824 733 830 758 850 753 c 24
 885 743 902 722 919 690 c 24
 926 677 906 672 898 660 c 25
 898 276 l 17
 890 247 884 225 853 222 c 1
 829 224 818 248 808 276 c 9
 808 670 l 25
 484 670 l 25
 484 720 l 25
439 745 m 25
 482 725 518 729 550 694 c 24
 564 679 537 665 529 646 c 25
 529 276 l 17
 521 247 515 225 484 222 c 1
 460 224 449 248 439 276 c 9
 439 745 l 25
13 74 m 25
 49 79 70 83 106 87 c 24
 181 96 223 98 298 109 c 24
 367 118 405 125 474 137 c 25
 416 106 386 81 325 55 c 24
 235 17 180 5 88 -29 c 24
 78 -33 70 -50 64 -42 c 24
 35 -2 33 29 13 74 c 25
165 631 m 25
 255 631 l 25
 255 74 l 25
 165 74 l 25
 165 631 l 25
28 381 m 25
 304 381 l 25
 304 381 326 412 350 421 c 1
 369 414 393 386 412 360 c 1
 420 342 404 331 386 331 c 9
 28 331 l 25
 28 381 l 25
22 656 m 25
 307 656 l 25
 307 656 329 687 353 696 c 1
 372 689 396 661 415 635 c 1
 423 617 407 606 389 606 c 9
 22 606 l 25
 22 656 l 25
EndSplineSet
EndChar
