Width: 1000
Flags: HW
LayerCount: 2
Fore
SplineSet
165 633 m 1
 255 633 l 1
 255 36 l 1
 165 36 l 1
 165 633 l 1
102 -39 m 24
 88.8516 -42.8281 76.3524 -62.5538 69 -51 c 24
 44.9248 -13.168 50.7002 16.71 39 60 c 25
 104.52 63.5098 141.442 66.291 207 69 c 24
 283.021 72.1416 325.95 72.6602 402 75 c 25
 364.56 52.7695 346.702 33.4668 306 18 c 24
 228.78 -11.3438 181.315 -15.9084 102 -39 c 24
57 390 m 25
 291 390 l 25
 291 390 314 426 339 435 c 1
 365 431 353 402 384 369 c 1
 392 351 375 340 357 340 c 9
 57 340 l 25
 57 390 l 25
54 651 m 25
 309 651 l 25
 309 651 332 687 357 696 c 1
 383 692 371 663 402 630 c 1
 410 612 393 601 375 601 c 9
 54 601 l 25
 54 651 l 25
702 21 m 25
 758.16 5.79004 792.073 3.84375 846 -18 c 24
 885.429 -33.9707 909.743 -44.118 939 -75 c 24
 954.809 -91.6875 970.917 -116.436 954 -132 c 24
 927.94 -155.975 897.533 -155.377 864 -144 c 24
 825.539 -130.951 814.454 -103.981 786 -75 c 24
 751.146 -39.501 734.76 -16.4404 702 21 c 25
555 21 m 25
 585.42 -9.41992 613.761 -18.5215 633 -57 c 24
 639.102 -69.2041 615.729 -70.085 603 -75 c 24
 536.725 -100.592 500.161 -118.751 431 -135 c 24
 369.871 -149.361 333.4 -145.98 271 -153 c 25
 339.64 -115.56 380.331 -97.8465 447 -57 c 24
 491.303 -29.8564 512.88 -9.41992 555 21 c 25
485 77 m 25
 799 77 l 25
 799 27 l 25
 485 27 l 25
 485 77 l 25
483 228 m 25
 832 228 l 25
 832 178 l 25
 483 178 l 25
 483 228 l 25
492 368 m 25
 809 368 l 25
 809 318 l 25
 492 318 l 25
 492 368 l 25
498 495 m 25
 760 495 l 25
 776.38 507.87 781.891 533.435 802 528 c 24
 837.178 518.492 854.287 497.381 871 465 c 24
 877.55 452.309 858.19 446.7 850 435 c 25
 850 54 l 17
 842 25 836 3 805 0 c 1
 781 2 770 26 760 54 c 9
 760 445 l 25
 498 445 l 25
 498 495 l 25
453 534 m 25
 496.29 514.11 531.953 518.251 564 483 c 24
 577.745 467.881 551.19 453.72 543 435 c 25
 543 39 l 17
 535 10 529 -12 498 -15 c 1
 474 -13 463 11 453 39 c 9
 453 534 l 25
751 663 m 25
 810.28 648.96 849.16 655.504 903 627 c 24
 939.676 607.584 959.418 585.545 972 546 c 24
 978.824 524.554 966.194 502.569 945 495 c 24
 922.689 487.032 905.858 500.432 888 516 c 24
 858.367 541.834 854.803 568.241 828 597 c 24
 801.034 625.935 781.03 637.26 751 663 c 25
468 702 m 25
 507 682.11 537.433 682.341 568 651 c 24
 577.972 640.775 556.021 632.071 547 621 c 24
 521.669 589.912 510.41 569.142 480 543 c 24
 443.089 511.27 416.56 500.91 376 474 c 25
 402.91 525.48 423.264 552.131 445 606 c 24
 459.406 641.702 459.03 664.56 468 702 c 25
609 483 m 25
 609 786 l 25
 652 766 688 770 720 735 c 24
 734 720 707 706 699 687 c 25
 699 483 l 25
 609 483 l 25
EndSplineSet
EndChar
