Width: 1000
Flags: H
TeX: 117 0
LayerCount: 2
Fore
SplineSet
531 -66 m 24
 558 -12 573 19 600 73 c 25
 258 73 l 25
 258 123 l 25
 609 123 l 25
 628 128 640 144 657 135 c 24
 686 121 698 102 711 72 c 24
 716 61 702 56 696 45 c 25
 673 3 662 -22 636 -63 c 24
 617 -93 606 -109 582 -135 c 24
 566 -152 557 -171 534 -171 c 24
 513 -171 496 -156 495 -135 c 24
 494 -105 517 -93 531 -66 c 24
345 252 m 25
 564 252 l 25
 564 252 587 288 612 297 c 1
 638 293 626 264 657 231 c 1
 665 213 648 202 630 202 c 9
 345 202 l 25
 345 252 l 25
483 405 m 25
 519 387 540 379 576 360 c 24
 633 330 663 308 720 279 c 24
 766 256 792 242 840 225 c 24
 883 210 910 209 954 198 c 25
 932 179 920 168 897 150 c 24
 876 134 867 107 840 111 c 24
 793 118 774 147 735 174 c 24
 690 205 668 226 624 258 c 24
 560 305 523 331 459 378 c 25
 483 405 l 25
444 447 m 25
 471 429 501 432 513 402 c 24
 521 383 491 378 477 363 c 25
 462 345 454 334 438 318 c 24
 402 282 382 260 342 228 c 24
 310 203 290 191 255 171 c 24
 209 144 185 126 135 108 c 24
 96 93 71 95 30 87 c 25
 80 117 112 129 159 165 c 24
 232 221 271 256 336 321 c 24
 382 367 402 398 444 447 c 25
657 690 m 1
 747 690 l 1
 747 423 l 1
 657 423 l 1
 657 690 l 1
492 441 m 25
 867 441 l 25
 867 441 890 477 915 486 c 1
 941 482 929 453 960 420 c 1
 968 402 951 391 933 391 c 9
 492 391 l 25
 492 441 l 25
504 582 m 25
 816 582 l 25
 816 582 839 618 864 627 c 1
 890 623 878 594 909 561 c 1
 917 543 900 532 882 532 c 9
 504 532 l 25
 504 582 l 25
87 582 m 25
 363 582 l 25
 363 582 386 618 411 627 c 1
 437 623 425 594 456 561 c 1
 464 543 447 532 429 532 c 9
 87 532 l 25
 87 582 l 25
222 684 m 1
 312 684 l 1
 312 426 l 1
 222 426 l 1
 222 684 l 1
66 444 m 25
 162 450 216 453 312 459 c 24
 372 463 405 464 465 468 c 25
 418 452 392 441 345 426 c 24
 272 403 229 393 156 369 c 24
 138 363 126 336 111 348 c 24
 79 374 84 407 66 444 c 25
495 708 m 25
 834 708 l 25
 834 708 857 744 882 753 c 1
 908 749 896 720 927 687 c 1
 935 669 918 658 900 658 c 9
 495 658 l 25
 495 708 l 25
57 702 m 25
 387 702 l 25
 387 702 410 738 435 747 c 1
 461 743 449 714 480 681 c 1
 488 663 471 652 453 652 c 9
 57 652 l 25
 57 702 l 25
EndSplineSet
EndChar
