Width: 1000
Flags: H
TeX: 117 0
LayerCount: 2
Fore
SplineSet
528 174 m 25
 576 149 608 143 651 111 c 24
 699 75 732 54 759 0 c 24
 770 -23 759 -52 735 -60 c 24
 710 -69 694 -48 675 -30 c 24
 645 -3 635 19 612 51 c 24
 578 98 561 126 528 174 c 25
714 216 m 25
 744 202 769 204 792 180 c 24
 801 171 784 161 777 150 c 24
 752 113 738 91 708 57 c 24
 682 28 669 8 636 -12 c 24
 592 -39 561 -43 513 -63 c 25
 561 -6 592 23 636 84 c 24
 671 133 684 165 714 216 c 25
468 -104 m 1
 852 -104 l 1
 852 -154 l 1
 468 -154 l 1
 468 -104 l 1
894 261 m 25
 894 -138 l 17
 886 -167 880 -189 849 -192 c 1
 825 -190 814 -166 804 -138 c 9
 804 261 l 25
 894 261 l 25
504 261 m 25
 504 -135 l 17
 496 -164 490 -186 459 -189 c 1
 435 -187 424 -163 414 -135 c 9
 414 261 l 25
 504 261 l 25
345 282 m 25
 813 282 l 25
 842 310 851 342 876 351 c 1
 902 347 944 294 975 261 c 1
 983 243 966 232 948 232 c 9
 345 232 l 25
 345 282 l 25
606 264 m 25
 606 426 l 25
 649 406 685 410 717 375 c 24
 731 360 704 346 696 327 c 25
 696 264 l 25
 606 264 l 25
870 765 m 25
 902 740 929 736 951 702 c 24
 958 691 933 691 924 681 c 24
 890 641 875 615 843 573 c 25
 865 548 882 538 900 510 c 24
 919 481 942 463 936 429 c 24
 932 407 903 399 882 408 c 24
 848 423 841 450 819 480 c 24
 795 512 786 533 765 567 c 25
 785 603 797 623 816 660 c 24
 838 701 849 724 870 765 c 25
687 771 m 25
 719 748 749 745 768 711 c 24
 777 696 751 689 741 675 c 24
 714 639 699 618 672 582 c 25
 701 550 726 539 747 501 c 24
 759 478 764 458 753 435 c 24
 744 417 724 406 705 414 c 24
 675 427 669 452 651 480 c 24
 627 516 618 539 597 576 c 25
 618 624 629 651 651 699 c 24
 664 728 673 743 687 771 c 25
486 768 m 25
 522 752 549 752 579 726 c 24
 588 719 573 709 567 699 c 24
 542 654 527 629 501 585 c 25
 517 557 529 543 543 513 c 24
 555 486 574 470 567 441 c 24
 560 414 538 385 513 396 c 24
 474 413 475 451 456 489 c 24
 441 518 438 537 426 567 c 25
 439 606 447 627 459 666 c 24
 471 705 475 728 486 768 c 25
189 564 m 1
 279 564 l 1
 279 36 l 1
 189 36 l 1
 189 564 l 1
57 42 m 25
 118 49 152 52 213 60 c 24
 291 70 336 76 414 87 c 25
 365 59 339 40 288 15 c 24
 231 -13 197 -25 138 -48 c 24
 121 -55 105 -74 93 -60 c 24
 65 -29 71 2 57 42 c 25
69 357 m 25
 339 357 l 25
 339 357 362 393 387 402 c 1
 413 398 401 369 432 336 c 1
 440 318 423 307 405 307 c 9
 69 307 l 25
 69 357 l 25
72 588 m 25
 324 588 l 25
 324 588 347 624 372 633 c 1
 398 629 386 600 417 567 c 1
 425 549 408 538 390 538 c 9
 72 538 l 25
 72 588 l 25
EndSplineSet
EndChar
