Width: 1000
Flags: H
TeX: 117 0
LayerCount: 2
Fore
SplineSet
810 135 m 25
 801 75 l 25
 743.67 45.75 710.604 30.6326 654 0 c 24
 611.115 -23.208 588.03 -38.2763 546 -63 c 24
 528.359 -73.377 519.306 -99.1529 501 -90 c 24
 467.301 -73.1504 466.23 -42.4199 444 -12 c 25
 810 135 l 25
636 336 m 25
 672 306 706 299 729 258 c 24
 746 228 746 200 732 168 c 24
 724 150 704 146 684 150 c 24
 669 153 668 168 663 183 c 24
 656 207 658 222 654 246 c 24
 648 281 643 301 636 336 c 25
753 -45 m 1
 753 430 l 25
 588 430 l 25
 588 480 l 25
 753 480 l 25
 769.38 492.87 774.891 518.435 795 513 c 24
 830.178 503.492 847.287 482.381 864 450 c 24
 870.55 437.309 851.19 431.7 843 420 c 25
 843 51 l 25
 843 51 847 14 867 0 c 1
 912 0 l 25
 921.36 24.5703 927.954 37.9687 936 63 c 24
 949.032 103.546 954.3 127.05 966 168 c 25
 963.66 102.48 954.629 65.3418 960 0 c 24
 961.801 -21.9082 987.614 -29.3164 984 -51 c 24
 980.464 -72.2178 960.21 -74.79 945 -90 c 25
 792 -90 l 17
 784.001 -73.7883 763.841 -76.8172 753 -45 c 1
507 -15 m 9
 516.36 65.7305 524.211 111.014 531 192 c 24
 540.597 306.473 544.774 371.203 549 486 c 24
 551.798 561.998 549 604.95 549 681 c 25
 627 681 l 25
 624.66 604.95 624.19 562.02 621 486 c 24
 617.169 394.7 617.175 343.014 609 252 c 24
 599.613 147.498 588.87 89.1299 576 -15 c 17
 507 -15 l 9
453 717 m 25
 864 717 l 25
 864 717 887 753 912 762 c 1
 938 758 926 729 957 696 c 1
 965 678 948 667 930 667 c 9
 453 667 l 25
 453 717 l 25
405 537 m 25
 405 -87 l 17
 397 -116 391 -138 360 -141 c 1
 336 -139 325 -115 315 -87 c 9
 315 537 l 25
 405 537 l 25
165 141 m 25
 165 546 l 25
 255 546 l 25
 255 138 l 25
 244 89 250 57 228 12 c 24
 205 -35 185 -60 144 -93 c 24
 106 -124 74 -126 30 -147 c 25
 60 -110 83 -92 108 -51 c 24
 129 -15 135 8 147 48 c 24
 158 83 158 105 165 141 c 25
48 318 m 25
 402 318 l 25
 402 318 425 354 450 363 c 1
 476 359 464 330 495 297 c 1
 503 279 486 268 468 268 c 9
 48 268 l 25
 48 318 l 25
42 564 m 25
 396 564 l 25
 396 564 419 600 444 609 c 1
 470 605 458 576 489 543 c 1
 497 525 480 514 462 514 c 9
 42 514 l 25
 42 564 l 25
339 789 m 25
 376.44 769.11 406.152 769.067 435 738 c 24
 444.976 727.257 423.642 718.069 417 705 c 24
 387.368 646.692 379.64 608.489 342 555 c 24
 332.842 541.985 318.21 547.68 303 543 c 25
 311.19 579.27 318.616 599.209 324 636 c 24
 332.682 695.324 333.15 729.33 339 789 c 25
84 759 m 25
 120.27 749.64 146.444 756.667 177 735 c 24
 214.417 708.468 236.772 686.209 249 642 c 24
 255.056 620.104 238.039 599.51 216 594 c 24
 194.167 588.542 179.192 603.533 165 621 c 24
 146.778 643.428 152.628 665.079 138 690 c 24
 120.702 719.47 105.06 732.09 84 759 c 25
EndSplineSet
EndChar
