Width: 1000
Flags: H
TeX: 117 0
LayerCount: 2
Fore
SplineSet
387 360 m 25
 440.82 341.28 476.325 341.628 525 312 c 24
 559.692 290.883 580.688 272.371 594 234 c 24
 603.115 207.726 596.079 184.242 576 165 c 24
 560.795 150.429 539.253 152.923 522 165 c 24
 498.817 181.229 499.743 203.263 486 228 c 24
 470.491 255.916 466.161 274.452 447 300 c 24
 427.145 326.474 410.4 336.6 387 360 c 25
651 57 m 25
 651 24 l 25
 573.78 4.11035 529.908 -5.93594 453 -27 c 24
 346.203 -56.25 286.005 -72.9985 180 -105 c 24
 161.904 -110.463 149.226 -135.447 135 -123 c 24
 92.7168 -86.002 89.25 -47.9697 60 0 c 25
 146.58 5.84961 195.623 6.66923 282 15 c 24
 426.17 28.9043 507.09 40.6201 651 57 c 25
600 -96 m 9
 600 442 l 25
 348 442 l 25
 348 492 l 25
 600 492 l 25
 616.38 504.87 621.891 530.435 642 525 c 24
 677.178 515.492 694.287 494.381 711 462 c 24
 717.55 449.309 698.19 443.7 690 432 c 25
 690 0 l 17
 695.897 -28.6309 708.181 -40.2031 723 -45 c 9
 837 -45 l 25
 848.7 -19.2598 856.206 -5.1328 867 21 c 24
 878.449 48.7178 883.47 64.9199 894 93 c 25
 904.53 46.2002 906.321 18.6691 921 -27 c 24
 927.572 -47.4482 950.51 -53.6689 948 -75 c 24
 944.965 -100.8 924.21 -107.94 909 -129 c 25
 630 -129 l 17
 615.114 -121.184 602.739 -111.732 600 -96 c 9
327 657 m 25
 426 657 l 25
 408.45 532.98 397.012 463.228 381 339 c 24
 363.079 199.96 355.38 121.23 339 -18 c 25
 255 -18 l 25
 272.55 128.25 284.377 210.531 300 357 c 24
 312.46 473.811 327 540 327 657 c 25
111 687 m 25
 753 687 l 25
 782 715 791 747 816 756 c 1
 842 752 884 699 915 666 c 1
 923 648 906 637 888 637 c 9
 111 637 l 25
 111 687 l 25
EndSplineSet
EndChar
