Width: 1000
Flags: HW
LayerCount: 2
Fore
SplineSet
144 636 m 1
 234 636 l 1
 234 15 l 1
 144 15 l 1
 144 636 l 1
18 45 m 25
 88 54 128 60 198 69 c 24
 267 78 306 82 375 90 c 25
 341 64 325 45 288 24 c 24
 225 -12 186 -26 120 -57 c 24
 105 -64 93 -84 81 -72 c 24
 44 -35 43 -1 18 45 c 25
27 381 m 25
 273 381 l 25
 273 381 296 417 321 426 c 1
 347 422 335 393 366 360 c 1
 374 342 357 331 339 331 c 9
 27 331 l 25
 27 381 l 25
36 678 m 25
 264 678 l 25
 264 678 287 714 312 723 c 1
 338 719 326 690 357 657 c 1
 365 639 348 628 330 628 c 9
 36 628 l 25
 36 678 l 25
423 597 m 25
 423 756 l 25
 466 736 502 740 534 705 c 24
 548 690 521 676 513 657 c 25
 513 597 l 25
 423 597 l 25
681 431 m 1
 885 431 l 1
 885 381 l 1
 681 381 l 1
 681 431 l 1
687 90 m 25
 825 90 l 25
 825 90 848 126 873 135 c 1
 899 131 887 102 918 69 c 1
 926 51 909 40 891 40 c 9
 687 40 l 25
 687 90 l 25
684 201 m 25
 828 201 l 25
 828 201 851 237 876 246 c 1
 902 242 890 213 921 180 c 1
 929 162 912 151 894 151 c 9
 684 151 l 25
 684 201 l 25
687 303 m 25
 813 303 l 25
 813 303 836 339 861 348 c 1
 887 344 875 315 906 282 c 1
 914 264 897 253 879 253 c 9
 687 253 l 25
 687 303 l 25
666 -90 m 9
 666 456 l 25
 709 436 745 440 777 405 c 24
 791 390 764 376 756 357 c 25
 756 -15 l 17
 757 -30 762 -51 777 -42 c 9
 864 -42 l 25
 880 -26 892 -18 906 0 c 24
 926 26 933 44 951 72 c 25
 949 26 942 1 945 -45 c 24
 946 -63 970 -71 963 -87 c 24
 952 -110 936 -117 909 -123 c 9
 696 -123 l 17
 683 -115 672 -115 666 -90 c 9
690 555 m 25
 831 555 l 25
 847.38 567.87 852.891 593.435 873 588 c 24
 908.178 578.492 925.287 557.381 942 525 c 24
 948.55 512.309 929.19 506.7 921 495 c 25
 921 420 l 17
 913 391 907 369 876 366 c 1
 852 368 841 392 831 420 c 9
 831 505 l 25
 690 505 l 25
 690 555 l 25
693 687 m 25
 840 687 l 25
 840 687 863 723 888 732 c 1
 914 728 902 699 933 666 c 1
 941 648 924 637 906 637 c 9
 693 637 l 25
 693 687 l 25
663 759 m 25
 706.29 739.11 741.953 743.251 774 708 c 24
 787.745 692.881 761.19 678.72 753 660 c 25
 753 543 l 17
 745 514 739 492 708 489 c 1
 684 491 673 515 663 543 c 9
 663 759 l 25
405 103 m 1
 564 103 l 1
 564 53 l 1
 405 53 l 1
 405 103 l 1
402 231 m 1
 567 231 l 1
 567 181 l 1
 402 181 l 1
 402 231 l 1
507 -57 m 25
 507 313 l 25
 396 313 l 25
 396 363 l 25
 507 363 l 25
 523.38 375.87 528.891 401.435 549 396 c 24
 584.178 386.492 601.287 365.381 618 333 c 24
 624.55 320.309 605.19 314.7 597 303 c 25
 597 -108 l 25
 579.45 -119.7 573.078 -138.781 552 -138 c 24
 532.967 -137.295 530.915 -116.844 516 -105 c 24
 491.075 -85.207 475.74 -75.7197 450 -57 c 25
 507 -57 l 25
342 390 m 25
 385.29 370.11 420.953 374.251 453 339 c 24
 466.745 323.881 440.19 309.72 432 291 c 25
 432 -93 l 17
 424 -122 418 -144 387 -147 c 1
 363 -145 352 -121 342 -93 c 9
 342 390 l 25
495 588 m 1
 573 588 l 1
 546 447 l 1
 483 447 l 1
 495 588 l 1
357 594 m 1
 417 594 l 1
 447 546 449 500 432 444 c 1
 375 444 l 1
 357 594 l 1
309 471 m 25
 579 471 l 25
 579 471 602 507 627 516 c 1
 653 512 641 483 672 450 c 1
 680 432 663 421 645 421 c 9
 309 421 l 25
 309 471 l 25
321 618 m 25
 546 618 l 25
 546 618 569 654 594 663 c 1
 620 659 608 630 639 597 c 1
 647 579 630 568 612 568 c 9
 321 568 l 25
 321 618 l 25
EndSplineSet
EndChar
