Width: 1000
Flags: H
TeX: 117 0
LayerCount: 2
Fore
SplineSet
456 -41 m 1
 876 -41 l 1
 876 -91 l 1
 456 -91 l 1
 456 -41 l 1
456 137 m 1
 876 137 l 1
 876 87 l 1
 456 87 l 1
 456 137 l 1
453 297 m 25
 813 297 l 25
 829 310 835 335 855 330 c 24
 890 320 907 299 924 267 c 24
 931 254 911 249 903 237 c 25
 903 -96 l 17
 895 -125 889 -147 858 -150 c 1
 834 -148 823 -124 813 -96 c 9
 813 247 l 25
 453 247 l 25
 453 297 l 25
420 321 m 25
 420 321 499 305 531 270 c 24
 545 255 518 241 510 222 c 25
 510 -90 l 17
 502 -119 496 -141 465 -144 c 1
 441 -142 430 -118 420 -90 c 9
 420 321 l 25
477 435 m 1
 816 435 l 1
 816 385 l 1
 477 385 l 1
 477 435 l 1
489 588 m 1
 828 588 l 1
 828 538 l 1
 489 538 l 1
 489 588 l 1
477 732 m 25
 759 732 l 25
 775 745 781 770 801 765 c 24
 836 755 853 734 870 702 c 24
 877 689 857 684 849 672 c 25
 849 417 l 17
 841 388 835 366 804 363 c 1
 780 365 769 389 759 417 c 9
 759 682 l 25
 477 682 l 25
 477 732 l 25
456 753 m 25
 456 753 535 737 567 702 c 24
 581 687 554 673 546 654 c 25
 546 423 l 17
 538 394 532 372 501 369 c 1
 477 371 466 395 456 423 c 9
 456 753 l 25
287 463 m 25
 287 463 339 428 366 403 c 0
 395 376 417 357 424 318 c 24
 429 293 418 265 393 261 c 24
 366 256 350 279 336 303 c 0
 323 326 322 341 309 363 c 24
 300 378 279 396 279 396 c 25
 287 463 l 25
257 401 m 25
 257 401 237 352 218 324 c 24
 190 283 175 259 138 225 c 24
 109 198 83 181 51 171 c 1
 87 217 101 246 129 297 c 24
 154 343 166 371 186 420 c 24
 207 474 234 561 234 561 c 25
 255 564 l 25
 257 401 l 25
66 588 m 25
 348 588 l 25
 348 588 370 619 394 628 c 1
 413 621 437 593 456 567 c 1
 464 549 448 538 430 538 c 9
 66 538 l 25
 66 588 l 25
219 783 m 25
 219 783 298 767 330 732 c 24
 344 717 317 703 309 684 c 25
 309 -81 l 17
 301 -110 295 -132 264 -135 c 1
 240 -133 229 -109 219 -81 c 9
 219 783 l 25
EndSplineSet
EndChar
