Width: 1000
Flags: HW
LayerCount: 2
Fore
SplineSet
279 303 m 24
 257 326 246 340 225 363 c 25
 225 432 l 25
 266 414 296 416 330 387 c 24
 357 364 370 342 372 306 c 24
 374 279 366 247 339 246 c 24
 307 245 302 280 279 303 c 24
171 498 m 25
 195 522 l 25
 195 327 l 25
 173 268 166 233 138 177 c 24
 122 145 108 129 84 102 c 24
 54 70 33 56 0 27 c 25
 25 78 41 106 63 159 c 24
 91 227 107 266 129 336 c 24
 149 398 155 435 171 498 c 25
165 783 m 25
 208 763 244 767 276 732 c 24
 290 717 263 703 255 684 c 25
 255 -126 l 17
 247 -155 241 -177 210 -180 c 1
 186 -178 175 -154 165 -126 c 9
 165 783 l 25
21 555 m 25
 330 555 l 25
 330 555 353 591 378 600 c 1
 404 596 392 567 423 534 c 1
 431 516 414 505 396 505 c 9
 21 505 l 25
 21 555 l 25
660 546 m 25
 750 546 l 25
 750 -48 l 25
 660 -48 l 25
 660 546 l 25
487 369 m 25
 855 369 l 25
 855 369 878 405 903 414 c 1
 929 410 917 381 948 348 c 1
 956 330 939 319 921 319 c 9
 487 319 l 25
 487 369 l 25
498 168 m 25
 867 168 l 25
 867 168 890 204 915 213 c 1
 941 209 929 180 960 147 c 1
 968 129 951 118 933 118 c 9
 498 118 l 25
 498 168 l 25
501 -24 m 25
 885 -24 l 25
 885 -24 908 12 933 21 c 1
 959 17 947 -12 978 -45 c 1
 986 -63 969 -74 951 -74 c 9
 501 -74 l 25
 501 -24 l 25
522 552 m 25
 522 -99 l 17
 514 -128 508 -150 477 -153 c 1
 453 -151 442 -127 432 -99 c 9
 432 462 l 25
 522 552 l 25
498 567 m 25
 885 567 l 25
 885 567 908 603 933 612 c 1
 959 608 947 579 978 546 c 1
 986 528 969 517 951 517 c 9
 498 517 l 25
 498 567 l 25
732 780 m 25
 766 759 791 754 819 726 c 24
 826 719 812 713 807 705 c 24
 768 643 745 608 705 546 c 25
 657 546 l 25
 668 576 674 593 684 624 c 24
 703 685 713 719 732 780 c 25
501 783 m 25
 541 753 572 744 603 705 c 24
 611 695 590 689 585 678 c 24
 552 606 540 563 504 492 c 24
 489 463 479 446 456 423 c 24
 427 393 405 383 372 357 c 25
 387 397 397 419 411 459 c 24
 430 514 441 544 456 600 c 24
 476 671 483 712 501 783 c 25
EndSplineSet
EndChar
