Width: 1000
Flags: H
TeX: 117 0
LayerCount: 2
Fore
SplineSet
660 207 m 25
 660 -105 l 17
 652 -134 646 -156 615 -159 c 1
 591 -157 580 -133 570 -105 c 9
 570 207 l 25
 660 207 l 25
495 93 m 25
 699 93 l 25
 699 93 722 129 747 138 c 1
 773 134 761 105 792 72 c 1
 800 54 783 43 765 43 c 9
 495 43 l 25
 495 93 l 25
480 233 m 25
 693 233 l 25
 693 233 716 269 741 278 c 1
 767 274 755 245 786 212 c 1
 794 194 777 183 759 183 c 9
 480 183 l 25
 480 233 l 25
660 432 m 25
 696.27 419.13 725.786 426.214 753 399 c 24
 765.602 386.398 742.521 373.156 735 357 c 24
 710.926 305.286 696.57 276.48 672 225 c 25
 639 225 l 25
 646.02 267.12 652.69 290.517 657 333 c 24
 660.898 371.431 658.83 393.39 660 432 c 25
513 423 m 25
 549 398 586 399 606 360 c 24
 629 316 630 280 612 234 c 24
 604 214 570 220 558 237 c 24
 535 269 549 298 540 336 c 24
 532 371 524 389 513 423 c 25
798 -66 m 25
 798 400 l 25
 387 400 l 25
 387 450 l 25
 798 450 l 25
 814.38 462.87 819.891 488.435 840 483 c 24
 875.178 473.492 892.287 452.381 909 420 c 24
 915.55 407.309 896.19 401.7 888 390 c 25
 888 -117 l 25
 857.58 -142.74 849.386 -189.059 810 -183 c 24
 774.301 -177.508 795.124 -125.881 771 -99 c 24
 751.778 -77.582 730.74 -78.8701 705 -66 c 25
 798 -66 l 25
369 486 m 25
 412.29 466.11 447.953 470.251 480 435 c 24
 493.745 419.881 467.19 405.72 459 387 c 25
 459 -141 l 17
 451 -170 445 -192 414 -195 c 1
 390 -193 379 -169 369 -141 c 9
 369 486 l 25
573 441 m 25
 573 780 l 25
 616 760 652 764 684 729 c 24
 698 714 671 700 663 681 c 25
 663 441 l 25
 573 441 l 25
360 612 m 25
 804 612 l 25
 833 640 842 672 867 681 c 1
 893 677 935 624 966 591 c 1
 974 573 957 562 939 562 c 9
 360 562 l 25
 360 612 l 25
243 387 m 25
 276 371 303 373 327 345 c 24
 358 308 383 279 375 231 c 24
 371 204 331 201 306 213 c 24
 282 224 294 253 282 276 c 24
 269 301 258 313 243 336 c 25
 243 387 l 25
210 321 m 25
 189 266 184 232 156 180 c 24
 138 147 123 130 93 108 c 24
 61 84 36 81 0 63 c 25
 40 131 70 165 102 237 c 24
 134 308 142 351 162 426 c 24
 171 458 171 477 177 510 c 25
 210 510 l 25
 210 321 l 25
0 540 m 25
 279 540 l 25
 279 540 302 576 327 585 c 1
 353 581 341 552 372 519 c 1
 380 501 363 490 345 490 c 9
 0 490 l 25
 0 540 l 25
177 762 m 25
 220 742 256 746 288 711 c 24
 302 696 275 682 267 663 c 25
 267 -141 l 17
 259 -170 253 -192 222 -195 c 1
 198 -193 187 -169 177 -141 c 9
 177 762 l 25
EndSplineSet
EndChar
