Width: 1000
Flags: H
TeX: 117 0
LayerCount: 2
Fore
SplineSet
525 132 m 25
 570 162 l 25
 570 162 604 106 636 81 c 24
 698 33 736 8 807 -24 c 24
 873 -53 984 -75 984 -75 c 25
 984 -75 947 -100 927 -120 c 24
 911 -136 916 -164 894 -168 c 24
 863 -174 846 -155 819 -141 c 24
 782 -121 762 -107 729 -81 c 24
 678 -40 648 -17 603 30 c 24
 568 66 525 132 525 132 c 25
762 136 m 25
 555 136 l 25
 555 186 l 25
 774 186 l 25
 789 195 797 218 813 210 c 24
 851 192 879 173 888 132 c 24
 894 105 859 101 840 81 c 25
 790 38 765 9 711 -30 c 24
 666 -63 639 -79 588 -102 c 24
 536 -126 505 -136 450 -150 c 24
 401 -162 384 -165 321 -168 c 9
 396 -128 440 -109 513 -66 c 24
 580 -26 618 -4 678 45 c 24
 716 75 762 136 762 136 c 25
573 258 m 25
 573 258 638 237 666 207 c 24
 675 197 648 195 639 186 c 24
 602 149 590 130 548 89 c 0
 507 47 478 28 426 0 c 24
 388 -21 372 -27 321 -36 c 1
 399 42 434 78 501 156 c 24
 533 193 573 258 573 258 c 25
480 291 m 1
 816 291 l 1
 816 241 l 1
 480 241 l 1
 480 291 l 1
489 391 m 1
 825 391 l 1
 825 341 l 1
 489 341 l 1
 489 391 l 1
501 495 m 1
 828 495 l 1
 828 445 l 1
 501 445 l 1
 501 495 l 1
486 588 m 25
 780 588 l 25
 796 601 802 626 822 621 c 24
 857 611 874 590 891 558 c 24
 898 545 878 540 870 528 c 25
 870 276 l 17
 862 247 856 225 825 222 c 1
 801 224 790 248 780 276 c 9
 780 538 l 25
 486 538 l 25
 486 588 l 25
444 612 m 25
 444 612 523 596 555 561 c 24
 569 546 542 532 534 513 c 25
 534 249 l 17
 526 220 520 198 489 195 c 1
 465 197 454 221 444 249 c 9
 444 612 l 25
597 669 m 25
 687 669 l 25
 651 543 l 25
 576 543 l 25
 597 669 l 25
372 705 m 25
 777 705 l 25
 806 733 815 765 840 774 c 1
 866 770 908 717 939 684 c 1
 947 666 930 655 912 655 c 9
 372 655 l 25
 372 705 l 25
246 432 m 25
 246 432 313 408 345 378 c 24
 377 348 394 325 405 282 c 24
 411 260 404 238 384 228 c 24
 366 219 351 232 336 246 c 24
 310 270 307 293 285 321 c 24
 263 349 222 387 222 387 c 25
 246 432 l 25
231 332 m 25
 231 332 202 261 171 224 c 24
 136 182 110 163 66 131 c 24
 43 114 42 114 0 101 c 9
 55 194 91 244 141 339 c 24
 168 390 198 476 198 476 c 25
 231 332 l 25
39 522 m 25
 312 522 l 25
 312 522 334 553 358 562 c 1
 377 555 401 527 420 501 c 1
 428 483 412 472 394 472 c 9
 39 472 l 25
 39 522 l 25
180 756 m 25
 180 756 259 740 291 705 c 24
 305 690 278 676 270 657 c 25
 270 -138 l 17
 262 -167 256 -189 225 -192 c 1
 201 -190 190 -166 180 -138 c 9
 180 756 l 25
EndSplineSet
EndChar
