Width: 1000
Flags: H
TeX: 117 0
LayerCount: 2
Fore
SplineSet
441 -3 m 25
 456 39 l 25
 531 30 575 33 648 15 c 24
 722 -3 763 -20 831 -54 c 24
 861 -69 883 -80 897 -111 c 24
 907 -134 906 -161 885 -174 c 24
 862 -189 840 -174 816 -162 c 24
 787 -148 779 -127 753 -108 c 24
 720 -84 702 -67 663 -54 c 24
 579 -26 528 -23 441 -3 c 25
258 -174 m 9
 354 -140 414 -135 504 -87 c 24
 569 -53 600 -22 648 33 c 24
 682 71 686 103 711 147 c 25
 822 147 l 25
 790 99 777 69 741 24 c 24
 710 -16 692 -39 651 -69 c 24
 599 -107 569 -132 507 -150 c 16
 420 -175 370 -180 258 -174 c 9
318 177 m 25
 768 177 l 25
 797 205 806 237 831 246 c 1
 857 242 899 189 930 156 c 1
 938 138 921 127 903 127 c 9
 318 127 l 25
 318 177 l 25
504 303 m 25
 543 287 573 290 603 261 c 24
 614 250 592 239 585 225 c 25
 567 185 559 162 540 123 c 24
 513 66 505 30 468 -21 c 24
 451 -44 434 -60 405 -60 c 24
 387 -60 377 -38 381 -21 c 24
 397 45 429 74 453 138 c 24
 477 201 484 239 504 303 c 25
615 513 m 25
 690 513 l 25
 717 491 730 475 759 456 c 24
 793 433 814 422 852 405 c 24
 886 390 907 387 942 375 c 25
 917 357 903 348 879 330 c 24
 862 317 858 291 837 294 c 24
 803 298 790 321 765 345 c 24
 726 381 710 407 675 447 c 24
 652 473 638 487 615 513 c 25
519 510 m 25
 621 510 l 25
 605 490 597 478 579 459 c 24
 538 417 520 387 471 354 c 24
 430 326 400 325 354 306 c 25
 394 353 417 378 456 426 c 24
 482 458 494 477 519 510 c 25
765 759 m 25
 799 731 826 722 852 687 c 24
 859 678 843 672 837 663 c 25
 794 635 771 617 726 591 c 24
 707 580 695 578 675 570 c 25
 694 605 706 624 723 660 c 24
 741 698 749 720 765 759 c 25
396 735 m 25
 430 717 455 716 483 690 c 24
 508 667 525 649 528 615 c 24
 530 591 518 567 495 564 c 24
 469 560 456 582 441 603 c 24
 425 626 429 645 420 672 c 24
 412 697 405 710 396 735 c 25
576 771 m 25
 619 751 655 755 687 720 c 24
 701 705 674 691 666 672 c 25
 666 285 l 17
 658 256 652 234 621 231 c 1
 597 233 586 257 576 285 c 9
 576 771 l 25
369 552 m 25
 792 552 l 25
 792 552 830 612 855 621 c 1
 881 617 923 564 954 531 c 1
 962 513 945 502 927 502 c 9
 369 502 l 25
 369 552 l 25
192 390 m 25
 225 378 247 379 276 360 c 24
 303 342 322 328 330 297 c 24
 337 269 330 246 309 225 c 24
 298 214 282 226 270 237 c 24
 251 255 250 273 234 294 c 24
 217 316 205 327 186 348 c 25
 192 390 l 25
171 210 m 25
 155 184 147 169 129 144 c 24
 105 110 93 89 63 60 c 24
 42 39 25 34 0 18 c 25
 27 85 44 121 69 189 c 24
 88 240 96 269 111 321 c 24
 130 391 138 431 156 501 c 25
 171 210 l 25
18 519 m 25
 273 519 l 25
 273 519 296 555 321 564 c 1
 347 560 335 531 366 498 c 1
 374 480 357 469 339 469 c 9
 18 469 l 25
 18 519 l 25
138 759 m 25
 181 739 217 743 249 708 c 24
 263 693 236 679 228 660 c 25
 228 -135 l 17
 220 -164 214 -186 183 -189 c 1
 159 -187 148 -163 138 -135 c 9
 138 759 l 25
EndSplineSet
EndChar
