Width: 1000
Flags: H
TeX: 117 0
LayerCount: 2
Fore
SplineSet
771 168 m 25
 810.78 146.94 835.644 139.108 873 114 c 24
 907.441 90.8506 931.673 79.9794 954 45 c 24
 969.226 21.1465 976.277 -2.00888 963 -27 c 24
 951.176 -49.2568 928.153 -52.5721 903 -51 c 24
 884.76 -49.8604 876.348 -36.7041 867 -21 c 24
 846.33 13.7256 846.301 38.9699 828 75 c 24
 808.735 112.928 793.23 131.73 771 168 c 25
435 177 m 25
 473.61 158.28 506.075 161.579 534 129 c 24
 545.422 115.675 517.53 107.04 507 93 c 25
 489.45 67.2598 482.123 50.782 462 27 c 24
 443.288 4.88672 431.922 -7.6631 408 -24 c 24
 383.367 -40.8223 365.91 -44.1299 339 -57 c 25
 363.57 -2.00977 379.139 28.2774 402 84 c 24
 416.607 119.605 422.13 140.73 435 177 c 25
621 -165 m 0
 585 -168 595.46 -135.406 576 -120 c 24
 539.101 -90.7881 515.61 -77.9102 477 -51 c 25
 603 -51 l 25
 603 258 l 25
 693 258 l 25
 693 -66 l 17
 690 -120 668.576 -161.035 621 -165 c 0
447 293 m 1
 831 293 l 1
 831 243 l 1
 447 243 l 1
 447 293 l 1
444 480 m 25
 786 480 l 25
 802.38 492.87 807.891 518.435 828 513 c 24
 863.178 503.492 880.287 482.381 897 450 c 24
 903.55 437.309 884.19 431.7 876 420 c 25
 876 279 l 17
 868 250 862 228 831 225 c 1
 807 227 796 251 786 279 c 9
 786 430 l 25
 444 430 l 25
 444 480 l 25
417 507 m 25
 460.29 487.11 495.953 491.251 528 456 c 24
 541.745 440.881 515.19 426.72 507 408 c 25
 507 279 l 17
 499 250 493 228 462 225 c 1
 438 227 427 251 417 279 c 9
 417 507 l 25
612 597 m 25
 612 762 l 25
 655 742 691 746 723 711 c 24
 737 696 710 682 702 663 c 25
 702 597 l 25
 612 597 l 25
417 615 m 25
 804 615 l 25
 833 643 842 675 867 684 c 1
 893 680 935 627 966 594 c 1
 974 576 957 565 939 565 c 9
 417 565 l 25
 417 615 l 25
246 438 m 25
 282.27 419.28 308.359 416.964 339 390 c 24
 368.721 363.846 390.768 345.243 396 306 c 24
 399.31 281.181 381.987 256.612 357 255 c 24
 329.643 253.235 321.339 279.623 303 300 c 24
 289.309 315.213 289.102 329.277 276 345 c 24
 265.354 357.774 255.87 361.47 243 372 c 25
 246 438 l 25
237 315 m 25
 212.43 272.88 202.681 246.436 174 207 c 24
 146.226 168.81 128.369 148.288 93 117 c 24
 66.9893 93.9902 47.25 87.7197 18 69 c 25
 58.9502 146.22 89.3037 186.351 123 267 c 24
 160.941 357.812 170.58 413.4 201 507 c 25
 237 507 l 25
 237 315 l 25
51 576 m 25
 309 576 l 25
 309 576 332 612 357 621 c 1
 383 617 371 588 402 555 c 1
 410 537 393 526 375 526 c 9
 51 526 l 25
 51 576 l 25
186 765 m 25
 229.29 745.11 264.953 749.251 297 714 c 24
 310.745 698.881 284.19 684.72 276 666 c 25
 276 -99 l 17
 268 -128 262 -150 231 -153 c 1
 207 -151 196 -127 186 -99 c 9
 186 765 l 25
EndSplineSet
EndChar
