Width: 1000
Flags: HW
LayerCount: 2
Fore
SplineSet
243 387 m 25
 276 371 303 373 327 345 c 24
 358 308 383 279 375 231 c 24
 371 204 331 201 306 213 c 24
 282 224 294 253 282 276 c 24
 269 301 258 313 243 336 c 25
 243 387 l 25
210 321 m 25
 189 266 184 232 156 180 c 24
 138 147 123 130 93 108 c 24
 61 84 36 81 0 63 c 25
 40 131 70 165 102 237 c 24
 134 308 142 351 162 426 c 24
 171 458 171 477 177 510 c 25
 210 510 l 25
 210 321 l 25
0 540 m 25
 279 540 l 25
 279 540 302 576 327 585 c 1
 353 581 341 552 372 519 c 1
 380 501 363 490 345 490 c 9
 0 490 l 25
 0 540 l 25
177 762 m 25
 220 742 256 746 288 711 c 24
 302 696 275 682 267 663 c 25
 267 -141 l 17
 259 -170 253 -192 222 -195 c 1
 198 -193 187 -169 177 -141 c 9
 177 762 l 25
711 138 m 25
 711 180 l 25
 894 327 l 25
 911.55 290.73 933.457 273.91 939 234 c 24
 940.8 221.043 920.7 224.85 909 219 c 25
 711 138 l 25
684 -90 m 9
 684 486 l 25
 727.29 466.11 762.953 470.251 795 435 c 24
 808.745 419.881 782.19 405.72 774 387 c 25
 774 -21 l 17
 774 -45 782 -61 804 -69 c 9
 876 -69 l 25
 886.53 -52.6201 894.292 -44.4168 903 -27 c 24
 924.782 16.5645 934.11 42.54 954 87 c 25
 952.83 26.1602 945.491 -8.39848 951 -69 c 24
 952.658 -87.2383 973.405 -92.7403 972 -111 c 24
 970.654 -128.498 955.53 -132.96 945 -147 c 25
 723 -147 l 17
 708 -136 691 -125 684 -90 c 9
426 228 m 25
 452.91 209.28 473.77 204.977 495 180 c 24
 515.005 156.465 528 138.889 528 108 c 24
 528 79.2217 521.504 53.2129 495 42 c 24
 474.957 33.5205 460.798 56.1045 450 75 c 24
 435.77 99.9033 443.88 119.727 435 147 c 24
 427.385 170.39 418.53 181.77 408 204 c 25
 426 228 l 25
609 316 m 25
 456 316 l 25
 456 366 l 25
 606 366 l 25
 623.55 377.7 631.777 404.681 651 396 c 24
 681.757 382.109 690.364 356.624 699 324 c 24
 702.654 310.193 686.19 305.7 678 294 c 25
 648.75 224.97 636.528 184.057 603 117 c 24
 579.039 69.0781 563.587 42.5285 531 0 c 24
 494.236 -47.9795 475.273 -78.99 426 -114 c 24
 384.023 -143.825 350.97 -143.28 303 -162 c 25
 343.95 -119.88 370.916 -99.5605 408 -54 c 24
 453.078 1.38184 478.913 33.2529 513 96 c 24
 557.687 178.259 571.56 230.2 609 316 c 25
470.835 496.477 m 25
 505.999 483.03 536.714 490.767 561 462 c 24
 574.606 445.883 550.02 430.89 543 411 c 25
 527.389 373.92 520.134 352.311 502.971 315.922 c 24
 483.175 273.952 475.278 247.998 448.307 210.238 c 24
 421.75 173.059 402.008 155.285 367.14 125.759 c 24
 339.188 102.09 319.043 94.6367 288.292 74.7393 c 25
 322.401 127.972 347.73 154.559 375.753 211.232 c 24
 411.476 283.478 425.471 327.257 450.957 403.715 c 24
 462.657 438.814 463.083 460.3 470.835 496.477 c 25
627 579 m 25
 627 777 l 25
 670 757 706 761 738 726 c 24
 752 711 725 697 717 678 c 25
 717 579 l 25
 627 579 l 25
855 556 m 25
 444 556 l 25
 444 606 l 25
 861 606 l 25
 879.72 620.04 887.09 650.216 909 642 c 24
 948.575 627.159 965.905 600.479 981 561 c 24
 986.448 546.751 960.87 548.19 948 540 c 25
 834 438 l 25
 855 556 l 25
441 666 m 25
 457.38 629.73 480.124 612.693 483 573 c 24
 486.302 527.43 478.324 498.865 456 459 c 24
 443.153 436.06 424.852 418.212 399 423 c 24
 377.385 427.003 373.874 452.047 375 474 c 24
 376.448 502.237 395.809 513.262 405 540 c 24
 421.613 588.331 426.96 616.86 441 666 c 25
EndSplineSet
EndChar
