Width: 1000
Flags: H
TeX: 117 0
LayerCount: 2
Fore
SplineSet
480 293 m 1
 819 293 l 1
 819 243 l 1
 480 243 l 1
 480 293 l 1
582 510 m 1
 672 510 l 1
 672 -120 l 1
 582 -120 l 1
 582 510 l 1
543 538 m 1
 723 538 l 1
 723 488 l 1
 543 488 l 1
 543 538 l 1
357 -102 m 25
 801 -102 l 25
 830 -74 839 -42 864 -33 c 1
 890 -37 932 -90 963 -123 c 1
 971 -141 954 -152 936 -152 c 9
 357 -152 l 25
 357 -102 l 25
435 33 m 25
 783 33 l 25
 783 33 806 69 831 78 c 1
 857 74 845 45 876 12 c 1
 884 -6 867 -17 849 -17 c 9
 435 -17 l 25
 435 33 l 25
402 162 m 25
 813 162 l 25
 813 162 836 198 861 207 c 1
 887 203 875 174 906 141 c 1
 914 123 897 112 879 112 c 9
 402 112 l 25
 402 162 l 25
468 429 m 25
 762 429 l 25
 778.38 441.87 783.891 467.435 804 462 c 24
 839.178 452.492 856.287 431.381 873 399 c 24
 879.55 386.309 860.19 380.7 852 369 c 25
 852 267 l 17
 844 238 838 216 807 213 c 1
 783 215 772 239 762 267 c 9
 762 379 l 25
 468 379 l 25
 468 429 l 25
420 462 m 25
 463 442 499 446 531 411 c 24
 545 396 518 382 510 363 c 25
 510 255 l 17
 502 226 496 204 465 201 c 1
 441 203 430 227 420 255 c 9
 420 462 l 25
678 780 m 25
 721.29 760.11 756.953 764.251 789 729 c 24
 802.745 713.881 776.19 699.72 768 681 c 25
 768 528 l 17
 760 499 754 477 723 474 c 1
 699 476 688 500 678 528 c 9
 678 780 l 25
498 783 m 25
 541.29 763.11 576.953 767.251 609 732 c 24
 622.745 716.881 596.19 702.72 588 684 c 25
 588 522 l 17
 580 493 574 471 543 468 c 1
 519 470 508 494 498 522 c 9
 498 783 l 25
339 669 m 25
 801 669 l 25
 830 697 839 729 864 738 c 1
 890 734 932 681 963 648 c 1
 971 630 954 619 936 619 c 9
 339 619 l 25
 339 669 l 25
240 405 m 25
 283 384 314 382 351 351 c 24
 376 330 391 311 393 279 c 24
 394 258 378 239 357 240 c 24
 330 241 324 266 303 282 c 24
 279 300 265 309 240 327 c 25
 240 405 l 25
201 252 m 25
 183 220 177 200 156 171 c 24
 130 135 112 118 81 87 c 24
 56 63 39 52 12 30 c 25
 44 106 62 149 93 225 c 24
 116 280 129 311 150 366 c 24
 171 420 181 450 201 504 c 25
 201 252 l 25
39 531 m 25
 309 531 l 25
 309 531 332 567 357 576 c 1
 383 572 371 543 402 510 c 1
 410 492 393 481 375 481 c 9
 39 481 l 25
 39 531 l 25
171 777 m 25
 214.29 757.11 249.953 761.251 282 726 c 24
 295.745 710.881 269.19 696.72 261 678 c 25
 261 -108 l 17
 253 -137 247 -159 216 -162 c 1
 192 -160 181 -136 171 -108 c 9
 171 777 l 25
EndSplineSet
EndChar
