Width: 1000
Flags: H
TeX: 117 0
LayerCount: 2
Fore
SplineSet
725 174 m 25
 812 174 l 25
 791 134 782 110 758 72 c 24
 728 26 713 -2 674 -39 c 24
 635 -76 610 -96 560 -117 c 24
 505 -140 467 -147 410 -150 c 1
 470 -117 502 -103 551 -60 c 24
 602 -16 625 15 665 69 c 24
 693 107 702 133 725 174 c 25
573 174 m 25
 651 174 l 25
 631 144 623 124 600 96 c 24
 569 56 552 32 513 0 c 24
 485 -23 466 -32 432 -45 c 24
 405 -55 388 -54 360 -60 c 25
 397 -27 421 -11 456 24 c 24
 488 56 503 76 531 111 c 24
 549 134 557 149 573 174 c 25
870 148 m 25
 480 148 l 25
 480 198 l 25
 880 198 l 25
 896 210 902 234 921 228 c 24
 952 217 964 195 978 165 c 24
 983 154 967 150 960 141 c 25
 946 98 940 72 924 30 c 24
 904 -21 897 -53 867 -99 c 24
 844 -135 832 -164 792 -177 c 24
 767 -185 754 -159 732 -144 c 24
 706 -127 694 -115 669 -96 c 25
 762 -96 l 17
 780 -90 796 -52 813 -21 c 24
 832 15 840 37 853 75 c 24
 862 103 863 120 870 148 c 25
516 294 m 25
 618 294 l 25
 602 272 594 258 576 237 c 24
 546 201 531 178 495 147 c 24
 464 120 445 107 408 90 c 24
 382 78 364 79 336 72 c 25
 371 107 393 125 426 162 c 24
 447 186 456 202 474 228 c 24
 491 253 500 268 516 294 c 25
393 315 m 25
 838 315 l 25
 867 343 876 375 901 384 c 1
 927 380 969 327 1000 294 c 1
 1008 276 991 265 973 265 c 9
 393 265 l 25
 393 315 l 25
546 453 m 1
 834 453 l 1
 834 403 l 1
 546 403 l 1
 546 453 l 1
549 588 m 1
 834 588 l 1
 834 538 l 1
 549 538 l 1
 549 588 l 1
534 720 m 25
 780 720 l 25
 796 733 802 758 822 753 c 24
 857 743 874 722 891 690 c 24
 898 677 878 672 870 660 c 25
 870 429 l 17
 862 400 856 378 825 375 c 1
 801 377 790 401 780 429 c 9
 780 670 l 25
 534 670 l 25
 534 720 l 25
501 750 m 25
 544 730 580 734 612 699 c 24
 626 684 599 670 591 651 c 25
 591 420 l 17
 583 391 577 369 546 366 c 1
 522 368 511 392 501 420 c 9
 501 750 l 25
288 414 m 25
 338 381 381 378 417 330 c 24
 436 305 432 275 414 249 c 24
 401 231 376 234 357 246 c 24
 332 261 332 285 315 309 c 24
 305 324 299 333 288 348 c 25
 288 414 l 25
243 309 m 25
 223 274 216 251 192 219 c 24
 163 180 145 158 108 126 c 24
 70 94 42 84 0 57 c 25
 42 123 68 158 108 225 c 24
 145 287 167 322 198 387 c 24
 220 432 225 460 243 507 c 25
 243 309 l 25
36 534 m 25
 357 534 l 25
 357 534 379 565 403 574 c 1
 422 567 446 539 465 513 c 1
 473 495 457 484 439 484 c 9
 36 484 l 25
 36 534 l 25
219 795 m 25
 262 775 298 779 330 744 c 24
 344 729 317 715 309 696 c 25
 309 -126 l 17
 301 -155 295 -177 264 -180 c 1
 240 -178 229 -154 219 -126 c 9
 219 795 l 25
EndSplineSet
EndChar
