Width: 1000
Flags: H
TeX: 117 0
LayerCount: 2
Fore
SplineSet
636 687 m 1
 726 687 l 1
 726 336 l 1
 636 336 l 1
 636 687 l 1
561 -80 m 1
 843 -80 l 1
 843 -130 l 1
 561 -130 l 1
 561 -80 l 1
573 86 m 1
 834 86 l 1
 834 36 l 1
 573 36 l 1
 573 86 l 1
570 234 m 1
 819 234 l 1
 819 184 l 1
 570 184 l 1
 570 234 l 1
564 363 m 25
 783 363 l 25
 799.38 375.87 804.891 401.435 825 396 c 24
 860.178 386.492 877.287 365.381 894 333 c 24
 900.55 320.309 881.19 314.7 873 303 c 25
 873 -132 l 17
 865 -161 859 -183 828 -186 c 1
 804 -184 793 -160 783 -132 c 9
 783 313 l 25
 564 313 l 25
 564 363 l 25
519 390 m 25
 562 370 598 374 630 339 c 24
 644 324 617 310 609 291 c 25
 609 -123 l 17
 601 -152 595 -174 564 -177 c 1
 540 -175 529 -151 519 -123 c 9
 519 390 l 25
447 531 m 25
 873 531 l 25
 873 531 896 567 921 576 c 1
 947 572 935 543 966 510 c 1
 974 492 957 481 939 481 c 9
 447 481 l 25
 447 531 l 25
936 669 m 24
 935.408 645.346 899.633 661.167 876 660 c 24
 709.959 651.801 616.14 650.85 450 645 c 25
 450 684 l 25
 563.49 702.72 628.753 706.882 741 732 c 24
 796.607 744.443 825.18 761.28 879 780 c 25
 901.23 736.71 937.216 717.648 936 669 c 24
411 162 m 9
 411 732 l 25
 454.29 712.11 489.953 716.251 522 681 c 24
 535.745 665.881 509.19 651.72 501 633 c 25
 501 171 l 25
 488.13 118.35 490.858 85.1443 468 36 c 24
 443.221 -17.2764 421.522 -44.4523 381 -87 c 24
 350.327 -119.206 324.27 -127.26 288 -153 c 25
 316.08 -99.1797 337.92 -71.5468 360 -15 c 24
 386.13 51.918 402 81 411 162 c 9
228 432 m 25
 264.27 406.26 290.499 398.369 321 366 c 24
 349.072 336.209 366.972 316.139 375 276 c 24
 379.942 251.287 373.542 227.271 351 216 c 24
 330.789 205.895 311.799 219.924 297 237 c 24
 278.34 258.53 294 276 273 306 c 0
 260.094 324.438 245.55 337.11 228 357 c 25
 228 432 l 25
219 303 m 25
 197.94 266.73 189.092 244.331 165 210 c 24
 142.109 177.382 128.681 158.589 99 132 c 24
 71.9287 107.749 51.4199 100.89 21 81 c 25
 52.5898 137.16 73.875 167.027 102 225 c 24
 131.306 285.406 142.55 321.871 168 384 c 24
 182.33 418.982 189.96 438.9 204 474 c 25
 219 303 l 25
33 543 m 25
 291 543 l 25
 291 543 314 579 339 588 c 1
 365 584 353 555 384 522 c 1
 392 504 375 493 357 493 c 9
 33 493 l 25
 33 543 l 25
177 777 m 25
 220 757 256 761 288 726 c 24
 302 711 275 697 267 678 c 25
 267 -123 l 17
 259 -152 253 -174 222 -177 c 1
 198 -175 187 -151 177 -123 c 9
 177 777 l 25
EndSplineSet
EndChar
