Width: 1000
Flags: HW
TeX: 117 0
LayerCount: 2
Fore
SplineSet
776 394 m 24
 747 423 730 439 700 468 c 17
 761 466 798 461 855 439 c 24
 886 427 909 407 920 383 c 0
 931 360 927 331 908 318 c 0
 889 305 868 306 848 318 c 24
 813 338 805 365 776 394 c 24
852 687 m 25
 852 687 909 639 927 597 c 24
 932 585 909 590 897 585 c 17
 858 565 831 554 786 539 c 24
 752 528 734 524 696 519 c 1
 733 551 758 576 795 616 c 24
 819 642 852 687 852 687 c 25
186 294 m 24
 178 285 169 273 159 279 c 24
 120 303 75 363 75 363 c 25
 75 363 151 395 198 417 c 24
 253 443 284 459 339 486 c 25
 311 451 295 431 267 396 c 24
 235 356 220 331 186 294 c 24
108 705 m 17
 159 693 181 684 216 666 c 0
 248 650 266 635 282 603 c 24
 294 579 301 556 285 534 c 24
 271 514 246 510 225 522 c 24
 194 539 193 567 174 597 c 24
 147 639 134 663 108 705 c 17
850 -27 m 24
 885 -43 943 -57 943 -57 c 25
 943 -57 882 -87 844 -108 c 24
 832 -115 828 -133 814 -129 c 24
 773 -116 755 -95 721 -69 c 24
 679 -38 656 -19 619 18 c 24
 573 65 509 145 509 145 c 25
 564 145 l 25
 564 145 633 89 682 60 c 24
 745 22 783 3 850 -27 c 24
30 -96 m 1
 104 -69 134 -57 195 -21 c 0
 248 10 273 30 319 68 c 24
 350 94 390 142 390 142 c 25
 489 139 l 25
 489 139 438 71 400 41 c 0
 327 -17 279 -43 192 -75 c 24
 132 -97 105 -98 30 -96 c 1
453 297 m 25
 453 297 532 281 564 246 c 24
 578 231 551 217 543 198 c 25
 543 -137 l 17
 535 -166 529 -188 498 -191 c 1
 474 -189 463 -165 453 -137 c 9
 453 297 l 25
52 174 m 25
 799 174 l 25
 828 202 837 234 862 243 c 1
 888 239 930 186 961 153 c 1
 969 135 952 124 934 124 c 9
 52 124 l 25
 52 174 l 25
384 327 m 25
 660 327 l 25
 660 277 l 25
 384 277 l 25
 384 327 l 25
384 489 m 25
 651 489 l 25
 651 439 l 25
 384 439 l 25
 384 489 l 25
375 643 m 25
 603 643 l 25
 619 656 625 681 645 676 c 24
 680 666 697 645 714 613 c 24
 721 600 701 595 693 583 c 25
 693 291 l 17
 685 262 679 240 648 237 c 1
 624 239 613 263 603 291 c 9
 603 593 l 25
 375 593 l 25
 375 643 l 25
339 670 m 25
 339 670 418 654 450 619 c 24
 464 604 437 590 429 571 c 25
 429 288 l 17
 421 259 415 237 384 234 c 1
 360 236 349 260 339 288 c 9
 339 670 l 25
474 777 m 25
 474 777 554 769 597 744 c 24
 608 737 582 729 576 717 c 24
 557 679 534 618 534 618 c 25
 462 619 l 25
 474 777 l 25
EndSplineSet
EndChar
