Width: 1000
Flags: H
TeX: 117 0
LayerCount: 2
Fore
SplineSet
658 160 m 25
 727 160 l 25
 727 160 788 76 840 36 c 24
 896 -7 1000 -48 1000 -48 c 25
 1000 -48 959 -65 936 -81 c 24
 922 -90 922 -112 906 -111 c 24
 872 -108 854 -93 828 -72 c 24
 784 -36 762 -12 729 33 c 24
 695 79 658 160 658 160 c 25
563 160 m 25
 659 160 l 25
 648 120 l 25
 648 120 617 59 588 27 c 24
 548 -18 524 -44 473 -76 c 24
 425 -106 391 -118 339 -132 c 1
 379 -93 401 -70 438 -27 c 24
 473 13 492 37 522 81 c 24
 541 110 563 160 563 160 c 25
688 291 m 25
 687 -111 l 17
 679 -140 673 -162 642 -165 c 1
 618 -163 607 -139 597 -111 c 9
 598 291 l 25
 688 291 l 25
522 323 m 1
 759 323 l 1
 759 273 l 1
 522 273 l 1
 522 323 l 1
537 474 m 1
 762 474 l 1
 762 424 l 1
 537 424 l 1
 537 474 l 1
705 762 m 25
 705 762 784 746 816 711 c 24
 830 696 803 682 795 663 c 25
 795 306 l 17
 787 277 781 255 750 252 c 1
 726 254 715 278 705 306 c 9
 705 762 l 25
489 765 m 25
 489 765 568 749 600 714 c 24
 614 699 587 685 579 666 c 25
 579 306 l 17
 571 277 565 255 534 252 c 1
 510 254 499 278 489 306 c 9
 489 765 l 25
357 198 m 25
 798 198 l 25
 827 226 836 258 861 267 c 1
 887 263 929 210 960 177 c 1
 968 159 951 148 933 148 c 9
 357 148 l 25
 357 198 l 25
243 429 m 25
 243 429 312 400 346 368 c 24
 375 341 397 321 399 282 c 24
 400 257 375 233 351 240 c 24
 313 251 309 285 284 315 c 24
 263 340 234 381 234 381 c 25
 243 429 l 25
222 294 m 25
 222 294 177 208 135 165 c 24
 92 121 63 102 6 72 c 1
 44 128 68 167 101 231 c 24
 148 323 210 471 210 471 c 25
 222 294 l 25
378 612 m 25
 801 612 l 25
 830 640 839 672 864 681 c 1
 890 677 932 624 963 591 c 1
 971 573 954 562 936 562 c 9
 378 562 l 25
 378 612 l 25
27 531 m 25
 315 531 l 25
 315 531 337 562 361 571 c 1
 380 564 404 536 423 510 c 1
 431 492 415 481 397 481 c 9
 27 481 l 25
 27 531 l 25
174 738 m 25
 174 738 253 722 285 687 c 24
 299 672 272 658 264 639 c 25
 264 -93 l 17
 256 -122 250 -144 219 -147 c 1
 195 -145 184 -121 174 -93 c 9
 174 738 l 25
EndSplineSet
EndChar
