Width: 1000
Flags: HW
LayerCount: 2
Fore
SplineSet
619 180 m 25
 691 180 l 25
 704 155 707 139 724 117 c 24
 762 68 784 40 832 0 c 24
 879 -38 913 -49 964 -81 c 25
 942 -92 928 -94 907 -108 c 24
 886 -122 882 -160 859 -150 c 24
 802 -126 785 -86 745 -39 c 24
 708 4 689 31 661 81 c 24
 640 117 635 141 619 180 c 25
587 159 m 9
 587 480 l 25
 677 480 l 25
 677 183 l 25
 665 128 675 91 647 42 c 24
 611 -20 580 -54 518 -90 c 24
 452 -128 407 -132 329 -141 c 9
 377 -107 407 -92 452 -54 c 24
 492 -19 517 0 545 45 c 24
 570 85 581 108 587 159 c 9
433 210 m 1
 820 210 l 1
 820 160 l 1
 433 160 l 1
 433 210 l 1
433 369 m 25
 766 369 l 25
 782 382 788 407 808 402 c 24
 843 392 860 371 877 339 c 24
 884 326 864 321 856 309 c 25
 856 189 l 17
 848 160 842 138 811 135 c 1
 787 137 776 161 766 189 c 9
 766 319 l 25
 433 319 l 25
 433 369 l 25
409 399 m 25
 452 379 488 383 520 348 c 24
 534 333 507 319 499 300 c 25
 499 168 l 17
 491 139 485 117 454 114 c 1
 430 116 419 140 409 168 c 9
 409 399 l 25
469 519 m 25
 739 519 l 25
 739 519 761 550 785 559 c 1
 804 552 828 524 847 498 c 1
 855 480 839 469 821 469 c 9
 469 469 l 25
 469 519 l 25
622 753 m 25
 670 714 695 689 745 654 c 24
 786 625 810 609 856 588 c 24
 903 566 932 561 981 543 c 25
 954 523 937 514 913 492 c 24
 900 480 903 453 886 456 c 24
 844 464 827 489 793 516 c 24
 754 547 735 568 700 603 c 24
 663 640 643 663 607 702 c 25
 622 753 l 25
604 783 m 25
 637 757 663 750 688 717 c 24
 695 708 677 704 670 696 c 25
 642 657 629 633 598 597 c 24
 565 559 544 539 505 507 c 24
 475 482 456 469 421 450 c 24
 394 435 377 432 349 420 c 25
 383 461 404 483 436 525 c 24
 477 579 501 609 538 666 c 24
 567 710 578 737 604 783 c 25
241 495 m 25
 282 467 309 456 346 423 c 24
 370 402 385 388 394 357 c 24
 400 335 397 317 382 300 c 24
 370 287 352 284 337 294 c 24
 314 309 319 333 301 354 c 24
 281 377 264 385 241 405 c 25
 241 495 l 25
13 135 m 25
 42 194 59 226 88 285 c 24
 119 347 138 381 166 444 c 24
 186 490 193 517 211 564 c 25
 220 354 l 25
 186 307 173 276 133 234 c 24
 91 190 60 174 13 135 c 25
13 594 m 25
 316 594 l 25
 316 594 338 625 362 634 c 1
 381 627 405 599 424 573 c 1
 432 555 416 544 398 544 c 9
 13 544 l 25
 13 594 l 25
175 792 m 25
 218 772 254 776 286 741 c 24
 300 726 273 712 265 693 c 25
 265 -99 l 17
 257 -128 251 -150 220 -153 c 1
 196 -151 185 -127 175 -99 c 9
 175 792 l 25
EndSplineSet
EndChar
