Width: 1000
Flags: HW
LayerCount: 2
Fore
SplineSet
263 409 m 25
 303 387 331 383 365 352 c 24
 386 333 399 315 398 286 c 24
 397 263 384 245 362 238 c 24
 345 233 335 249 323 262 c 24
 307 280 307 296 293 316 c 24
 281 333 271 341 257 357 c 25
 263 409 l 25
212 508 m 25
 236 508 l 25
 236 325 l 25
 223 305 217 293 203 274 c 24
 174 234 160 209 125 174 c 24
 88 136 65 117 20 88 c 9
 52 146 71 179 101 238 c 24
 128 292 144 323 167 379 c 24
 187 428 194 458 212 508 c 25
197 781 m 25
 240 761 276 765 308 730 c 24
 322 715 295 701 287 682 c 25
 287 -134 l 17
 279 -163 273 -185 242 -188 c 1
 218 -186 207 -162 197 -134 c 9
 197 781 l 25
53 565 m 25
 317 565 l 25
 317 565 339 596 363 605 c 1
 382 598 406 570 425 544 c 1
 433 526 417 515 399 515 c 9
 53 515 l 25
 53 565 l 25
600 498 m 25
 600 783 l 25
 643 763 679 767 711 732 c 24
 725 717 698 703 690 684 c 25
 690 498 l 25
 600 498 l 25
371 651 m 25
 785 651 l 25
 814 679 823 711 848 720 c 1
 874 716 916 663 947 630 c 1
 955 612 938 601 920 601 c 9
 371 601 l 25
 371 651 l 25
698 57 m 17
 773 31 805 10 860 -38 c 24
 890 -65 909 -88 911 -128 c 24
 912 -152 890 -171 866 -170 c 24
 836 -168 825 -145 806 -122 c 24
 780 -91 773 -69 752 -35 c 24
 730 1 719 21 698 57 c 17
524 41 m 25
 558 14 589 10 611 -27 c 24
 619 -40 594 -45 581 -54 c 24
 532 -85 505 -106 452 -129 c 24
 410 -148 386 -156 338 -161 c 9
 375 -125 399 -107 434 -69 c 24
 471 -28 489 -2 524 41 c 25
485 205 m 1
 806 205 l 1
 806 155 l 1
 485 155 l 1
 485 205 l 1
485 318 m 1
 803 318 l 1
 803 268 l 1
 485 268 l 1
 485 318 l 1
473 421 m 1
 800 421 l 1
 800 371 l 1
 473 371 l 1
 473 421 l 1
473 526 m 25
 746 526 l 25
 762 539 768 564 788 559 c 24
 823 549 840 528 857 496 c 24
 864 483 844 478 836 466 c 25
 836 180 l 17
 828 151 822 129 791 126 c 1
 767 128 756 152 746 180 c 9
 746 476 l 25
 473 476 l 25
 473 526 l 25
455 555 m 25
 498 535 534 539 566 504 c 24
 580 489 553 475 545 456 c 25
 545 180 l 17
 537 151 531 129 500 126 c 1
 476 128 465 152 455 180 c 9
 455 555 l 25
347 97 m 25
 818 97 l 25
 847 125 856 157 881 166 c 1
 907 162 949 109 980 76 c 1
 988 58 971 47 953 47 c 9
 347 47 l 25
 347 97 l 25
EndSplineSet
EndChar
