Width: 1000
Flags: H
TeX: 117 0
LayerCount: 2
Fore
SplineSet
654 360 m 25
 654 411 l 25
 699.63 384.09 733.15 379.062 771 342 c 24
 792.428 321.019 806.239 298.836 798 270 c 24
 790.943 245.302 765.959 230.929 741 237 c 24
 710.41 244.44 705.18 271.298 687 297 c 24
 670.983 319.645 666.87 335.43 654 360 c 25
522 -76 m 1
 852 -76 l 1
 852 -126 l 1
 522 -126 l 1
 522 -76 l 1
543 105 m 1
 837 105 l 1
 837 55 l 1
 543 55 l 1
 543 105 l 1
525 264 m 25
 783 264 l 25
 799.38 276.87 804.891 302.435 825 297 c 24
 860.178 287.492 877.287 266.381 894 234 c 24
 900.55 221.309 881.19 215.7 873 204 c 25
 873 -108 l 17
 865 -137 859 -159 828 -162 c 1
 804 -160 793 -136 783 -108 c 9
 783 214 l 25
 525 214 l 25
 525 264 l 25
495 288 m 25
 538 268 574 272 606 237 c 24
 620 222 593 208 585 189 c 25
 585 -105 l 17
 577 -134 571 -156 540 -159 c 1
 516 -157 505 -133 495 -105 c 9
 495 288 l 25
792 711 m 25
 830.61 686.43 864.896 685.59 891 648 c 24
 902.345 631.663 877.818 619.691 867 603 c 24
 836.814 556.429 818.705 530.838 786 486 c 24
 746.146 431.362 724.968 399.384 681 348 c 24
 627.726 285.74 599.163 248.387 537 195 c 24
 498.792 162.187 471.827 149.892 426 129 c 24
 391.635 113.334 369.27 112.53 333 102 c 25
 378.63 142.95 407.643 162.673 450 207 c 24
 508.478 268.197 540.036 304.417 591 372 c 24
 647.855 447.396 677.84 491.774 726 573 c 24
 756.427 624.316 766.26 657.18 792 711 c 25
378 441 m 25
 801 441 l 25
 830 469 839 501 864 510 c 1
 890 506 932 453 963 420 c 1
 971 402 954 391 936 391 c 9
 378 391 l 25
 378 441 l 25
414 624 m 25
 672 624 l 25
 672 624 695 660 720 669 c 1
 746 665 734 636 765 603 c 1
 773 585 756 574 738 574 c 9
 414 574 l 25
 414 624 l 25
555 426 m 25
 555 774 l 25
 598 754 634 758 666 723 c 24
 680 708 653 694 645 675 c 25
 645 426 l 25
 555 426 l 25
258 408 m 25
 300.12 390.45 331.86 393.275 366 363 c 24
 397.72 334.871 417.942 309.385 417 267 c 24
 416.423 241.028 388.202 221.699 363 228 c 24
 330.735 236.066 331.746 269.737 309 294 c 24
 296.5 307.333 287.04 312.3 273 324 c 25
 258 408 l 25
267 246 m 25
 243.6 212.07 231.996 191.773 207 159 c 24
 179.291 122.671 164.86 100.746 132 69 c 24
 95.4668 33.7051 69.7803 19.5898 30 -12 c 25
 55.7402 35.9697 71.1123 62.582 96 111 c 24
 135.469 187.784 159.484 230.309 195 309 c 24
 219.224 362.672 227.94 395.01 249 450 c 25
 267 246 l 25
39 513 m 25
 366 513 l 25
 366 513 389 549 414 558 c 1
 440 554 428 525 459 492 c 1
 467 474 450 463 432 463 c 9
 39 463 l 25
 39 513 l 25
210 759 m 25
 253.29 739.11 288.953 743.251 321 708 c 24
 334.745 692.881 308.19 678.72 300 660 c 25
 300 -114 l 17
 292 -143 286 -165 255 -168 c 1
 231 -166 220 -142 210 -114 c 9
 210 759 l 25
EndSplineSet
EndChar
