Width: 1000
Flags: H
TeX: 117 0
LayerCount: 2
Fore
SplineSet
630 -63 m 1
 882 -63 l 1
 882 -113 l 1
 630 -113 l 1
 630 -63 l 1
270 669 m 1
 360 669 l 1
 360 198 l 1
 270 198 l 1
 270 669 l 1
603 216 m 25
 849 216 l 25
 865 229 871 254 891 249 c 24
 926 239 943 218 960 186 c 24
 967 173 947 168 939 156 c 25
 939 -90 l 17
 931 -119 925 -141 894 -144 c 1
 870 -142 859 -118 849 -90 c 9
 849 166 l 25
 603 166 l 25
 603 216 l 25
570 249 m 25
 613 229 649 233 681 198 c 24
 695 183 668 169 660 150 c 25
 660 -108 l 17
 652 -137 646 -159 615 -162 c 1
 591 -160 580 -136 570 -108 c 9
 570 249 l 25
828 564 m 25
 864 530 890 516 921 477 c 24
 950 440 970 418 978 372 c 24
 982 347 972 322 948 315 c 24
 923 307 902 323 888 345 c 24
 866 379 875 408 864 447 c 24
 851 493 842 518 828 564 c 25
603 327 m 24
 587 324 575 300 564 312 c 24
 534 347 538 380 522 423 c 25
 921 435 l 25
 915 387 l 25
 793 364 724 353 603 327 c 24
690 765 m 25
 736 742 771 741 807 705 c 24
 818 694 789 687 783 672 c 24
 737 559 717 493 675 378 c 25
 612 405 l 25
 690 765 l 25
333 162 m 25
 367 141 397 141 420 108 c 24
 438 82 445 52 426 27 c 24
 411 7 382 17 363 33 c 24
 344 48 351 69 345 93 c 24
 339 120 338 135 333 162 c 25
237 147 m 25
 277 113 313 105 339 60 c 24
 354 34 353 5 333 -18 c 24
 318 -35 290 -29 276 -12 c 24
 251 18 258 46 249 84 c 24
 243 108 242 122 237 147 c 25
177 120 m 25
 199 91 219 78 234 45 c 24
 244 23 248 5 240 -18 c 24
 231 -43 221 -64 195 -69 c 24
 175 -73 161 -53 156 -33 c 24
 149 -2 164 16 168 48 c 24
 172 76 173 92 177 120 c 25
90 123 m 25
 105 94 123 80 129 48 c 24
 137 3 146 -29 123 -69 c 24
 110 -92 80 -90 57 -78 c 24
 37 -68 34 -46 36 -24 c 24
 39 7 58 19 69 48 c 24
 79 77 82 94 90 123 c 25
417 48 m 25
 417 160 l 25
 144 160 l 25
 144 210 l 25
 417 210 l 25
 433 223 439 248 459 243 c 24
 494 233 511 212 528 180 c 24
 535 167 515 162 507 150 c 25
 507 48 l 25
 491 -9 493 -46 465 -99 c 24
 446 -136 430 -166 390 -174 c 24
 362 -180 357 -145 336 -126 c 24
 316 -108 305 -99 285 -81 c 25
 369 -81 l 25
 382 -59 393 -48 402 -24 c 24
 412 3 411 20 417 48 c 25
141 375 m 25
 390 375 l 25
 390 375 413 411 438 420 c 1
 464 416 452 387 483 354 c 1
 491 336 474 325 456 325 c 9
 141 325 l 25
 141 375 l 25
141 540 m 25
 387 540 l 25
 387 540 410 576 435 585 c 1
 461 581 449 552 480 519 c 1
 488 501 471 490 453 490 c 9
 141 490 l 25
 141 540 l 25
141 684 m 25
 426 684 l 25
 426 684 449 720 474 729 c 1
 500 725 488 696 519 663 c 1
 527 645 510 634 492 634 c 9
 141 634 l 25
 141 684 l 25
105 735 m 25
 148 715 184 719 216 684 c 24
 230 669 203 655 195 636 c 25
 195 177 l 17
 187 148 181 126 150 123 c 1
 126 125 115 149 105 177 c 9
 105 735 l 25
EndSplineSet
EndChar
