Width: 1000
Flags: HW
LayerCount: 2
Fore
SplineSet
162 343 m 1
 342 343 l 1
 342 293 l 1
 162 293 l 1
 162 343 l 1
156 256 m 1
 354 256 l 1
 354 206 l 1
 156 206 l 1
 156 256 l 1
159 24 m 25
 309 24 l 25
 309 24 332 60 357 69 c 1
 383 65 371 36 402 3 c 1
 410 -15 393 -26 375 -26 c 9
 159 -26 l 25
 159 24 l 25
156 135 m 25
 309 135 l 25
 309 135 332 171 357 180 c 1
 383 176 371 147 402 114 c 1
 410 96 393 85 375 85 c 9
 156 85 l 25
 156 135 l 25
393 384 m 25
 393 252 l 17
 385 223 379 201 348 198 c 1
 324 200 313 224 303 252 c 9
 303 378 l 25
 153 378 l 25
 159 426 l 25
 309 426 l 25
 327 438 333 456 354 456 c 24
 376 456 389 442 399 423 c 24
 406 409 395 399 393 384 c 25
108 459 m 25
 151 439 187 443 219 408 c 24
 233 393 206 379 198 360 c 25
 198 -108 l 17
 190 -137 184 -159 153 -162 c 1
 129 -160 118 -136 108 -108 c 9
 108 459 l 25
135 531 m 25
 309 531 l 25
 309 531 332 567 357 576 c 1
 383 572 371 543 402 510 c 1
 410 492 393 481 375 481 c 9
 135 481 l 25
 135 531 l 25
231 744 m 25
 278 722 310 718 351 687 c 24
 381 664 396 645 408 609 c 24
 415 590 415 566 396 558 c 24
 372 548 354 564 333 579 c 24
 302 602 296 628 267 654 c 24
 246 673 230 678 207 693 c 25
 231 744 l 25
171 768 m 25
 211 755 242 763 273 735 c 24
 286 724 260 711 252 696 c 24
 226 648 215 619 186 573 c 24
 150 516 127 484 84 432 c 24
 61 405 44 394 18 369 c 25
 39 419 50 448 72 498 c 24
 96 552 115 580 135 636 c 24
 153 686 157 717 171 768 c 25
669 279 m 25
 759 279 l 25
 759 -93 l 25
 669 -93 l 25
 669 279 l 25
549 273 m 25
 639 273 l 25
 639 -87 l 25
 549 -87 l 25
 549 273 l 25
333 -60 m 25
 876 -60 l 25
 876 -60 893 -21 918 -12 c 1
 944 -16 952 -48 983 -81 c 1
 991 -99 974 -110 956 -110 c 9
 333 -110 l 25
 333 -60 l 25
786 -84 m 25
 786 241 l 25
 452 241 l 25
 452 291 l 25
 786 291 l 25
 802 304 808 329 828 324 c 24
 863 314 880 293 897 261 c 24
 904 248 884 243 876 231 c 25
 876 -84 l 25
 786 -84 l 25
426 -81 m 25
 426 321 l 25
 469 301 505 305 537 270 c 24
 551 255 524 241 516 222 c 25
 516 -81 l 25
 426 -81 l 25
502 430 m 25
 819 430 l 25
 819 380 l 25
 502 380 l 25
 502 430 l 25
655 585 m 25
 685.03 556.92 710.928 548.303 732 513 c 24
 743.394 493.912 745.987 473.278 732 456 c 24
 719.398 440.434 697.253 438.298 681 450 c 24
 660.547 464.726 669.118 487.902 657 510 c 24
 649.004 524.58 640.53 530.13 630 543 c 25
 655 585 l 25
600 576 m 25
 600 696 l 17
 630 689.694 660 695.067 690 696 c 9
 690 567 l 25
 666.21 538.92 657.102 518.764 629 495 c 24
 598.253 468.999 575.32 462.06 541 441 c 25
 554.26 462.06 565.034 472.196 575 495 c 24
 588.239 525.294 590.25 544.41 600 576 c 25
502 711 m 25
 758 711 l 25
 774 724 780 749 800 744 c 24
 835 734 852 713 869 681 c 24
 876 668 856 663 848 651 c 25
 848 396 l 17
 840 367 834 345 803 342 c 1
 779 344 768 368 758 396 c 9
 758 661 l 25
 502 661 l 25
 502 711 l 25
462 735 m 25
 505 715 541 719 573 684 c 24
 587 669 560 655 552 636 c 25
 552 405 l 17
 544 376 538 354 507 351 c 1
 483 353 472 377 462 405 c 9
 462 735 l 25
EndSplineSet
EndChar
