Width: 1000
Flags: H
TeX: 117 0
LayerCount: 2
Fore
SplineSet
447 235 m 25
 447 391 l 25
 490 371 526 375 558 340 c 24
 572 325 545 311 537 292 c 25
 537 235 l 25
 447 235 l 25
693 -59 m 24
 734 -78 760 -84 804 -95 c 24
 845 -105 870 -106 912 -113 c 25
 882 -134 864 -146 834 -167 c 24
 815 -180 808 -203 786 -200 c 24
 735 -193 710 -171 666 -143 c 24
 597 -99 563 -67 498 -17 c 24
 462 11 443 29 408 58 c 25
 474 58 l 25
 559 12 605 -18 693 -59 c 24
690 -71 m 25
 633 -56 l 25
 660 -32 679 -22 702 6 c 24
 730 40 740 64 764 101 c 25
 799 80 831 80 854 46 c 24
 864 31 832 29 818 19 c 24
 768 -16 740 -36 690 -71 c 25
216 -170 m 24
 197 -174 186 -206 168 -188 c 0
 131 -151 131 -128 108 -89 c 25
 612 -50 l 25
 624 -83 l 25
 465 -117 375 -133 216 -170 c 24
300 95 m 25
 657 95 l 25
 657 45 l 25
 300 45 l 25
 300 95 l 25
309 189 m 25
 666 189 l 25
 666 139 l 25
 309 139 l 25
 309 189 l 25
309 274 m 25
 606 274 l 25
 622 287 628 312 648 307 c 24
 683 297 700 276 717 244 c 24
 724 231 704 226 696 214 c 25
 696 67 l 17
 688 38 682 16 651 13 c 1
 627 15 616 39 606 67 c 9
 606 224 l 25
 309 224 l 25
 309 274 l 25
282 -104 m 25
 282 316 l 25
 325 296 361 300 393 265 c 24
 407 250 380 236 372 217 c 25
 372 -104 l 25
 282 -104 l 25
750 310 m 24
 824 272 873 268 951 241 c 25
 928 223 912 216 891 196 c 24
 875 181 877 148 855 151 c 24
 809 157 790 185 753 214 c 24
 689 264 654 295 597 352 c 24
 571 378 562 398 540 427 c 25
 594 427 l 25
 655 381 683 345 750 310 c 24
333 418 m 25
 459 418 l 25
 427 393 410 379 378 355 c 24
 336 323 314 302 270 274 c 24
 216 239 185 219 126 193 c 24
 88 176 64 177 24 166 c 25
 70 198 98 212 141 247 c 24
 219 310 258 351 333 418 c 25
450 631 m 25
 540 631 l 25
 540 427 l 25
 450 427 l 25
 450 631 l 25
42 460 m 25
 780 460 l 25
 809 488 818 520 843 529 c 1
 869 525 911 472 942 439 c 1
 950 421 933 410 915 410 c 9
 42 410 l 25
 42 460 l 25
183 559 m 25
 648 559 l 25
 677 587 686 619 711 628 c 1
 737 624 779 571 810 538 c 1
 818 520 801 509 783 509 c 9
 183 509 l 25
 183 559 l 25
90 661 m 25
 747 661 l 25
 776 689 785 721 810 730 c 1
 836 726 878 673 909 640 c 1
 917 622 900 611 882 611 c 9
 90 611 l 25
 90 661 l 25
606 634 m 25
 561 640 l 25
 606 784 l 25
 643 771 672 777 702 751 c 24
 713 741 691 730 681 718 c 24
 653 684 635 667 606 634 c 25
312 772 m 25
 351 763 375 764 411 748 c 24
 438 736 461 728 471 700 c 24
 479 678 467 658 447 646 c 24
 428 634 407 635 390 649 c 24
 365 670 371 697 354 724 c 24
 341 745 328 753 312 772 c 25
EndSplineSet
EndChar
