Width: 1000
Flags: H
TeX: 117 0
LayerCount: 2
Fore
SplineSet
255 408 m 25
 255 567 l 25
 298 547 334 551 366 516 c 24
 380 501 353 487 345 468 c 25
 345 408 l 25
 255 408 l 25
273 108 m 25
 310 73 339 60 369 18 c 24
 395 -19 407 -45 414 -90 c 24
 417 -109 411 -129 393 -135 c 24
 371 -143 350 -136 336 -117 c 24
 312 -86 317 -59 306 -21 c 24
 292 29 286 58 273 108 c 25
144 -162 m 24
 108 -144 102 -114 75 -84 c 25
 114 -72 137 -71 174 -54 c 24
 235 -25 266 -1 324 33 c 25
 342 -24 l 25
 282 -70 251 -98 189 -141 c 24
 173 -152 161 -171 144 -162 c 24
795 72 m 24
 776 107 760 123 738 156 c 25
 780 137 807 132 846 108 c 24
 876 90 900 81 912 48 c 24
 924 15 928 -21 900 -42 c 24
 876 -59 851 -34 831 -12 c 24
 807 14 812 41 795 72 c 24
468 171 m 25
 503 150 533 149 558 117 c 24
 567 105 542 101 531 90 c 25
 508 61 500 39 471 15 c 24
 443 -8 422 -12 390 -30 c 25
 409 11 422 33 438 75 c 24
 452 112 456 134 468 171 c 25
606 -66 m 25
 606 408 l 25
 696 408 l 25
 696 -108 l 25
 670 -124 660 -152 630 -150 c 24
 607 -149 612 -117 594 -102 c 24
 573 -84 557 -80 534 -66 c 25
 606 -66 l 25
426 255 m 25
 843 255 l 25
 843 255 866 291 891 300 c 1
 917 296 905 267 936 234 c 1
 944 216 927 205 909 205 c 9
 426 205 l 25
 426 255 l 25
474 426 m 25
 756 426 l 25
 756 426 779 462 804 471 c 1
 830 467 818 438 849 405 c 1
 857 387 840 376 822 376 c 9
 474 376 l 25
 474 426 l 25
612 708 m 25
 661 679 689 662 738 633 c 24
 789 603 818 586 870 558 c 24
 907 539 929 531 966 513 c 25
 950 498 938 491 924 474 c 24
 912 459 919 433 900 432 c 24
 868 430 851 449 825 468 c 24
 775 505 753 533 708 576 c 24
 670 613 649 635 612 672 c 25
 612 708 l 25
597 735 m 25
 631 714 659 713 684 681 c 24
 693 670 669 665 660 654 c 25
 639 619 628 598 606 564 c 24
 582 527 568 505 540 471 c 24
 521 449 510 436 486 420 c 24
 456 400 435 394 402 378 c 25
 434 426 453 452 483 501 c 24
 520 562 542 596 573 660 c 24
 586 688 588 706 597 735 c 25
174 184 m 1
 384 184 l 1
 384 134 l 1
 174 134 l 1
 174 184 l 1
186 309 m 1
 372 309 l 1
 372 259 l 1
 186 259 l 1
 186 309 l 1
180 435 m 25
 351 435 l 25
 367 448 373 473 393 468 c 24
 428 458 445 437 462 405 c 24
 469 392 449 387 441 375 c 25
 441 171 l 17
 433 142 427 120 396 117 c 1
 372 119 361 143 351 171 c 9
 351 385 l 25
 180 385 l 25
 180 435 l 25
138 -90 m 9
 138 471 l 25
 181 451 217 455 249 420 c 24
 263 405 236 391 228 372 c 25
 228 -90 l 17
 138 -90 l 9
269 704 m 25
 314 690 341 686 383 667 c 24
 419 650 446 646 470 614 c 24
 483 597 483 573 467 557 c 24
 451 542 430 546 409 555 c 24
 381 566 374 587 348 604 c 24
 317 626 297 637 264 656 c 25
 269 704 l 25
243 747 m 25
 280 724 314 723 339 687 c 24
 350 672 324 661 315 645 c 25
 287 608 272 586 243 549 c 24
 207 504 190 474 147 435 c 24
 94 386 57 367 0 324 c 25
 42 387 67 422 108 486 c 24
 149 549 176 582 210 648 c 24
 229 684 230 708 243 747 c 25
EndSplineSet
EndChar
