Width: 1000
Flags: H
TeX: 117 0
LayerCount: 2
Fore
SplineSet
276 -78 m 25
 747 -78 l 25
 747 -128 l 25
 276 -128 l 25
 276 -78 l 25
282 104 m 25
 732 104 l 25
 732 54 l 25
 282 54 l 25
 282 104 l 25
282 256 m 25
 759 256 l 25
 759 206 l 25
 282 206 l 25
 282 256 l 25
282 419 m 25
 699 419 l 25
 715 432 721 457 741 452 c 24
 776 442 793 421 810 389 c 24
 817 376 797 371 789 359 c 25
 789 -112 l 17
 781 -141 775 -163 744 -166 c 1
 720 -164 709 -140 699 -112 c 9
 699 369 l 25
 282 369 l 25
 282 419 l 25
255 443 m 25
 255 443 334 427 366 392 c 24
 380 377 353 363 345 344 c 25
 345 -124 l 17
 337 -153 331 -175 300 -178 c 1
 276 -176 265 -152 255 -124 c 9
 255 443 l 25
483 554 m 25
 594 554 l 25
 524 386 l 25
 443 386 l 25
 483 554 l 25
75 590 m 25
 783 590 l 25
 783 590 821 650 846 659 c 1
 872 655 914 602 945 569 c 1
 953 551 936 540 918 540 c 9
 75 540 l 25
 75 590 l 25
633 554 m 25
 564 554 l 25
 580 601 590 628 606 675 c 24
 620 716 639 780 639 780 c 25
 639 780 711 761 742 729 c 24
 752 719 725 713 717 701 c 24
 682 645 633 554 633 554 c 25
309 764 m 17
 370 745 398 735 436 693 c 24
 461 664 469 624 457 597 c 0
 447 574 417 564 396 578 c 24
 366 598 373 630 358 663 c 24
 339 703 328 725 309 764 c 17
EndSplineSet
EndChar
