Width: 1000
Flags: H
TeX: 117 0
LayerCount: 2
Fore
SplineSet
441 228 m 25
 441 363 l 25
 441 363 520 347 552 312 c 24
 566 297 539 283 531 264 c 25
 531 228 l 25
 441 228 l 25
597 -72 m 25
 570 -46 l 25
 570 -46 617 -18 645 3 c 24
 673 25 714 63 714 63 c 25
 714 63 774 25 789 -15 c 24
 795 -31 763 -22 747 -27 c 24
 688 -44 656 -54 597 -72 c 25
486 54 m 25
 537 54 l 25
 537 54 589 -1 627 -30 c 24
 656 -52 674 -64 708 -75 c 24
 778 -97 891 -114 891 -114 c 25
 891 -114 848 -132 825 -150 c 24
 812 -161 818 -187 801 -186 c 24
 743 -183 710 -169 660 -141 c 24
 609 -112 585 -86 546 -42 c 24
 517 -9 486 54 486 54 c 25
285 91 m 1
 666 91 l 1
 666 41 l 1
 285 41 l 1
 285 91 l 1
294 175 m 1
 657 175 l 1
 657 125 l 1
 294 125 l 1
 294 175 l 1
285 259 m 25
 600 259 l 25
 616 272 622 297 642 292 c 24
 677 282 694 261 711 229 c 24
 718 216 698 211 690 199 c 25
 690 146 l 2
 690 120 704 99 698 66 c 0
 690 24 655 12 635 12 c 0
 615 12 597 19 596 41 c 0
 595 61 600 78 600 114 c 2
 600 209 l 25
 285 209 l 25
 285 259 l 25
390 -135 m 24
 326 -149 289 -158 225 -171 c 24
 205 -175 189 -193 174 -180 c 24
 140 -150 120 -78 120 -78 c 25
 570 -57 l 25
 606 -87 l 25
 522 -106 474 -116 390 -135 c 24
255 -117 m 25
 255 278 l 25
 255 278 334 262 366 227 c 24
 380 212 353 198 345 179 c 25
 345 -117 l 25
 255 -117 l 25
492 447 m 9
 492 447 556 405 600 384 c 24
 659 356 693 341 756 321 c 24
 845 293 897 284 987 261 c 25
 955 246 934 243 906 222 c 24
 889 209 897 181 876 177 c 24
 840 171 821 190 786 201 c 24
 747 213 723 217 687 237 c 24
 638 265 615 289 570 324 c 24
 525 359 456 417 456 417 c 17
 492 447 l 9
465 486 m 25
 465 486 514 453 534 423 c 24
 539 415 523 414 516 408 c 24
 478 374 458 352 418 319 c 24
 381 288 359 271 318 245 c 24
 266 211 238 187 180 165 c 24
 135 147 104 145 57 144 c 1
 100 166 125 183 165 213 c 24
 227 258 260 286 318 336 c 24
 362 374 385 397 426 438 c 24
 443 455 465 486 465 486 c 25
722 474 m 0
 684 506 636 561 636 561 c 24
 588 630 l 17
 624 630 l 1
 693 570 l 8
 742 536 771 517 825 492 c 24
 882 465 978 438 978 438 c 1
 978 438 943 418 921 405 c 24
 902 394 894 368 873 375 c 0
 825 392 776 429 722 474 c 0
795 658 m 25
 558 658 l 25
 558 708 l 25
 815 708 l 25
 836 716 850 742 869 729 c 24
 901 707 910 678 915 639 c 24
 917 624 893 630 882 621 c 0
 859 602 841 586 813 563 c 0
 768 526 737 507 684 477 c 24
 645 455 622 444 579 432 c 24
 542 422 519 420 480 420 c 1
 530 447 564 469 616 504 c 24
 651 528 670 542 702 570 c 24
 740 603 795 658 795 658 c 25
306 717 m 25
 417 717 l 25
 417 717 439 748 463 757 c 1
 482 750 506 722 525 696 c 1
 533 678 517 667 499 667 c 9
 306 667 l 25
 306 717 l 25
285 594 m 25
 285 795 l 25
 285 795 364 779 396 744 c 24
 410 729 383 715 375 696 c 25
 375 594 l 25
 285 594 l 25
216 453 m 24
 195 478 159 513 159 513 c 25
 177 546 l 25
 177 546 216 536 252 520 c 0
 290 503 320 482 324 441 c 24
 327 411 296 385 266 388 c 24
 234 392 237 429 216 453 c 24
406 564 m 25
 183 564 l 25
 183 614 l 25
 421 614 l 25
 435 621 443 639 457 632 c 24
 488 616 504 598 516 566 c 24
 521 553 500 551 492 539 c 0
 467 501 455 485 426 456 c 24
 379 409 352 383 297 345 c 24
 249 312 219 296 165 276 c 24
 121 260 92 255 48 252 c 1
 102 278 132 296 182 331 c 24
 226 362 252 380 289 419 c 24
 339 471 406 564 406 564 c 25
174 681 m 25
 174 681 239 664 264 633 c 24
 274 621 250 613 243 598 c 0
 226 560 213 534 200 514 c 0
 171 469 147 448 105 414 c 24
 75 390 53 380 18 369 c 1
 39 391 49 408 65 435 c 24
 96 490 112 521 138 579 c 24
 155 618 174 681 174 681 c 25
EndSplineSet
EndChar
