Width: 1000
Flags: H
TeX: 117 0
LayerCount: 2
Fore
SplineSet
828 774 m 25
 871 754 907 758 939 723 c 24
 953 708 926 694 918 675 c 25
 918 -93 l 17
 910 -122 904 -144 873 -147 c 1
 849 -145 838 -121 828 -93 c 9
 828 774 l 25
690 690 m 25
 733 670 769 674 801 639 c 24
 815 624 788 610 780 591 c 25
 780 9 l 17
 772 -20 766 -42 735 -45 c 1
 711 -43 700 -19 690 9 c 9
 690 690 l 25
534 183 m 25
 534 729 l 25
 577 709 613 713 645 678 c 24
 659 663 632 649 624 630 c 25
 624 159 l 25
 615 115 619 86 600 45 c 24
 576 -7 560 -38 516 -75 c 24
 484 -102 454 -97 414 -111 c 25
 444 -68 467 -46 492 0 c 24
 513 37 521 60 531 102 c 24
 538 133 533 151 534 183 c 25
231 696 m 1
 321 696 l 1
 321 246 l 1
 231 246 l 1
 231 696 l 1
303 225 m 25
 334.59 210.96 364.824 217.764 384 189 c 24
 401.535 162.697 399.652 133.523 381 108 c 24
 368.555 90.9697 341.915 96.085 327 111 c 24
 309.314 128.686 320.153 149.524 315 174 c 24
 310.791 193.995 307.68 205.11 303 225 c 25
231 213 m 25
 256 191 278 185 294 156 c 24
 308 129 317 105 303 78 c 24
 293 59 265 58 249 72 c 24
 230 90 240 112 237 138 c 24
 233 167 231 184 231 213 c 25
156 192 m 25
 172.38 172.11 187.535 164.546 198 141 c 24
 211.607 110.384 228.143 88.2257 216 57 c 24
 206.865 33.5107 180.499 27.0865 156 33 c 24
 136.104 37.8027 130.853 57.6172 129 78 c 24
 126.99 100.108 141.884 110.398 147 132 c 24
 152.453 155.024 152.49 168.6 156 192 c 25
48 201 m 25
 71 158 99 139 105 90 c 24
 109 52 98 28 72 0 c 24
 59 -14 37 -13 24 0 c 24
 9 15 13 33 18 54 c 24
 23 78 43 84 48 108 c 24
 55 144 48 165 48 201 c 25
378 81 m 1
 378 223 l 25
 99 223 l 25
 99 273 l 25
 378 273 l 25
 394.38 285.87 399.89 311.435 420 306 c 24
 455.178 296.492 472.287 275.381 489 243 c 24
 495.55 230.309 476.19 224.7 468 213 c 25
 468 63 l 1
 444 7 440.687 -16.1417 408 -57 c 24
 378.32 -94.0996 359.233 -126.866 312 -132 c 24
 283.604 -135.087 286.004 -95.6581 270 -72 c 24
 259.089 -55.8711 253.53 -46.3799 243 -30 c 25
 300 -30 l 25
 324.57 -11.2803 345.24 -7.27346 363 18 c 24
 377.521 38.665 385 45 378 81 c 1
114 417 m 25
 366 417 l 25
 366 417 389 453 414 462 c 1
 440 458 428 429 459 396 c 1
 467 378 450 367 432 367 c 9
 114 367 l 25
 114 417 l 25
114 572 m 25
 369 572 l 25
 369 572 392 608 417 617 c 1
 443 613 431 584 462 551 c 1
 470 533 453 522 435 522 c 9
 114 522 l 25
 114 572 l 25
105 711 m 25
 381 711 l 25
 381 711 404 747 429 756 c 1
 455 752 443 723 474 690 c 1
 482 672 465 661 447 661 c 9
 105 661 l 25
 105 711 l 25
78 747 m 25
 121.29 727.11 156.953 731.251 189 696 c 24
 202.745 680.881 176.19 666.72 168 648 c 25
 168 231 l 17
 160 202 154 180 123 177 c 1
 99 179 88 203 78 231 c 9
 78 747 l 25
EndSplineSet
EndChar
