Width: 1000
Flags: H
TeX: 117 0
LayerCount: 2
Fore
SplineSet
229 430 m 25
 229 597 l 25
 229 597 308 581 340 546 c 24
 354 531 327 517 319 498 c 25
 319 429 l 25
 229 430 l 25
294 157 m 1
 350 129 379 114 417 69 c 24
 449 31 464 1 465 -48 c 24
 465 -79 449 -106 419 -113 c 24
 394 -119 377 -96 366 -72 c 24
 349 -37 363 -10 351 27 c 24
 334 80 320 111 294 157 c 1
117 -156 m 24
 81 -127 45 -63 45 -63 c 25
 45 -63 103 -43 141 -30 c 24
 229 -1 278 16 366 45 c 25
 393 0 l 25
 393 0 236 -88 140 -139 c 0
 130 -144 126 -163 117 -156 c 24
540 639 m 25
 630 639 l 25
 630 63 l 25
 540 63 l 25
 540 639 l 25
459 69 m 17
 459 69 648 100 733 111 c 0
 811 122 892 133 969 145 c 1
 946 117 930 109 905 97 c 0
 870 80 850 72 813 61 c 24
 739 40 685 28 621 15 c 0
 585 8 564 3 529 -9 c 24
 519 -12 514 -32 507 -24 c 24
 480 6 459 69 459 69 c 17
846 639 m 25
 846 21 l 2
 846 0 859 -84 853 -117 c 0
 845 -159 810 -171 790 -171 c 0
 770 -171 752 -164 751 -142 c 0
 750 -122 756 -30 756 6 c 2
 756 639 l 25
 846 639 l 25
465 675 m 25
 846 675 l 25
 846 675 868 706 892 715 c 1
 911 708 935 680 954 654 c 1
 962 636 946 625 928 625 c 9
 465 625 l 25
 465 675 l 25
159 465 m 25
 348 465 l 25
 364 478 370 503 390 498 c 24
 425 488 442 467 459 435 c 24
 466 422 446 417 438 405 c 25
 438 327 l 2
 438 306 451 222 445 189 c 0
 437 147 402 135 382 135 c 0
 362 135 344 142 343 164 c 0
 342 184 348 276 348 312 c 2
 348 415 l 25
 159 415 l 25
 159 465 l 25
123 -69 m 25
 123 501 l 25
 123 501 202 485 234 450 c 24
 248 435 221 421 213 402 c 25
 213 -54 l 25
 123 -69 l 25
260 726 m 17
 319 702 354 692 405 655 c 24
 432 636 446 618 454 586 c 24
 459 565 453 548 437 534 c 24
 424 523 408 525 393 534 c 24
 368 549 364 569 344 590 c 24
 306 631 284 653 246 693 c 25
 260 726 l 17
204 774 m 25
 204 774 275 756 303 723 c 24
 314 709 288 700 279 684 c 24
 255 640 245 613 220 570 c 24
 191 520 176 495 142 446 c 0
 121 416 107 400 78 378 c 24
 56 361 43 356 15 348 c 1
 37 382 48 402 66 438 c 24
 94 493 109 524 134 580 c 24
 155 627 165 654 183 703 c 24
 193 730 204 774 204 774 c 25
585 305 m 1
 795 305 l 1
 795 255 l 1
 585 255 l 1
 585 305 l 1
582 496 m 1
 798 496 l 1
 798 446 l 1
 582 446 l 1
 582 496 l 1
150 225 m 1
 409 225 l 1
 409 175 l 1
 150 175 l 1
 150 225 l 1
144 348 m 1
 414 348 l 1
 414 298 l 1
 144 298 l 1
 144 348 l 1
EndSplineSet
EndChar
