Width: 1000
Flags: H
TeX: 117 0
LayerCount: 2
Fore
SplineSet
288 159 m 17
 342 119 369 96 405 42 c 24
 430 4 441 -24 441 -70 c 24
 441 -92 426 -111 404 -114 c 24
 379 -117 361 -102 348 -81 c 24
 327 -47 330 -21 321 18 c 0
 309 73 301 104 288 159 c 17
147 -156 m 24
 106 -130 72 -57 72 -57 c 25
 72 -57 134 -37 174 -24 c 24
 240 -2 276 11 342 33 c 25
 354 -39 l 25
 287 -74 249 -92 183 -129 c 24
 168 -138 162 -166 147 -156 c 24
240 432 m 25
 240 597 l 25
 240 597 319 581 351 546 c 24
 365 531 338 517 330 498 c 25
 330 432 l 25
 240 432 l 25
861 354 m 25
 861 354 932 315 957 273 c 24
 966 259 939 254 930 240 c 0
 894 186 881 148 840 96 c 24
 791 33 763 -3 702 -54 c 24
 661 -88 636 -102 582 -120 c 1
 630 -78 661 -26 705 39 c 24
 743 95 760 129 790 189 c 24
 821 252 861 354 861 354 c 25
822 687 m 1
 867 668 891 656 921 621 c 24
 944 595 952 572 951 537 c 24
 950 518 935 505 917 502 c 24
 897 500 884 511 873 528 c 24
 855 556 859 577 849 609 c 0
 839 640 834 656 822 687 c 1
711 432 m 26
 711 738 l 25
 711 738 790 722 822 687 c 24
 836 672 809 658 801 639 c 25
 801 426 l 26
 801 356 801 316 811 246 c 24
 820 182 827 145 849 84 c 24
 865 40 906 -21 906 -21 c 25
 975 72 l 25
 950 -63 l 1
 950 -63 986 -116 972 -147 c 24
 961 -171 926 -172 906 -159 c 0
 874 -138 843 -107 819 -63 c 0
 777 14 760 62 741 147 c 24
 717 256 711 320 711 432 c 26
723 264 m 17
 699 237 682 223 651 204 c 24
 594 169 558 156 498 126 c 24
 488 121 479 106 471 114 c 24
 441 146 417 213 417 213 c 25
 417 213 523 232 591 243 c 24
 642 252 672 256 723 264 c 17
444 441 m 25
 835 441 l 25
 835 441 873 501 898 510 c 1
 924 506 966 453 997 420 c 1
 1005 402 988 391 970 391 c 9
 444 391 l 25
 444 441 l 25
537 -63 m 25
 537 612 l 25
 627 612 l 25
 627 -75 l 18
 627 -123 608 -142 573 -159 c 24
 554 -169 548 -136 531 -123 c 24
 498 -98 478 -86 444 -63 c 25
 537 -63 l 25
663 705 m 25
 663 705 701 653 711 615 c 24
 713 606 699 608 690 606 c 24
 632 594 599 586 540 579 c 24
 488 573 459 572 405 573 c 9
 471 606 508 624 573 657 c 24
 608 675 663 705 663 705 c 25
162 210 m 25
 396 210 l 25
 396 160 l 25
 162 160 l 25
 162 210 l 25
150 335 m 25
 384 335 l 25
 384 285 l 25
 150 285 l 25
 150 335 l 25
162 447 m 25
 351 447 l 25
 367 460 373 485 393 480 c 24
 428 470 445 449 462 417 c 24
 469 404 449 399 441 387 c 25
 441 186 l 17
 433 157 427 135 396 132 c 1
 372 134 361 158 351 186 c 9
 351 397 l 25
 162 397 l 25
 162 447 l 25
117 -75 m 9
 117 473 l 25
 117 473 196 457 228 422 c 24
 242 407 215 393 207 374 c 25
 207 -75 l 17
 117 -75 l 9
276 729 m 17
 340 698 380 676 436 628 c 24
 460 608 472 590 478 559 c 24
 482 541 476 523 459 517 c 24
 439 509 424 520 406 532 c 24
 369 558 357 581 324 612 c 24
 296 638 279 652 251 677 c 25
 276 729 l 17
244 763 m 25
 244 763 310 734 331 697 c 24
 340 681 315 673 303 658 c 24
 242 582 216 532 145 466 c 24
 106 429 77 416 25 399 c 1
 75 469 103 510 148 585 c 24
 189 653 244 763 244 763 c 25
EndSplineSet
EndChar
