Width: 1000
Flags: H
TeX: 117 0
LayerCount: 2
Fore
SplineSet
603 165 m 25
 644 128 665 104 708 69 c 24
 762 26 793 2 852 -33 c 24
 894 -57 922 -62 966 -81 c 25
 948 -100 939 -111 921 -129 c 24
 907 -143 902 -165 882 -162 c 24
 844 -155 827 -134 798 -108 c 24
 732 -50 698 -14 639 51 c 24
 608 86 595 110 567 147 c 25
 603 165 l 25
792 151 m 25
 618 151 l 25
 618 201 l 25
 795 201 l 25
 816 212 827 238 849 228 c 24
 882 213 894 188 903 153 c 24
 907 138 887 135 876 123 c 25
 827 67 805 29 750 -21 c 24
 700 -66 669 -89 609 -120 c 24
 562 -144 531 -148 480 -159 c 24
 441 -168 418 -166 378 -171 c 25
 438 -142 475 -131 531 -96 c 24
 588 -61 618 -37 666 9 c 24
 720 60 743 96 792 151 c 25
621 297 m 25
 662 278 694 280 726 249 c 24
 737 239 711 231 702 219 c 25
 667 182 648 160 612 123 c 24
 571 81 552 52 504 18 c 24
 469 -7 442 -9 402 -27 c 25
 438 19 461 43 495 90 c 24
 518 121 529 141 549 174 c 24
 578 221 593 249 621 297 c 25
546 343 m 1
 858 343 l 1
 858 293 l 1
 546 293 l 1
 546 343 l 1
555 450 m 1
 855 450 l 1
 855 400 l 1
 555 400 l 1
 555 450 l 1
564 561 m 25
 804 561 l 25
 820 574 826 599 846 594 c 24
 881 584 898 563 915 531 c 24
 922 518 902 513 894 501 c 25
 894 327 l 17
 886 298 880 276 849 273 c 1
 825 275 814 299 804 327 c 9
 804 511 l 25
 564 511 l 25
 564 561 l 25
519 600 m 25
 562 580 598 584 630 549 c 24
 644 534 617 520 609 501 c 25
 609 321 l 17
 601 292 595 270 564 267 c 1
 540 269 529 293 519 321 c 9
 519 600 l 25
573 675 m 25
 852 675 l 25
 852 675 874 706 898 715 c 1
 917 708 941 680 960 654 c 1
 968 636 952 625 934 625 c 9
 573 625 l 25
 573 675 l 25
546 777 m 25
 588 761 620 765 654 735 c 24
 666 725 643 713 636 699 c 25
 615 662 606 638 582 603 c 24
 557 567 543 546 510 516 c 24
 488 496 470 492 444 477 c 25
 463 519 475 542 492 585 c 24
 506 620 515 639 525 675 c 24
 536 714 538 737 546 777 c 25
126 -41 m 1
 390 -41 l 1
 390 -91 l 1
 126 -91 l 1
 126 -41 l 1
126 108 m 1
 378 108 l 1
 378 58 l 1
 126 58 l 1
 126 108 l 1
114 255 m 25
 330 255 l 25
 346 268 352 293 372 288 c 24
 407 278 424 257 441 225 c 24
 448 212 428 207 420 195 c 25
 420 -87 l 17
 412 -116 406 -138 375 -141 c 1
 351 -139 340 -115 330 -87 c 9
 330 205 l 25
 114 205 l 25
 114 255 l 25
96 285 m 25
 139 265 175 269 207 234 c 24
 221 219 194 205 186 186 c 25
 186 -105 l 17
 178 -134 172 -156 141 -159 c 1
 117 -157 106 -133 96 -105 c 9
 96 285 l 25
282 504 m 25
 332 482 370 483 411 447 c 24
 438 424 447 398 444 363 c 24
 442 343 422 334 402 333 c 24
 383 332 375 347 360 360 c 24
 344 374 339 386 324 402 c 24
 308 419 298 428 282 444 c 25
 282 504 l 25
240 444 m 25
 214 415 202 396 174 369 c 24
 150 346 135 333 105 318 c 24
 74 303 54 303 21 294 c 25
 49 327 66 344 93 378 c 24
 120 412 135 432 159 468 c 24
 174 490 179 505 192 528 c 25
 240 528 l 25
 240 444 l 25
21 552 m 25
 375 552 l 25
 375 552 397 583 421 592 c 1
 440 585 464 557 483 531 c 1
 491 513 475 502 457 502 c 9
 21 502 l 25
 21 552 l 25
300 663 m 25
 300 294 l 17
 292 265 286 243 255 240 c 1
 231 242 220 266 210 294 c 9
 210 663 l 25
 300 663 l 25
402 648 m 24
 323 636 278 636 198 630 c 24
 129 625 90 625 21 621 c 25
 84 644 120 658 183 681 c 24
 228 697 255 704 300 720 c 24
 336 732 393 753 393 753 c 1
 393 753 438 705 441 666 c 24
 442 649 419 650 402 648 c 24
EndSplineSet
EndChar
