Width: 1000
Flags: HW
LayerCount: 2
Fore
SplineSet
177 537 m 25
 220 517 256 521 288 486 c 24
 302 471 275 457 267 438 c 25
 267 -132 l 17
 259 -161 253 -183 222 -186 c 1
 198 -184 187 -160 177 -132 c 9
 177 537 l 25
270 798 m 25
 309 775 341 773 369 738 c 24
 379 725 357 716 348 702 c 24
 314 649 294 619 258 567 c 24
 215 505 198 464 147 408 c 24
 100 356 69 330 9 291 c 9
 52 365 79 405 120 480 c 24
 159 551 181 592 216 666 c 24
 240 716 249 747 270 798 c 25
416 444 m 1
 416 783 l 25
 459 763 495 767 527 732 c 24
 541 717 514 703 506 684 c 25
 506 447 l 17
 504 354 489 276 459 216 c 0
 423 145 390 110 330 57 c 24
 299 29 270 31 231 15 c 25
 271 65 299 90 333 144 c 24
 364 193 383 223 399 279 c 24
 416 341 414 372 416 444 c 1
517 324 m 25
 549 315 569 313 600 300 c 24
 630 288 649 282 674 261 c 24
 702 237 721 221 733 186 c 24
 740 165 736 146 719 132 c 24
 704 120 685 123 669 135 c 24
 639 158 635 183 611 213 c 24
 575 257 554 281 517 324 c 25
502 93 m 25
 554 68 588 61 636 30 c 24
 682 -0 718 -14 743 -63 c 24
 759 -95 756 -130 729 -153 c 24
 709 -171 683 -150 663 -132 c 24
 627 -100 619 -70 591 -30 c 24
 557 18 537 45 502 93 c 25
615 513 m 25
 665 513 l 25
 699 471 716 445 753 405 c 24
 783 372 801 354 836 327 c 24
 898 279 936 257 1000 213 c 25
 976 201 960 199 939 183 c 24
 922 170 927 131 903 141 c 0
 867 156 833 206 792 252 c 24
 751 299 728 326 693 378 c 24
 659 428 645 460 615 513 c 25
456 538 m 25
 812 538 l 25
 812 488 l 25
 456 488 l 25
 456 538 l 25
435 747 m 25
 748 747 l 25
 764 760 770 785 790 780 c 24
 825 770 842 749 859 717 c 24
 866 704 846 699 838 687 c 25
 838 492 l 17
 830 463 824 441 793 438 c 1
 769 440 758 464 748 492 c 9
 748 697 l 25
 435 697 l 25
 435 747 l 25
EndSplineSet
EndChar
