Width: 1000
Flags: HW
LayerCount: 2
Fore
SplineSet
282 627 m 25
 282 -132 l 17
 274 -161 268 -183 237 -186 c 1
 213 -184 202 -160 192 -132 c 9
 192 546 l 25
 282 627 l 25
270 759 m 25
 309 733 337 727 369 693 c 24
 377 685 364 675 357 666 c 24
 305 593 277 551 219 483 c 24
 184 442 161 422 120 387 c 24
 90 361 71 350 39 327 c 25
 72 384 91 416 123 474 c 24
 156 533 176 567 207 627 c 24
 233 678 245 708 270 759 c 25
669 438 m 25
 594 438 l 25
 616 654 l 25
 715 654 l 25
 669 438 l 25
480 -57 m 1
 849 -57 l 1
 849 -107 l 1
 480 -107 l 1
 480 -57 l 1
474 232 m 1
 858 232 l 1
 858 182 l 1
 474 182 l 1
 474 232 l 1
468 474 m 25
 795 474 l 25
 811 487 817 512 837 507 c 24
 872 497 889 476 906 444 c 24
 913 431 893 426 885 414 c 25
 885 -101 l 17
 877 -130 871 -152 840 -155 c 1
 816 -153 805 -129 795 -101 c 9
 795 424 l 25
 468 424 l 25
 468 474 l 25
432 507 m 25
 475 487 511 491 543 456 c 24
 557 441 530 427 522 408 c 25
 522 -104 l 17
 514 -133 508 -155 477 -158 c 1
 453 -156 442 -132 432 -104 c 9
 432 507 l 25
384 696 m 25
 802 696 l 25
 831 724 840 756 865 765 c 1
 891 761 933 708 964 675 c 1
 972 657 955 646 937 646 c 9
 384 646 l 25
 384 696 l 25
EndSplineSet
EndChar
