Width: 1000
Flags: HW
TeX: 117 0
LayerCount: 2
Fore
SplineSet
432 205 m 25
 494 153 524 118 591 72 c 24
 656 28 698 11 768 -24 c 24
 794 -37 809 -44 837 -51 c 24
 894 -65 927 -67 984 -78 c 25
 944 -93 920 -98 882 -117 c 24
 864 -126 863 -153 843 -150 c 24
 785 -142 753 -126 705 -93 c 24
 625 -39 588 2 519 69 c 24
 501 86 496 99 483 120 c 24
 462 153 452 172 432 205 c 25
549 175 m 25
 549 672 l 25
 639 672 l 25
 639 160 l 25
 626 105 630 69 606 18 c 24
 587 -23 565 -40 531 -69 c 24
 501 -95 482 -110 444 -123 c 24
 397 -140 367 -136 318 -144 c 25
 362 -111 391 -97 432 -60 c 24
 471 -24 498 -5 522 42 c 24
 546 89 538 123 549 175 c 25
375 246 m 25
 810 246 l 25
 810 196 l 25
 375 196 l 25
 375 246 l 25
393 402 m 25
 804 402 l 25
 804 352 l 25
 393 352 l 25
 393 402 l 25
383 549 m 25
 756 549 l 25
 772 562 778 587 798 582 c 24
 833 572 850 551 867 519 c 24
 874 506 854 501 846 489 c 25
 846 214 l 17
 838 185 832 163 801 160 c 1
 777 162 766 186 756 214 c 9
 756 499 l 25
 383 499 l 25
 383 549 l 25
348 582 m 25
 391 562 427 566 459 531 c 24
 473 516 446 502 438 483 c 25
 438 235 l 17
 430 206 424 184 393 181 c 1
 369 183 358 207 348 235 c 9
 348 582 l 25
306 693 m 9
 783 693 l 25
 783 693 821 753 846 762 c 1
 872 758 914 705 945 672 c 1
 953 654 936 643 918 643 c 9
 306 643 l 17
 306 693 l 9
174 510 m 25
 217 490 253 494 285 459 c 24
 299 444 272 430 264 411 c 25
 264 -138 l 17
 256 -167 250 -189 219 -192 c 1
 195 -190 184 -166 174 -138 c 9
 174 510 l 25
210 783 m 25
 254 754 296 753 324 708 c 24
 337 686 301 675 291 651 c 24
 268 598 264 565 240 513 c 24
 205 436 190 390 141 321 c 24
 115 284 86 275 51 246 c 25
 77 309 94 344 117 408 c 24
 145 487 160 531 180 612 c 24
 196 678 198 716 210 783 c 25
EndSplineSet
EndChar
