Width: 1000
Flags: H
TeX: 117 0
LayerCount: 2
Fore
SplineSet
837 102 m 25
 837 235 l 25
 366 235 l 25
 366 285 l 25
 837 285 l 25
 849 298 850 323 867 318 c 24
 906 308 926 289 948 255 c 24
 956 243 935 237 927 225 c 25
 927 75 l 17
 921 30 907 -3 879 -45 c 24
 862 -69 845 -89 816 -87 c 24
 793 -86 799 -55 783 -39 c 24
 757 -13 737 -2 708 21 c 25
 801 21 l 25
 812 34 821 39 828 54 c 24
 836 71 833 83 837 102 c 25
375 434 m 25
 861 434 l 25
 861 384 l 25
 375 384 l 25
 375 434 l 25
405 231 m 1
 397 199 378 184 351 186 c 24
 327 188 318 207 318 237 c 1
 336 489 l 25
 376 470 403 468 438 441 c 24
 445 435 426 438 423 423 c 1
 405 231 l 1
640 792 m 25
 683 772 719 776 751 741 c 24
 765 726 738 712 730 693 c 25
 730 -123 l 17
 722 -152 716 -174 685 -177 c 1
 661 -175 650 -151 640 -123 c 9
 640 792 l 25
474 156 m 25
 474 798 l 25
 517 778 553 782 585 747 c 24
 599 732 572 718 564 699 c 25
 564 153 l 17
 555 105 551 81 531 39 c 24
 512 -2 497 -25 465 -57 c 24
 433 -90 410 -106 369 -126 c 24
 334 -143 315 -147 273 -150 c 9
 316 -109 346 -91 384 -45 c 24
 416 -7 430 18 450 63 c 24
 465 97 465 120 474 156 c 25
339 630 m 25
 795 630 l 25
 811 643 817 668 837 663 c 24
 872 653 889 632 906 600 c 24
 913 587 893 582 885 570 c 25
 885 417 l 17
 877 388 871 366 840 363 c 1
 816 365 805 389 795 417 c 9
 795 580 l 25
 339 580 l 25
 339 630 l 25
189 558 m 25
 232 538 268 542 300 507 c 24
 314 492 287 478 279 459 c 25
 279 -132 l 17
 271 -161 265 -183 234 -186 c 1
 210 -184 199 -160 189 -132 c 9
 189 558 l 25
240 786 m 25
 283 763 318 762 351 726 c 24
 362 713 335 705 327 690 c 24
 308 657 300 637 282 603 c 24
 261 563 251 540 228 501 c 24
 193 442 177 406 135 351 c 24
 95 299 72 264 21 228 c 9
 54 302 74 343 105 417 c 24
 144 509 167 560 201 654 c 24
 219 704 225 735 240 786 c 25
EndSplineSet
EndChar
