Width: 1000
Flags: H
TeX: 117 0
LayerCount: 2
Fore
SplineSet
639 786 m 9
 682 766 718 770 750 735 c 24
 764 720 737 706 729 687 c 25
 729 -120 l 17
 721 -149 715 -171 684 -174 c 1
 660 -172 649 -148 639 -120 c 1
 639 786 l 9
438 208 m 25
 900 208 l 25
 900 158 l 25
 438 158 l 25
 438 208 l 25
447 388 m 25
 897 388 l 25
 897 338 l 25
 447 338 l 25
 447 388 l 25
450 561 m 25
 861 561 l 25
 877 574 883 599 903 594 c 24
 938 584 955 563 972 531 c 24
 979 518 959 513 951 501 c 25
 951 165 l 17
 943 136 937 114 906 111 c 1
 882 113 871 137 861 165 c 9
 861 511 l 25
 450 511 l 25
 450 561 l 25
420 591 m 25
 463 571 499 575 531 540 c 24
 545 525 518 511 510 492 c 25
 510 153 l 17
 502 124 496 102 465 99 c 1
 441 101 430 125 420 153 c 9
 420 591 l 25
312 597 m 25
 312 -111 l 17
 304 -140 298 -162 267 -165 c 1
 243 -163 232 -139 222 -111 c 9
 222 486 l 25
 312 597 l 25
321 777 m 25
 368 737 408 727 441 675 c 24
 451 660 414 664 402 651 c 24
 312 555 272 490 180 396 c 24
 125 340 87 317 27 267 c 25
 98 369 148 420 210 528 c 24
 263 620 278 680 321 777 c 25
EndSplineSet
EndChar
