Width: 1000
Flags: H
TeX: 117 0
LayerCount: 2
Fore
SplineSet
768 288 m 25
 803 261 838 258 858 219 c 24
 867 202 834 201 819 189 c 24
 775 153 751 132 708 96 c 25
 672 132 l 25
 693 162 707 178 726 210 c 24
 744 239 752 258 768 288 c 25
540 336 m 25
 582 348 l 25
 607 297 613 263 645 216 c 24
 688 153 719 122 774 69 c 24
 802 42 822 32 855 12 c 24
 903 -16 932 -28 981 -54 c 25
 958 -65 941 -65 921 -81 c 24
 892 -103 893 -141 858 -150 c 24
 835 -156 829 -125 813 -108 c 24
 769 -61 740 -37 702 15 c 24
 652 83 626 123 588 198 c 24
 562 249 559 282 540 336 c 25
378 -117 m 24
 359 -99 349 -88 330 -69 c 25
 394 -51 434 -50 495 -24 c 24
 546 -2 569 22 615 54 c 24
 637 70 648 81 669 99 c 25
 702 60 l 25
 677 37 666 21 639 0 c 24
 572 -53 531 -78 462 -129 c 24
 447 -140 442 -162 423 -159 c 24
 399 -156 395 -134 378 -117 c 24
426 174 m 25
 507 231 l 25
 507 -78 l 25
 426 -78 l 25
 426 174 l 25
489 339 m 25
 591 339 l 25
 573 311 564 295 546 267 c 24
 522 231 512 209 483 177 c 24
 446 136 423 113 378 81 c 24
 337 52 308 44 264 21 c 25
 296 58 315 79 345 117 c 24
 386 169 411 197 447 252 c 24
 468 284 473 305 489 339 c 25
267 366 m 25
 786 366 l 25
 786 366 824 426 849 435 c 1
 875 431 917 378 948 345 c 1
 956 327 939 316 921 316 c 9
 267 316 l 25
 267 366 l 25
324 516 m 25
 729 516 l 25
 729 516 752 552 777 561 c 1
 803 557 791 528 822 495 c 1
 830 477 813 466 795 466 c 9
 324 466 l 25
 324 516 l 25
327 660 m 25
 786 660 l 25
 786 660 809 696 834 705 c 1
 860 701 848 672 879 639 c 1
 887 621 870 610 852 610 c 9
 327 610 l 25
 327 660 l 25
525 339 m 25
 525 798 l 25
 568 778 604 782 636 747 c 24
 650 732 623 718 615 699 c 25
 615 339 l 25
 525 339 l 25
231 516 m 25
 231 -135 l 17
 223 -164 217 -186 186 -189 c 1
 162 -187 151 -163 141 -135 c 9
 141 477 l 25
 177 576 l 25
 203 565 224 570 243 549 c 24
 252 539 236 529 231 516 c 25
201 774 m 25
 243 748 284 751 309 708 c 24
 322 686 281 679 270 657 c 24
 232 579 225 529 183 453 c 24
 152 397 127 369 84 321 c 24
 65 300 47 295 24 279 c 25
 51 335 69 366 93 423 c 24
 130 511 152 560 180 651 c 24
 194 698 193 726 201 774 c 25
EndSplineSet
EndChar
