Width: 1000
Flags: H
TeX: 117 0
LayerCount: 2
Fore
SplineSet
450 -35 m 25
 861 -35 l 25
 861 -85 l 25
 450 -85 l 25
 450 -35 l 25
456 277 m 25
 828 277 l 25
 828 227 l 25
 456 227 l 25
 456 277 l 25
444 549 m 25
 786 549 l 25
 802 562 808 587 828 582 c 24
 863 572 880 551 897 519 c 24
 904 506 884 501 876 489 c 25
 876 -81 l 17
 868 -110 862 -132 831 -135 c 1
 807 -133 796 -109 786 -81 c 9
 786 499 l 25
 444 499 l 25
 444 549 l 25
423 585 m 25
 466 565 502 569 534 534 c 24
 548 519 521 505 513 486 c 25
 513 -99 l 17
 505 -128 499 -150 468 -153 c 1
 444 -151 433 -127 423 -99 c 9
 423 585 l 25
588 774 m 25
 632 759 667 766 702 735 c 24
 716 723 688 710 681 693 c 24
 654 626 641 587 615 519 c 25
 564 519 l 25
 588 774 l 25
201 531 m 25
 244 511 280 515 312 480 c 24
 326 465 299 451 291 432 c 25
 291 -114 l 17
 283 -143 277 -165 246 -168 c 1
 222 -166 211 -142 201 -114 c 9
 201 531 l 25
264 786 m 25
 311 756 350 752 384 708 c 24
 396 693 368 682 357 666 c 24
 308 592 278 552 231 477 c 24
 197 423 182 391 150 336 c 17
 113 289 90 288 39 246 c 9
 75 316 97 355 132 426 c 24
 161 485 179 518 204 579 c 24
 225 632 233 663 249 717 c 24
 257 743 258 759 264 786 c 25
EndSplineSet
EndChar
