Width: 1000
Flags: HW
LayerCount: 2
Fore
SplineSet
267 603 m 25
 267 -135 l 17
 259 -164 253 -186 222 -189 c 1
 198 -187 187 -163 177 -135 c 9
 177 504 l 25
 267 603 l 25
242 770 m 25
 283 747 316 745 348 710 c 24
 358 699 336 689 329 675 c 24
 282 584 262 529 210 441 c 24
 179 388 160 358 117 315 c 24
 88 286 63 280 28 258 c 25
 58 309 79 336 104 390 c 24
 149 487 171 544 208 645 c 24
 225 692 229 721 242 770 c 25
357 147 m 25
 792 147 l 25
 792 147 830 207 855 216 c 1
 881 212 923 159 954 126 c 1
 962 108 945 97 927 97 c 9
 357 97 l 25
 357 147 l 25
585 351 m 25
 628 331 664 335 696 300 c 24
 710 285 683 271 675 252 c 25
 675 -126 l 17
 667 -155 661 -177 630 -180 c 1
 606 -178 595 -154 585 -126 c 9
 585 351 l 25
528 567 m 9
 528 747 l 25
 571 727 607 731 639 696 c 24
 653 681 626 667 618 648 c 25
 618 576 l 17
 612 519 603 462 579 423 c 0
 553 381 541 353 501 324 c 24
 459 294 447 287 378 276 c 9
 415 320 438 335 474 390 c 0
 501 432 519 507 528 567 c 9
930 309 m 9
 774 309 l 17
 746 314 722 332 717 357 c 9
 717 543 l 25
 342 543 l 25
 342 593 l 25
 717 593 l 25
 733 606 739 631 759 626 c 24
 794 616 811 595 828 563 c 24
 835 550 815 545 807 533 c 25
 807 425 l 17
 807 404 827 390 843 389 c 9
 887 389 l 25
 933 516 l 25
 939 467 937 438 948 390 c 24
 952 370 976 362 971 342 c 24
 967 322 954 312 930 309 c 9
EndSplineSet
EndChar
