Width: 1000
Flags: H
TeX: 117 0
LayerCount: 2
Fore
SplineSet
585 207 m 25
 622 179 651 171 681 135 c 24
 709 102 724 79 729 36 c 24
 731 15 717 -8 696 -6 c 24
 670 -4 664 21 648 42 c 24
 627 69 619 88 600 117 c 24
 585 140 576 154 561 177 c 25
 585 207 l 25
843 244 m 9
 633 244 l 17
 633 294 l 9
 846 294 l 25
 864 305 872 330 891 321 c 24
 926 304 939 279 954 243 c 24
 959 231 940 227 933 216 c 24
 899 165 887 132 849 84 c 24
 810 35 785 8 735 -30 c 24
 678 -73 642 -94 576 -120 c 24
 511 -145 470 -144 402 -159 c 25
 464 -125 502 -110 561 -72 c 24
 613 -39 641 -17 687 24 c 24
 725 58 745 79 774 120 c 24
 806 165 819 189 843 244 c 9
663 378 m 25
 698 357 725 354 753 324 c 24
 760 316 742 311 735 303 c 24
 705 268 690 246 657 213 c 24
 608 165 582 135 525 96 c 24
 488 71 462 66 420 51 c 9
 449 84 467 101 495 135 c 24
 535 183 558 210 594 261 c 24
 624 305 636 332 663 378 c 25
501 600 m 25
 543 579 575 579 609 546 c 24
 646 510 664 482 675 432 c 24
 679 413 661 393 642 396 c 24
 612 401 602 424 582 447 c 24
 564 468 562 485 546 507 c 24
 532 527 522 536 507 555 c 25
 501 600 l 25
756 628 m 25
 528 628 l 25
 528 678 l 25
 756 678 l 25
 774 691 781 719 801 711 c 24
 837 697 848 670 867 636 c 24
 872 628 860 623 855 615 c 24
 823 562 810 528 771 480 c 24
 724 421 695 389 636 342 c 24
 584 300 550 280 489 252 c 24
 440 229 408 228 357 213 c 25
 425 261 466 284 531 336 c 24
 574 371 596 394 633 435 c 24
 666 471 685 493 711 534 c 24
 733 568 738 591 756 628 c 25
531 780 m 25
 570 765 596 765 630 741 c 24
 638 735 625 726 621 717 c 24
 600 673 590 647 564 606 c 24
 529 550 510 516 465 468 c 24
 435 436 414 423 372 402 c 9
 401 456 421 485 447 540 c 24
 470 588 480 616 498 666 c 24
 513 710 518 736 531 780 c 25
219 534 m 25
 262 514 298 518 330 483 c 24
 344 468 317 454 309 435 c 25
 309 -108 l 17
 301 -137 295 -159 264 -162 c 1
 240 -160 229 -136 219 -108 c 9
 219 534 l 25
294 771 m 25
 337 746 369 742 405 708 c 24
 414 700 396 692 390 681 c 24
 337 578 316 515 255 417 c 24
 213 350 183 316 129 258 c 24
 106 233 87 227 60 207 c 25
 96 281 119 321 153 396 c 24
 186 468 203 508 231 582 c 24
 258 655 269 697 294 771 c 25
EndSplineSet
EndChar
