Width: 1000
Flags: HW
LayerCount: 2
Fore
SplineSet
195 555 m 25
 238 535 274 539 306 504 c 24
 320 489 293 475 285 456 c 25
 285 -117 l 17
 277 -146 271 -168 240 -171 c 1
 216 -169 205 -145 195 -117 c 9
 195 555 l 25
267 777 m 25
 302 756 331 755 357 723 c 24
 367 710 349 698 342 684 c 24
 312 626 295 593 261 537 c 24
 221 471 203 430 153 372 c 24
 120 333 99 321 51 291 c 9
 86 361 108 400 141 471 c 24
 169 532 181 568 207 630 c 24
 231 687 244 720 267 777 c 25
913 -153 m 25
 703 -153 l 17
 675 -148 651 -130 646 -105 c 9
 646 237 l 25
 736 237 l 25
 736 -37 l 17
 736 -58 756 -72 772 -73 c 9
 841 -73 l 25
 854 -42 863 -31 874 -9 c 24
 893 29 901 51 919 90 c 25
 919 29 908 -6 919 -66 c 24
 924 -91 960 -92 958 -117 c 24
 956 -139 931 -139 913 -153 c 25
507 156 m 25
 507 237 l 25
 597 237 l 25
 597 108 l 17
 589 69 583 26 556 -18 c 24
 530 -62 508 -85 464 -111 c 24
 408 -143 367 -156 307 -162 c 9
 353 -121 385 -104 424 -57 c 24
 458 -16 474 11 493 60 c 24
 507 95 502 119 507 156 c 25
589 453 m 1
 679 453 l 1
 679 231 l 1
 589 231 l 1
 589 453 l 1
448 260 m 1
 844 260 l 1
 844 210 l 1
 448 210 l 1
 448 260 l 1
448 465 m 25
 793 465 l 25
 809 478 815 503 835 498 c 24
 870 488 887 467 904 435 c 24
 911 422 891 417 883 405 c 25
 883 237 l 17
 875 208 869 186 838 183 c 1
 814 185 803 209 793 237 c 9
 793 415 l 25
 448 415 l 25
 448 465 l 25
398 498 m 25
 441 478 477 482 509 447 c 24
 523 432 496 418 488 399 c 25
 488 240 l 17
 480 211 474 189 443 186 c 1
 419 188 408 212 398 240 c 9
 398 498 l 25
682 625 m 25
 510 625 l 1
 510 675 l 25
 687 675 l 25
 711 683 725 705 749 696 c 24
 780 684 793 662 804 630 c 24
 808 617 789 615 779 606 c 25
 660 456 l 25
 586 456 l 25
 682 625 l 25
510 792 m 25
 549 776 577 777 609 750 c 24
 619 742 598 734 591 723 c 24
 569 687 561 665 537 630 c 24
 504 583 488 553 447 513 c 24
 415 481 390 465 352 447 c 9
 377 497 392 525 417 576 c 24
 439 621 451 647 471 693 c 24
 487 731 495 753 510 792 c 25
EndSplineSet
EndChar
