Width: 1000
Flags: H
TeX: 117 0
LayerCount: 2
Fore
SplineSet
630 741 m 25
 666.27 718.77 694.896 715.936 723 684 c 24
 748.982 654.475 767.198 629.985 762 591 c 24
 758.351 563.629 732.492 551.577 705 549 c 24
 685.162 547.141 673.222 563.431 666 582 c 24
 655.39 609.283 669.464 628.449 663 657 c 24
 655.228 691.328 642.87 708.24 630 741 c 25
765 414 m 25
 797.76 384.75 823.888 375.03 849 339 c 24
 855.312 329.944 841.144 323.414 834 315 c 24
 788.407 261.302 763.555 230.065 714 180 c 24
 649.938 115.278 613.653 78.4543 543 21 c 24
 506.725 -8.49902 483.702 -22.9571 441 -42 c 24
 396.375 -61.9004 367.8 -63.96 321 -78 c 25
 361.95 -47.5801 387.532 -33.5041 426 0 c 24
 496.521 61.4219 537.327 95.588 600 165 c 24
 646.579 216.587 666.607 251.062 705 309 c 24
 731.053 348.315 741.6 373.05 765 414 c 25
471 600 m 17
 471 768 l 25
 514.29 748.11 549.953 752.251 582 717 c 24
 595.745 701.881 569.19 687.72 561 669 c 25
 561 498 l 1
 566 380 585.783 313.16 630 204 c 24
 661.921 125.195 698.313 89.1038 753 24 c 24
 773.038 0.145508 793.26 -3.4502 819 -21 c 25
 837.72 2.40039 850.601 13.9188 867 39 c 24
 890.508 74.9531 899.94 97.5596 921 135 c 25
 911.64 67.1396 891.94 29.3154 897 -39 c 24
 899.327 -70.417 935.966 -76.6436 939 -108 c 24
 940.533 -123.84 921.875 -130.892 906 -132 c 24
 868.197 -134.638 843.652 -134.42 810 -117 c 24
 741.628 -81.6074 702.969 -56.8029 651 0 c 24
 600.344 55.3682 581.838 96.1427 552 165 c 24
 520.496 237.7 509.504 282.107 495 360 c 24
 477.78 452.478 480.36 506.4 471 600 c 17
306 441 m 25
 765 543 l 17
 787.439 568.552 792.831 603.128 810 621 c 1
 861.155 610.78 889.547 572.951 912 540 c 9
 882 513 l 25
 306 384 l 25
 306 441 l 25
192 501 m 25
 235 481 271 485 303 450 c 24
 317 435 290 421 282 402 c 25
 282 -99 l 17
 274 -128 268 -150 237 -153 c 1
 213 -151 202 -127 192 -99 c 9
 192 501 l 25
240 765 m 25
 286.8 741.6 324.105 743.07 360 705 c 24
 373.286 690.909 347.994 677.151 339 660 c 24
 297.673 581.189 279.452 533.643 231 459 c 24
 192.498 399.686 165.199 369.743 117 318 c 24
 85.3408 284.014 62.0996 270.42 27 240 c 25
 59.7598 296.16 81.9238 325.848 111 384 c 24
 142.879 447.758 160.139 484.482 183 552 c 24
 210.578 633.451 217.77 681.93 240 765 c 25
EndSplineSet
EndChar
