Width: 1000
Flags: H
TeX: 117 0
LayerCount: 2
Fore
SplineSet
834 252 m 24
 836 235 810 241 795 234 c 24
 697 192 641 168 543 126 c 25
 537 195 l 25
 572 216 593 226 627 249 c 24
 687 288 718 313 777 354 c 25
 799 314 827 297 834 252 c 24
870 -132 m 9
 552 -132 l 17
 524 -127 500 -109 495 -84 c 9
 495 453 l 25
 538 433 574 437 606 402 c 24
 620 387 593 373 585 354 c 25
 585 -16 l 17
 585 -37 605 -51 621 -52 c 9
 807 -52 l 25
 820 -32 831 -22 840 0 c 24
 855 36 858 59 870 96 c 25
 877 46 874 16 888 -33 c 24
 896 -60 929 -68 924 -96 c 24
 919 -121 894 -120 870 -132 c 9
603 576 m 25
 603 765 l 25
 646 745 682 749 714 714 c 24
 728 699 701 685 693 666 c 25
 693 576 l 25
 603 576 l 25
822 544 m 25
 429 544 l 25
 429 594 l 25
 822 594 l 25
 843 605 854 630 876 621 c 24
 915 604 930 578 948 540 c 24
 954 528 933 525 924 516 c 25
 801 414 l 25
 822 544 l 25
414 648 m 25
 427 600 444 575 447 525 c 24
 449 492 445 471 426 444 c 24
 410 422 392 401 366 408 c 24
 343 414 341 441 342 465 c 24
 343 494 361 507 372 534 c 24
 389 578 398 604 414 648 c 25
195 552 m 25
 238 532 274 536 306 501 c 24
 320 486 293 472 285 453 c 25
 285 -135 l 17
 277 -164 271 -186 240 -189 c 1
 216 -187 205 -163 195 -135 c 9
 195 552 l 25
270 771 m 25
 309 748 340 746 369 711 c 24
 380 698 359 687 351 672 c 24
 318 611 299 576 264 516 c 24
 226 450 212 408 165 348 c 24
 123 294 90 258 39 225 c 9
 68 284 87 315 114 375 c 24
 156 470 178 524 216 621 c 24
 239 679 249 712 270 771 c 25
EndSplineSet
EndChar
