Width: 1000
Flags: H
TeX: 117 0
LayerCount: 2
Fore
SplineSet
843 390 m 25
 878.1 361.92 910.209 356.744 933 318 c 24
 941.39 303.738 913.452 300.827 903 288 c 24
 887.621 269.126 880.124 257.506 867 237 c 24
 842.663 198.974 833.719 174.393 807 138 c 24
 765.687 81.7285 744.46 47.1717 693 0 c 24
 645.158 -43.8555 608.82 -56.7305 555 -93 c 25
 602.97 -28.6504 633.015 5.52924 678 72 c 24
 711.515 121.521 726.471 152.004 756 204 c 24
 780.301 246.791 795.151 270.426 816 315 c 24
 829.172 343.159 832.47 360.75 843 390 c 25
768 669 m 25
 800.76 654.96 827.825 659.189 852 633 c 24
 874.348 608.79 885.051 583.68 876 552 c 24
 867.965 523.875 845.164 504.757 816 507 c 24
 794.97 508.618 803.952 537.765 798 558 c 24
 792.234 577.603 791.331 589.274 786 609 c 24
 779.626 632.584 775.02 645.6 768 669 c 25
615 348 m 17
 615 756 l 9
 658.29 736.11 693.953 740.251 726 705 c 24
 739.745 689.881 713.19 675.72 705 657 c 25
 705 426 l 25
 712.02 352.29 703.922 308.543 723 237 c 24
 741.887 166.175 765.476 130.117 801 66 c 24
 813.855 42.7979 828.45 34.8896 846 15 c 25
 948 90 l 25
 897 -30 l 1
 897 -30 924 -63 918 -96 c 0
 914.227 -116.752 887.519 -118.886 867 -114 c 24
 833.217 -105.956 818.07 -88.9424 792 -66 c 24
 759.03 -36.9863 739.041 -19.9863 717 18 c 24
 683.304 76.0723 670.827 112.854 651 177 c 24
 630.874 242.112 629.04 281.31 615 348 c 17
345 168 m 24
 335.752 164.206 326.253 150.495 321 159 c 24
 296.888 198.038 297.21 226.71 282 270 c 25
 339.33 273.51 371.828 273.483 429 279 c 24
 505.27 286.359 547.95 293.64 624 303 c 25
 597.09 284.28 584.508 269.278 555 255 c 24
 475.201 216.388 427.016 201.648 345 168 c 24
306 462 m 25
 792 462 l 25
 821 490 830 522 855 531 c 1
 881 527 923 474 954 441 c 1
 962 423 945 412 927 412 c 9
 306 412 l 25
 306 462 l 25
414 -21 m 25
 414 642 l 25
 504 642 l 25
 504 -39 l 17
 495 -81 484.342 -110.115 447 -120 c 24
 420.499 -127.015 423.294 -83.2655 402 -66 c 24
 379.226 -47.5342 361.74 -44.04 336 -30 c 25
 414 -21 l 25
507 747 m 25
 525.72 735.3 536.244 728.642 555 717 c 24
 570.174 707.582 578.79 702.36 594 693 c 25
 574.11 676.62 566.257 662.092 543 651 c 24
 489.225 625.354 456.716 614.781 399 600 c 24
 360.198 590.062 336.78 592.68 297 588 c 25
 339.12 613.74 365.194 624.809 405 654 c 24
 435.718 676.526 448.851 694.335 477 720 c 24
 488.632 730.605 495.3 736.47 507 747 c 25
168 507 m 25
 211 487 247 491 279 456 c 24
 293 441 266 427 258 408 c 25
 258 -90 l 17
 250 -119 244 -141 213 -144 c 1
 189 -142 178 -118 168 -90 c 9
 168 507 l 25
207 762 m 25
 246.78 738.6 283.634 740.557 309 702 c 24
 321.941 682.329 291.605 669.497 282 648 c 24
 242.454 559.492 226.639 506.562 183 420 c 24
 155.085 364.628 138.698 332.638 99 285 c 24
 79.0557 261.067 58.7402 257.55 33 240 c 25
 58.7402 299.67 74.9572 332.626 99 393 c 24
 127.625 464.881 146.267 504.744 168 579 c 24
 188.498 649.035 191.79 690.63 207 762 c 25
EndSplineSet
EndChar
