Width: 1000
Flags: HW
LayerCount: 2
Fore
SplineSet
189 585 m 25
 232 565 268 569 300 534 c 24
 314 519 287 505 279 486 c 25
 279 -126 l 17
 271 -155 265 -177 234 -180 c 1
 210 -178 199 -154 189 -126 c 9
 189 585 l 25
276 780 m 25
 315 752 346 746 375 708 c 24
 384 697 362 690 354 678 c 24
 311 615 290 577 243 516 c 24
 201 462 176 431 126 384 c 24
 90 351 64 340 24 312 c 25
 64 376 89 411 126 477 c 24
 172 558 196 604 237 687 c 24
 254 722 261 744 276 780 c 25
423 384 m 25
 815 384 l 25
 815 384 837 415 861 424 c 1
 880 417 904 389 923 363 c 1
 931 345 915 334 897 334 c 9
 423 334 l 25
 423 384 l 25
629 360 m 25
 629 780 l 25
 672 760 708 764 740 729 c 24
 754 714 727 700 719 681 c 25
 719 360 l 25
 629 360 l 25
366 606 m 25
 816 606 l 25
 816 606 854 666 879 675 c 1
 905 671 947 618 978 585 c 1
 986 567 969 556 951 556 c 9
 366 556 l 25
 366 606 l 25
480 -83 m 25
 830 -83 l 25
 830 -133 l 25
 480 -133 l 25
 480 -83 l 25
480 204 m 25
 788 204 l 25
 804 217 810 242 830 237 c 24
 865 227 882 206 899 174 c 24
 906 161 886 156 878 144 c 25
 878 -117 l 17
 870 -146 864 -168 833 -171 c 1
 809 -169 798 -145 788 -117 c 9
 788 154 l 25
 480 154 l 25
 480 204 l 25
453 228 m 25
 496 208 532 212 564 177 c 24
 578 162 551 148 543 129 c 25
 543 -114 l 17
 535 -143 529 -165 498 -168 c 1
 474 -166 463 -142 453 -114 c 9
 453 228 l 25
EndSplineSet
EndChar
