Width: 1000
Flags: H
TeX: 117 0
LayerCount: 2
Fore
SplineSet
486 -72 m 25
 786 -72 l 25
 786 -122 l 25
 486 -122 l 25
 486 -72 l 25
489 213 m 25
 738 213 l 25
 754 226 760 251 780 246 c 24
 815 236 832 215 849 183 c 24
 856 170 836 165 828 153 c 25
 828 -114 l 17
 820 -143 814 -165 783 -168 c 1
 759 -166 748 -142 738 -114 c 9
 738 163 l 25
 489 163 l 25
 489 213 l 25
432 249 m 25
 475 229 511 233 543 198 c 24
 557 183 530 169 522 150 c 25
 522 -126 l 17
 514 -155 508 -177 477 -180 c 1
 453 -178 442 -154 432 -126 c 9
 432 249 l 25
591 471 m 25
 645 507 l 25
 685.95 461.37 704.562 431.162 750 390 c 24
 804.456 340.67 839.34 317.464 900 276 c 24
 931.992 254.132 953.07 246.72 987 228 c 25
 968.28 217.47 957.469 211.966 939 201 c 24
 920.019 189.729 910.801 161.239 891 171 c 24
 816.425 207.763 784.792 247.208 726 306 c 24
 667.208 364.792 643.65 406.65 591 471 c 25
600 546 m 25
 631.59 524.94 658.732 522.751 681 492 c 24
 689.599 480.126 672.183 470.428 663 459 c 24
 619.358 404.69 593.769 374.718 546 324 c 24
 498.916 274.01 474.095 243.305 420 201 c 24
 382.045 171.317 354.12 164.4 312 141 c 25
 368.16 214.71 402.297 254.481 456 330 c 24
 514.673 412.509 543.84 461.76 600 546 c 25
699 720 m 25
 758.67 687.24 801.403 681.537 852 636 c 24
 886.634 604.83 909.971 577.585 909 531 c 24
 908.419 503.098 874.87 481.529 849 492 c 24
 808.653 508.331 806.923 545.637 783 582 c 24
 748.371 634.637 731.76 666.18 699 720 c 25
465 717 m 25
 504 692 537 691 564 654 c 24
 574 640 548 631 537 618 c 24
 504 579 488 553 450 519 c 24
 414 487 388 477 348 450 c 25
 374 504 390 533 414 588 c 24
 436 638 445 667 465 717 c 25
261 549 m 25
 261 -135 l 17
 253 -164 247 -186 216 -189 c 1
 192 -187 181 -163 171 -135 c 9
 171 450 l 25
 261 549 l 25
264 732 m 25
 301.44 701.58 334.24 694.787 360 654 c 24
 369.011 639.733 345.686 631.817 336 618 c 24
 266.123 518.322 233.781 456.64 156 363 c 24
 112.602 310.753 77.3096 291.63 27 246 c 25
 76.1396 337.26 107.569 386.838 153 480 c 24
 200.071 576.526 220.71 633.72 264 732 c 25
EndSplineSet
EndChar
