Width: 1000
Flags: H
TeX: 117 0
LayerCount: 2
Fore
SplineSet
693 708 m 25
 735.12 685.77 765.829 683.113 801 651 c 24
 822.67 631.215 836.058 610.904 831 582 c 24
 826.151 554.292 807.769 535.479 780 531 c 24
 758.701 527.564 748.293 548.04 738 567 c 24
 724.861 591.202 731.373 609.766 723 636 c 24
 713.751 664.979 704.7 679.92 693 708 c 25
591 432 m 25
 618 432 l 25
 654.27 344.25 667.485 291.392 711 207 c 24
 745.056 140.952 767.066 103.925 816 48 c 24
 850.057 9.07812 877.058 -5.72546 921 -33 c 24
 945.552 -48.2393 963.09 -49.4697 990 -60 c 25
 958.41 -70.5303 937.2 -69.2929 909 -87 c 24
 885.137 -101.983 887.571 -150.378 861 -141 c 24
 805.604 -121.448 789.931 -80.9552 756 -33 c 24
 701.517 44.0029 676.988 92.0421 636 177 c 24
 612.366 225.986 608.55 257.52 591 309 c 25
 591 432 l 25
555 321 m 9
 555 789 l 25
 598.29 769.11 633.953 773.251 666 738 c 24
 679.745 722.881 653.19 708.72 645 690 c 25
 645 333 l 17
 642 243 624.461 195.356 591 114 c 24
 563.966 48.2705 538.523 14.7303 492 -39 c 24
 454.441 -82.377 426.074 -100.679 378 -132 c 24
 348.137 -151.456 326.76 -153.96 294 -168 c 25
 336.12 -115.35 363.256 -88.1814 402 -33 c 24
 440.628 22.0146 465.331 52.295 492 114 c 24
 525.479 191.461 549 246 555 321 c 9
339 480 m 25
 810 480 l 25
 839 508 848 540 873 549 c 1
 899 545 941 492 972 459 c 1
 980 441 963 430 945 430 c 9
 339 430 l 25
 339 480 l 25
210 516 m 25
 253 496 289 500 321 465 c 24
 335 450 308 436 300 417 c 25
 300 -138 l 17
 292 -167 286 -189 255 -192 c 1
 231 -190 220 -166 210 -138 c 9
 210 516 l 25
267 759 m 25
 314.97 736.77 350.931 737.622 390 702 c 24
 402.011 691.049 377.339 679.952 369 666 c 24
 316.499 578.161 289.622 526.897 234 441 c 24
 197.11 384.031 180.653 347.32 132 300 c 24
 93.5918 262.645 60.6299 256.08 15 228 c 25
 68.8203 323.94 101.957 376.555 153 474 c 24
 179.239 524.093 191.998 553.496 213 606 c 24
 236.501 664.752 245.94 699.33 267 759 c 25
EndSplineSet
EndChar
