Width: 1000
Flags: H
TeX: 117 0
LayerCount: 2
Fore
SplineSet
741 -111 m 25
 681 -111 l 25
 729 463 l 25
 729 463 838 436 846 414 c 0
 851 400 822 401 819 386 c 24
 781 194 741 -111 741 -111 c 25
459 129 m 0
 452 204 447 248 435 324 c 24
 426 385 417 419 405 480 c 17
 453 426 475 394 504 330 c 24
 536 261 545 218 560 144 c 24
 572 83 580 40 573 -15 c 0
 569 -44 557 -70 528 -76 c 24
 503 -81 485 -60 480 -33 c 0
 472 8 465 66 459 129 c 0
336 -90 m 25
 808 -90 l 25
 808 -90 844 -30 869 -21 c 1
 895 -25 937 -78 968 -111 c 1
 976 -129 959 -140 941 -140 c 9
 336 -140 l 25
 336 -90 l 25
570 513 m 25
 570 771 l 25
 570 771 649 755 681 720 c 24
 695 705 668 691 660 672 c 25
 660 513 l 25
 570 513 l 25
351 531 m 25
 789 531 l 25
 789 531 827 591 852 600 c 1
 878 596 920 543 951 510 c 1
 959 492 942 481 924 481 c 9
 351 481 l 25
 351 531 l 25
270 537 m 17
 270 -114 l 1
 262 -143 256 -165 225 -168 c 1
 201 -166 190 -142 180 -114 c 9
 180 465 l 25
 270 537 l 17
27 264 m 9
 55 310 71 335 99 381 c 24
 134 439 155 472 189 531 c 24
 217 581 232 609 258 660 c 24
 276 696 303 753 303 753 c 25
 303 753 373 724 402 687 c 24
 411 675 387 669 378 657 c 24
 329 590 305 550 255 483 c 24
 216 430 197 397 150 351 c 24
 108 310 75 282 27 264 c 9
EndSplineSet
EndChar
