Width: 1000
Flags: H
TeX: 117 0
LayerCount: 2
Fore
SplineSet
742 -126 m 24
 707 -85 709 -49 687 0 c 24
 666 47 653 73 631 120 c 17
 703 89 713 82 753 42 c 24
 793 3 814 -25 831 -78 c 24
 839 -104 835 -131 811 -144 c 24
 787 -157 760 -147 742 -126 c 24
219 -134 m 24
 200.168 -136.846 184.252 -156.68 171 -143 c 24
 140.001 -111.001 126 -38 126 -38 c 25
 756 -15 l 25
 760 -54 l 25
 549.01 -85.2002 429.891 -102.134 219 -134 c 24
382 207 m 25
 493 207 l 25
 333 -63 l 17
 267 -63 l 9
 382 207 l 25
120 240 m 25
 696 240 l 25
 725 268 734 300 759 309 c 1
 785 305 827 252 858 219 c 1
 866 201 849 190 831 190 c 9
 120 190 l 25
 120 240 l 25
279 417 m 25
 603 417 l 25
 603 417 625 448 649 457 c 1
 668 450 692 422 711 396 c 1
 719 378 703 367 685 367 c 9
 279 367 l 25
 279 417 l 25
517 741 m 25
 517 741 560 691 592 663 c 24
 649 612 682 585 744 540 c 24
 799 500 832 479 892 447 c 24
 932 425 1000 402 1000 402 c 25
 1000 402 960 382 936 366 c 24
 916 353 911 319 889 327 c 0
 855 339 780 395 717 447 c 24
 652 501 619 535 561 597 c 24
 526 634 481 699 481 699 c 25
 517 741 l 25
369 510 m 24
 327 466 305 440 258 402 c 24
 207 360 178 337 120 306 c 24
 80 285 69 282 10 270 c 1
 87 333 110 356 168 417 c 0
 219 471 254 511 306 573 c 24
 342 615 361 640 394 684 c 24
 423 724 465 789 465 789 c 25
 465 789 528 758 553 723 c 24
 561 712 535 712 526 702 c 24
 497 669 485 646 457 612 c 24
 424 571 405 548 369 510 c 24
EndSplineSet
EndChar
