Width: 1000
Flags: HW
LayerCount: 2
Fore
SplineSet
200 157 m 1
 798 157 l 1
 798 107 l 1
 200 107 l 1
 200 157 l 1
630 321 m 25
 630 -84 l 17
 622 -113 616 -135 585 -138 c 1
 561 -136 550 -112 540 -84 c 9
 540 321 l 25
 630 321 l 25
444 324 m 25
 444 -90 l 17
 436 -119 430 -141 399 -144 c 1
 375 -142 364 -118 354 -90 c 9
 354 324 l 25
 444 324 l 25
744 -55 m 25
 744 289 l 25
 204 289 l 25
 204 339 l 25
 744 339 l 25
 760 352 766 377 786 372 c 24
 821 362 838 341 855 309 c 24
 862 296 842 291 834 279 c 25
 834 -63 l 17
 825 -102 809 -139 768 -150 c 24
 736 -158 729 -117 703 -97 c 24
 681 -80 668 -71 645 -55 c 25
 744 -55 l 25
158 368 m 25
 201 348 237 352 269 317 c 24
 283 302 256 288 248 269 c 25
 248 -96 l 17
 240 -125 234 -147 203 -150 c 1
 179 -148 168 -124 158 -96 c 9
 158 368 l 25
257 480 m 25
 591 480 l 25
 591 480 613 511 637 520 c 1
 656 513 680 485 699 459 c 1
 707 441 691 430 673 430 c 9
 257 430 l 25
 257 480 l 25
490 729 m 25
 531 700 552 680 594 654 c 24
 664 610 704 584 779 549 c 24
 855 514 902 503 981 474 c 25
 960 458 946 451 927 432 c 24
 911 417 915 387 893 387 c 24
 850 386 828 408 790 429 c 24
 735 460 708 483 657 519 c 24
 611 552 585 571 540 606 c 24
 505 634 487 652 453 681 c 25
 490 729 l 25
447 777 m 25
 480 752 507 747 531 714 c 24
 538 704 517 700 509 690 c 24
 475 652 459 627 423 591 c 24
 378 546 350 523 300 483 c 24
 272 461 256 447 223 432 c 24
 156 402 123 387 45 369 c 9
 110 422 150 447 211 504 c 24
 278 566 313 603 372 672 c 24
 405 710 418 736 447 777 c 25
EndSplineSet
EndChar
