Width: 1000
Flags: HW
LayerCount: 2
Fore
SplineSet
210 420 m 25
 253 387 283 375 321 336 c 24
 340 316 348 299 352 272 c 24
 355 253 353 235 337 224 c 24
 320 212 300 210 282 222 c 24
 260 236 261 258 248 281 c 24
 226 319 214 340 192 378 c 25
 210 420 l 25
219 508 m 25
 204 540 l 25
 327 652 l 25
 350 621 375 610 387 573 c 24
 391 561 368 568 356 563 c 24
 302 542 272 529 219 508 c 25
61 531 m 0
 82 573 89 592 100 633 c 1
 121 599 136 570 134 527 c 24
 132 489 123 460 91 440 c 24
 71 427 41 439 33 462 c 24
 24 490 48 505 61 531 c 0
165 408 m 26
 165 800 l 25
 165 800 244 784 276 749 c 24
 290 734 263 720 255 701 c 25
 255 417 l 26
 255 370 245 342 220 302 c 24
 192 256 167 236 123 204 c 24
 87 178 62 167 18 156 c 1
 57 196 73 217 104 260 c 24
 123 286 132 302 144 332 c 24
 156 360 165 377 165 408 c 26
774 543 m 25
 810 579 l 25
 822 538 823 513 840 474 c 24
 865 419 882 388 918 339 c 24
 945 301 1000 252 1000 252 c 25
 1000 252 965 243 943 235 c 24
 931 230 925 214 913 220 c 24
 888 233 878 250 865 275 c 24
 831 340 818 380 794 450 c 24
 782 485 774 543 774 543 c 25
915 634 m 25
 915 634 963 600 980 569 c 24
 985 560 969 558 960 552 c 24
 927 530 908 517 873 498 c 24
 849 485 835 482 810 471 c 25
 842 517 862 542 893 590 c 24
 903 606 915 634 915 634 c 25
746 552 m 26
 746 789 l 25
 746 789 825 773 857 738 c 24
 871 723 844 709 836 690 c 25
 836 542 l 26
 836 472 816 432 786 369 c 24
 766 326 744 307 709 275 c 24
 684 252 666 243 635 228 c 24
 613 218 598 218 575 211 c 25
 606 239 629 249 655 282 c 24
 689 326 708 353 726 405 c 24
 744 460 746 494 746 552 c 26
702 651 m 1
 720 601 730 571 724 520 c 24
 721 492 705 473 679 463 c 24
 660 456 635 464 631 484 c 24
 626 512 651 524 664 549 c 0
 683 587 690 608 702 651 c 1
264 165 m 25
 336 165 l 25
 336 165 392 108 435 81 c 24
 508 34 551 10 630 -24 c 24
 698 -53 738 -64 810 -81 c 24
 855 -92 927 -96 927 -96 c 25
 927 -96 862 -118 825 -141 c 24
 809 -151 813 -178 795 -177 c 24
 733 -174 698 -159 642 -132 c 24
 553 -89 504 -61 426 0 c 24
 355 56 264 165 264 165 c 25
681 139 m 25
 204 139 l 25
 204 189 l 25
 696 189 l 25
 717 202 728 233 750 222 c 24
 787 204 797 174 810 135 c 24
 814 124 794 126 783 120 c 25
 749 87 734 64 696 36 c 24
 627 -16 588 -46 510 -84 c 24
 438 -119 394 -135 315 -150 c 24
 230 -167 174 -168 93 -165 c 9
 178 -139 229 -131 312 -99 c 24
 379 -73 416 -54 477 -15 c 24
 561 39 681 139 681 139 c 25
408 303 m 1
 588 303 l 1
 588 253 l 1
 408 253 l 1
 408 303 l 1
408 392 m 25
 534 392 l 25
 550 405 556 430 576 425 c 24
 611 415 628 394 645 362 c 24
 652 349 632 344 624 332 c 25
 624 290 l 17
 616 261 610 239 579 236 c 1
 555 238 544 262 534 290 c 9
 534 342 l 25
 408 342 l 25
 408 392 l 25
360 419 m 25
 360 419 439 403 471 368 c 24
 485 353 458 339 450 320 c 25
 450 275 l 17
 442 246 436 224 405 221 c 1
 381 223 370 247 360 275 c 9
 360 419 l 25
369 488 m 25
 519 488 l 25
 519 488 541 519 565 528 c 1
 584 521 608 493 627 467 c 1
 635 449 619 438 601 438 c 9
 369 438 l 25
 369 488 l 25
369 578 m 25
 519 578 l 25
 519 578 541 609 565 618 c 1
 584 611 608 583 627 557 c 1
 635 539 619 528 601 528 c 9
 369 528 l 25
 369 578 l 25
345 665 m 25
 543 665 l 25
 543 665 565 696 589 705 c 1
 608 698 632 670 651 644 c 1
 659 626 643 615 625 615 c 9
 345 615 l 25
 345 665 l 25
381 759 m 25
 504 759 l 25
 504 759 526 790 550 799 c 1
 569 792 593 764 612 738 c 1
 620 720 604 709 586 709 c 9
 381 709 l 25
 381 759 l 25
EndSplineSet
EndChar
