Width: 1000
Flags: H
TeX: 117 0
LayerCount: 2
Fore
SplineSet
444 588 m 25
 444 759 l 25
 487 739 523 743 555 708 c 24
 569 693 542 679 534 660 c 25
 534 588 l 25
 444 588 l 25
822 669 m 25
 865 642 902 640 933 600 c 24
 956 571 964 540 948 507 c 24
 937 485 904 488 885 504 c 24
 859 526 864 553 852 585 c 24
 840 617 834 636 822 669 c 25
516 582 m 25
 609 582 l 25
 602 546 598 525 591 489 c 24
 584 456 580 438 573 405 c 25
 519 405 l 25
 516 582 l 25
375 585 m 25
 409 560 442 559 462 522 c 24
 482 485 486 451 465 414 c 24
 454 393 422 403 405 420 c 24
 387 438 398 460 393 486 c 24
 386 525 382 546 375 585 c 25
870 333 m 25
 903 304 935 298 954 258 c 24
 962 242 930 243 921 228 c 24
 899 193 897 168 876 132 c 24
 843 74 830 35 783 -12 c 24
 740 -55 706 -68 651 -93 c 24
 599 -117 565 -120 510 -138 c 25
 577 -84 623 -63 681 0 c 24
 741 66 760 114 807 189 c 24
 822 212 829 227 840 252 c 24
 854 283 858 301 870 333 c 25
417 28 m 1
 606 28 l 1
 606 -22 l 1
 417 -22 l 1
 417 28 l 1
414 171 m 1
 585 171 l 1
 585 121 l 1
 414 121 l 1
 414 171 l 1
405 312 m 25
 543 312 l 25
 559 325 565 350 585 345 c 24
 620 335 637 314 654 282 c 24
 661 269 641 264 633 252 c 25
 633 -3 l 17
 625 -32 619 -54 588 -57 c 1
 564 -55 553 -31 543 -3 c 9
 543 262 l 25
 405 262 l 25
 405 312 l 25
207 117 m 25
 240 105 264 108 291 87 c 24
 325 61 349 42 357 0 c 24
 362 -24 341 -41 318 -48 c 24
 299 -53 286 -39 273 -24 c 24
 254 -1 256 20 240 45 c 24
 230 62 220 69 207 84 c 25
 207 117 l 25
366 339 m 25
 409 319 445 323 477 288 c 24
 491 273 464 259 456 240 c 25
 456 -54 l 17
 448 -83 442 -105 411 -108 c 1
 387 -106 376 -82 366 -54 c 9
 366 339 l 25
705 312 m 9
 705 771 l 25
 748 751 784 755 816 720 c 24
 830 705 803 691 795 672 c 25
 795 327 l 25
 800 273 799 242 807 189 c 24
 815 135 815 102 834 51 c 24
 842 31 858 27 873 12 c 25
 948 75 l 25
 937 35 922 14 921 -27 c 24
 920 -54 952 -68 942 -93 c 24
 933 -115 909 -121 885 -117 c 24
 856 -113 841 -97 822 -75 c 24
 786 -34 769 -7 747 42 c 24
 729 82 727 107 720 150 c 24
 710 213 705 264 705 312 c 9
318 426 m 25
 798 426 l 25
 827 454 836 486 861 495 c 1
 887 491 929 438 960 405 c 1
 968 387 951 376 933 376 c 9
 318 376 l 25
 318 426 l 25
330 615 m 25
 570 615 l 25
 570 615 593 651 618 660 c 1
 644 656 632 627 663 594 c 1
 671 576 654 565 636 565 c 9
 330 565 l 25
 330 615 l 25
294 582 m 25
 328 547 360 536 381 492 c 24
 388 478 359 482 348 471 c 24
 319 443 310 419 279 393 c 24
 253 372 233 367 204 351 c 25
 204 402 l 25
 222 418 236 424 249 444 c 24
 266 472 269 491 279 522 c 24
 286 545 288 559 294 582 c 25
93 483 m 25
 114 434 138 410 147 357 c 24
 153 325 147 303 129 276 c 24
 115 255 98 243 72 243 c 24
 49 243 30 262 30 285 c 24
 30 319 59 331 69 363 c 24
 83 408 84 436 93 483 c 25
165 120 m 25
 165 759 l 25
 208 739 244 743 276 708 c 24
 290 693 263 679 255 660 c 25
 255 72 l 25
 233 28 229 -3 198 -42 c 24
 170 -77 148 -94 108 -114 c 24
 77 -130 55 -125 21 -132 c 25
 58 -93 85 -77 117 -33 c 24
 141 1 150 24 162 63 c 24
 169 84 164 98 165 120 c 25
EndSplineSet
EndChar
