Width: 1000
Flags: HW
TeX: 117 0
LayerCount: 2
Fore
SplineSet
416 399 m 25
 459 379 495 383 527 348 c 24
 541 333 514 319 506 300 c 25
 506 -72 l 17
 498 -101 492 -123 461 -126 c 1
 437 -124 426 -100 416 -72 c 9
 416 399 l 25
602 -44 m 1
 905 -44 l 1
 905 -94 l 1
 602 -94 l 1
 602 -44 l 1
620 146 m 1
 884 146 l 1
 884 96 l 1
 620 96 l 1
 620 146 l 1
608 366 m 25
 833 366 l 25
 849 379 855 404 875 399 c 24
 910 389 927 368 944 336 c 24
 951 323 931 318 923 306 c 25
 923 -66 l 17
 915 -95 909 -117 878 -120 c 1
 854 -118 843 -94 833 -66 c 9
 833 316 l 25
 608 316 l 25
 608 366 l 25
581 399 m 25
 624 379 660 383 692 348 c 24
 706 333 679 319 671 300 c 25
 671 -72 l 17
 663 -101 657 -123 626 -126 c 1
 602 -124 591 -100 581 -72 c 9
 581 399 l 25
658 336 m 1
 770 586 l 25
 551 586 l 25
 551 636 l 25
 773 636 l 25
 792 650 798 678 821 672 c 24
 855 663 870 639 884 606 c 24
 890 592 873 584 866 570 c 25
 741 327 l 1
 658 336 l 1
554 753 m 25
 590 739 623 748 647 717 c 24
 661 699 632 684 623 663 c 25
 610 631 607 612 590 582 c 24
 564 536 549 511 515 471 c 24
 488 439 466 427 434 399 c 25
 457 449 473 476 494 528 c 24
 513 576 523 604 536 654 c 24
 546 692 547 714 554 753 c 25
257 135 m 25
 292 117 322 120 347 90 c 24
 373 59 378 31 377 -9 c 24
 377 -31 366 -54 344 -54 c 24
 317 -54 308 -31 293 -9 c 24
 280 11 288 29 275 49 c 24
 264 66 250 69 234 81 c 25
 257 135 l 25
344 594 m 25
 378 571 412 570 431 534 c 24
 441 514 413 505 401 486 c 25
 373 457 360 437 329 411 c 24
 314 399 302 398 284 390 c 25
 298 436 307 461 320 507 c 24
 330 541 335 560 344 594 c 25
125 465 m 25
 134 419 149 395 149 348 c 24
 149 308 143 283 122 249 c 24
 112 233 94 223 77 231 c 24
 54 241 37 260 41 285 c 24
 46 315 82 314 95 342 c 24
 116 387 113 417 125 465 c 25
200 135 m 25
 200 753 l 25
 243 733 279 737 311 702 c 24
 325 687 298 673 290 654 c 25
 290 126 l 25
 260 83 255 54 227 15 c 24
 196 -28 173 -49 131 -81 c 24
 101 -104 78 -107 44 -123 c 25
 79 -79 105 -58 134 -9 c 24
 165 44 175 79 200 135 c 25
EndSplineSet
EndChar
