Width: 1000
Flags: H
TeX: 117 0
LayerCount: 2
Fore
SplineSet
714 99 m 25
 744 73 769 66 792 33 c 24
 807 11 817 -9 807 -33 c 24
 798 -55 776 -65 753 -60 c 24
 734 -56 734 -34 729 -15 c 24
 725 2 734 13 732 30 c 24
 728 58 721 72 714 99 c 25
402 12 m 25
 451 14 479 15 528 18 c 24
 615 22 663 25 750 30 c 25
 750 0 l 25
 648 -22 591 -34 489 -57 c 24
 469 -62 454 -85 438 -72 c 24
 410 -50 416 -21 402 12 c 25
573 0 m 1
 573 360 l 25
 616.29 340.11 651.953 344.251 684 309 c 24
 697.745 293.881 671.19 279.72 663 261 c 25
 663 0 l 1
 573 0 l 1
453 148 m 1
 771 148 l 1
 771 98 l 1
 453 98 l 1
 453 148 l 1
444 249 m 25
 720 249 l 25
 736 262 742 287 762 282 c 24
 797 272 814 251 831 219 c 24
 838 206 818 201 810 189 c 25
 810 135 l 17
 802 106 796 84 765 81 c 1
 741 83 730 107 720 135 c 9
 720 199 l 25
 444 199 l 25
 444 249 l 25
414 276 m 25
 457 256 493 260 525 225 c 24
 539 210 512 196 504 177 c 25
 504 141 l 17
 496 112 490 90 459 87 c 1
 435 89 424 113 414 141 c 9
 414 276 l 25
849 45 m 25
 849 331 l 25
 490 331 l 25
 490 381 l 25
 849 381 l 25
 865 394 871 419 891 414 c 24
 926 404 943 383 960 351 c 24
 967 338 947 333 939 321 c 25
 939 54 l 25
 931 10 935 -18 918 -60 c 24
 903 -97 887 -116 858 -144 c 24
 839 -163 825 -179 798 -177 c 24
 773 -175 770 -150 750 -135 c 24
 721 -113 702 -102 672 -81 c 25
 756 -81 l 25
 784 -65 809 -65 828 -39 c 24
 848 -12 841 12 849 45 c 25
234 165 m 25
 264 144 286 137 312 111 c 24
 333 90 343 74 351 45 c 24
 359 13 368 -11 351 -39 c 24
 340 -57 312 -56 297 -42 c 24
 271 -18 281 11 264 42 c 24
 249 69 235 80 216 105 c 25
 234 165 l 25
537 348 m 24
 499 302 481 271 432 237 c 24
 393 210 362 213 318 198 c 25
 346 228 364 244 390 276 c 24
 418 310 430 331 456 366 c 24
 487 408 504 432 534 474 c 25
 627 474 l 25
 592 425 575 395 537 348 c 24
707 717 m 1
 797 717 l 1
 797 468 l 1
 707 468 l 1
 707 717 l 1
579 708 m 1
 669 708 l 1
 669 465 l 1
 579 465 l 1
 579 708 l 1
471 497 m 1
 900 497 l 1
 900 447 l 1
 471 447 l 1
 471 497 l 1
462 726 m 25
 840 726 l 25
 856 739 862 764 882 759 c 24
 917 749 934 728 951 696 c 24
 958 683 938 678 930 666 c 25
 930 483 l 17
 922 454 916 432 885 429 c 1
 861 431 850 455 840 483 c 9
 840 676 l 25
 462 676 l 25
 462 726 l 25
444 750 m 25
 487 730 523 734 555 699 c 24
 569 684 542 670 534 651 c 25
 534 492 l 17
 526 463 520 441 489 438 c 1
 465 440 454 464 444 492 c 9
 444 750 l 25
345 606 m 25
 378 572 407 561 429 519 c 24
 435 507 410 511 399 504 c 24
 370 487 356 474 327 459 c 24
 295 443 276 437 243 423 c 25
 228 468 l 25
 254 487 273 492 294 516 c 24
 320 547 325 571 345 606 c 25
114 540 m 25
 129 482 154 450 153 390 c 24
 152 339 146 304 111 267 c 24
 93 248 62 256 45 276 c 24
 29 295 44 315 51 339 c 24
 58 363 73 372 81 396 c 24
 98 451 101 484 114 540 c 25
183 222 m 25
 183 777 l 25
 226 757 262 761 294 726 c 24
 308 711 281 697 273 678 c 25
 273 207 l 25
 259 154 263 120 237 72 c 24
 201 5 171 -27 117 -81 c 24
 84 -114 57 -121 18 -147 c 25
 59 -85 87 -53 123 12 c 24
 144 49 150 73 162 114 c 24
 174 155 175 180 183 222 c 25
EndSplineSet
EndChar
