Width: 1000
Flags: HW
TeX: 117 0
LayerCount: 2
Fore
SplineSet
570 663 m 25
 675 663 l 25
 615 510 l 25
 555 510 l 25
 570 663 l 25
663 66 m 1
 728 47 764 32 816 -9 c 24
 848 -35 867 -58 870 -99 c 24
 872 -127 855 -149 828 -156 c 24
 800 -163 778 -150 761 -127 c 0
 736 -94 736 -65 717 -27 c 24
 698 10 688 29 663 66 c 1
537 66 m 25
 537 66 604 37 627 0 c 24
 636 -14 610 -19 597 -30 c 24
 567 -56 552 -72 519 -93 c 24
 479 -118 456 -131 411 -145 c 24
 374 -157 355 -158 312 -159 c 1
 357 -130 382 -113 423 -78 c 24
 455 -51 472 -33 498 0 c 24
 517 23 537 66 537 66 c 25
450 132 m 1
 798 132 l 1
 798 82 l 1
 450 82 l 1
 450 132 l 1
465 272 m 1
 804 272 l 1
 804 222 l 1
 465 222 l 1
 465 272 l 1
456 410 m 1
 792 410 l 1
 792 360 l 1
 456 360 l 1
 456 410 l 1
441 540 m 25
 738 540 l 25
 754 553 760 578 780 573 c 24
 815 563 832 542 849 510 c 24
 856 497 836 492 828 480 c 25
 828 222 l 2
 828 201 841 117 835 84 c 0
 827 42 792 30 772 30 c 0
 752 30 734 37 733 59 c 0
 732 79 738 171 738 207 c 2
 738 490 l 25
 441 490 l 25
 441 540 l 25
423 570 m 25
 423 570 502 554 534 519 c 24
 548 504 521 490 513 471 c 25
 513 225 l 2
 513 204 522 120 516 87 c 0
 508 45 473 33 453 33 c 0
 433 33 415 40 414 62 c 0
 413 82 423 174 423 210 c 2
 423 570 l 25
333 693 m 25
 762 693 l 25
 791 721 800 753 825 762 c 1
 851 758 893 705 924 672 c 1
 932 654 915 643 897 643 c 9
 333 643 l 25
 333 693 l 25
234 207 m 17
 290 171 325 148 369 96 c 24
 393 68 405 44 403 7 c 24
 402 -18 386 -35 362 -42 c 24
 341 -48 325 -37 311 -20 c 24
 292 4 299 27 285 54 c 24
 262 98 252 125 218 161 c 9
 234 207 l 17
330 522 m 25
 330 522 385 480 402 441 c 24
 407 429 386 427 375 420 c 24
 317 382 284 361 225 324 c 25
 225 378 l 25
 330 522 l 25
162 330 m 26
 162 762 l 25
 162 762 241 746 273 711 c 24
 287 696 260 682 252 663 c 25
 252 279 l 26
 252 184 245 128 213 39 c 24
 193 -17 167 -44 123 -84 c 24
 96 -109 72 -114 36 -121 c 1
 62 -95 76 -72 94 -36 c 0
 115 6 131 42 141 96 c 24
 158 186 162 238 162 330 c 26
105 522 m 1
 120 473 128 442 126 390 c 24
 124 349 121 321 96 288 c 24
 80 267 57 258 33 267 c 24
 13 274 10 297 14 318 c 24
 20 348 44 356 57 384 c 24
 80 436 90 466 105 522 c 1
EndSplineSet
EndChar
