Width: 1000
Flags: H
TeX: 117 0
LayerCount: 2
Fore
SplineSet
744 75 m 17
 790 54 819 37 857 0 c 24
 887 -30 911 -56 913 -92 c 0
 915 -122 900 -139 876 -145 c 24
 852 -151 834 -135 819 -115 c 24
 793 -80 793 -52 777 -11 c 24
 764 22 757 41 744 75 c 17
568 70 m 17
 616 48 636 36 666 -0 c 24
 692 -32 703 -56 706 -97 c 24
 708 -120 700 -141 678 -149 c 24
 656 -157 634 -147 621 -127 c 24
 596 -86 604 -55 591 -9 c 24
 583 22 577 39 568 70 c 17
397 80 m 17
 441 49 460 35 480 -8 c 24
 499 -48 510 -80 492 -120 c 0
 482 -142 461 -158 435 -155 c 24
 411 -153 400 -133 394 -110 c 24
 385 -73 399 -51 400 -13 c 24
 401 23 398 44 397 80 c 17
279 79 m 1
 288 27 291 -13 276 -68 c 24
 267 -103 251 -124 220 -142 c 24
 193 -158 168 -163 141 -148 c 24
 118 -135 116 -111 120 -85 c 24
 124 -62 139 -53 159 -41 c 0
 184 -26 197 -24 216 -5 c 24
 245 24 259 46 279 79 c 1
687 615 m 25
 777 615 l 25
 777 110 l 25
 687 110 l 25
 687 615 l 25
535 615 m 25
 625 615 l 25
 625 122 l 25
 535 122 l 25
 535 615 l 25
382 615 m 25
 472 615 l 25
 472 119 l 25
 382 119 l 25
 382 615 l 25
216 603 m 25
 306 603 l 25
 306 128 l 25
 216 128 l 25
 216 603 l 25
72 140 m 25
 810 140 l 25
 810 140 848 200 873 209 c 1
 899 205 941 152 972 119 c 1
 980 101 963 90 945 90 c 9
 72 90 l 25
 72 140 l 25
60 387 m 25
 798 387 l 25
 827 415 836 447 861 456 c 1
 887 452 929 399 960 366 c 1
 968 348 951 337 933 337 c 9
 60 337 l 25
 60 387 l 25
198 633 m 25
 768 633 l 25
 768 633 806 693 831 702 c 1
 857 698 899 645 930 612 c 1
 938 594 921 583 903 583 c 9
 198 583 l 25
 198 633 l 25
222 774 m 25
 222 774 298 754 330 720 c 24
 341 708 313 701 303 687 c 24
 262 629 245 592 201 537 c 24
 177 507 161 492 129 471 c 24
 102 453 84 447 54 438 c 1
 84 473 101 500 126 543 c 24
 153 590 166 619 187 669 c 24
 204 709 222 774 222 774 c 25
EndSplineSet
EndChar
