Width: 1000
Flags: HW
LayerCount: 2
Fore
SplineSet
768 84 m 1
 805 65 829 51 855 18 c 24
 883 -17 900 -42 903 -87 c 24
 905 -113 892 -136 867 -144 c 24
 845 -151 824 -138 813 -117 c 24
 792 -76 802 -45 792 0 c 24
 785 33 780 52 768 84 c 1
555 72 m 1
 598 37 621 12 651 -36 c 24
 668 -63 677 -83 672 -114 c 24
 669 -136 655 -152 633 -156 c 24
 610 -160 590 -150 579 -129 c 24
 562 -97 574 -72 570 -36 c 24
 565 6 563 29 555 72 c 1
354 66 m 1
 383 31 399 11 417 -30 c 24
 429 -58 435 -78 429 -108 c 24
 425 -130 415 -149 393 -153 c 24
 370 -158 349 -147 340 -126 c 24
 326 -93 340 -70 343 -34 c 24
 346 5 354 29 354 66 c 1
189 57 m 1
 208 13 219 -14 210 -60 c 24
 202 -101 189 -133 150 -150 c 24
 118 -164 73 -157 66 -123 c 24
 58 -84 103 -73 128 -43 c 0
 159 -6 170 15 189 57 c 1
603 486 m 1
 858 486 l 1
 858 436 l 1
 603 436 l 1
 603 486 l 1
588 678 m 25
 798 678 l 25
 814 691 820 716 840 711 c 24
 875 701 892 680 909 648 c 24
 916 635 896 630 888 618 c 25
 888 582 l 2
 888 561 901 477 895 444 c 0
 887 402 852 390 832 390 c 0
 812 390 794 397 793 419 c 0
 792 439 798 531 798 567 c 2
 798 628 l 25
 588 628 l 25
 588 678 l 25
900 142 m 10
 624 142 l 17
 596 147 572 165 567 190 c 9
 567 708 l 25
 567 708 646 692 678 657 c 24
 692 642 665 628 657 609 c 25
 657 258 l 17
 657 237 677 223 693 222 c 9
 834 222 l 18
 840 222 859 244 872 260 c 24
 888 280 894 288 909 313 c 1
 910 280 908 240 911 228 c 0
 915 209 952 216 950 196 c 24
 946 168 922 142 900 142 c 10
141 159 m 25
 411 159 l 25
 411 159 433 190 457 199 c 1
 476 192 500 164 519 138 c 1
 527 120 511 109 493 109 c 9
 141 109 l 25
 141 159 l 25
228 364 m 1
 444 364 l 1
 444 314 l 1
 228 314 l 1
 228 364 l 1
296 344 m 25
 386 344 l 25
 386 138 l 25
 296 138 l 25
 296 344 l 25
234 515 m 25
 408 515 l 25
 424 528 430 553 450 548 c 24
 485 538 502 517 519 485 c 24
 526 472 506 467 498 455 c 25
 498 430 l 2
 498 409 511 379 505 346 c 0
 497 304 462 292 442 292 c 0
 422 292 404 299 403 321 c 0
 402 341 408 379 408 415 c 2
 408 465 l 25
 234 465 l 25
 234 515 l 25
387 491 m 17
 297 491 l 9
 297 675 l 25
 387 675 l 25
 387 491 l 17
189 548 m 25
 189 548 268 532 300 497 c 24
 314 482 287 468 279 449 c 25
 279 439 l 2
 279 418 288 362 282 329 c 0
 274 287 239 275 219 275 c 0
 199 275 181 282 180 304 c 0
 179 324 189 416 189 452 c 2
 189 548 l 25
135 702 m 25
 405 702 l 25
 405 702 427 733 451 742 c 1
 470 735 494 707 513 681 c 1
 521 663 505 652 487 652 c 9
 135 652 l 25
 135 702 l 25
90 729 m 25
 90 729 169 713 201 678 c 24
 215 663 188 649 180 630 c 25
 180 264 l 2
 180 243 189 159 183 126 c 0
 175 84 140 72 120 72 c 0
 100 72 82 79 81 101 c 0
 80 121 90 213 90 249 c 2
 90 729 l 25
EndSplineSet
EndChar
