Width: 1000
Flags: HW
TeX: 117 0
LayerCount: 2
Fore
SplineSet
600 609 m 25
 600 780 l 25
 600 780 679 764 711 729 c 24
 725 714 698 700 690 681 c 25
 690 609 l 25
 600 609 l 25
910 -167 m 26
 711 -167 l 17
 683 -162 659 -144 654 -119 c 9
 654 120 l 25
 744 120 l 25
 744 -51 l 17
 744 -72 764 -86 780 -87 c 9
 873 -87 l 25
 881.19 -63.21 885.929 -49.83 894 -26 c 24
 902.309 -1.46973 906.81 12.4297 915 37 c 25
 924.36 -8.24023 921.843 -36.1065 939 -79 c 24
 946.887 -98.7178 983 -100 977 -118 c 0
 967 -149 942.372 -167 910 -167 c 26
525 108 m 9
 525 108 592 88 621 57 c 24
 630 47 606 43 597 33 c 24
 569 1 555 -21 528 -51 c 0
 492 -91 469 -109 423 -132 c 24
 373 -157 339 -168 285 -174 c 1
 342 -134 382 -101 432 -42 c 24
 477 10 525 108 525 108 c 9
465 143 m 25
 819 143 l 25
 819 93 l 25
 465 93 l 25
 465 143 l 25
462 268 m 25
 810 268 l 25
 810 218 l 25
 462 218 l 25
 462 268 l 25
468 378 m 25
 774 378 l 25
 790.38 390.87 795.891 416.435 816 411 c 24
 851.178 401.492 868.287 380.381 885 348 c 24
 891.55 335.309 872.19 329.7 864 318 c 25
 864 120 l 17
 856 91 850 69 819 66 c 1
 795 68 784 92 774 120 c 9
 774 328 l 25
 468 328 l 25
 468 378 l 25
411 411 m 25
 411 411 490 395 522 360 c 24
 536 345 509 331 501 312 c 25
 501 120 l 17
 493 91 487 69 456 66 c 1
 432 68 421 92 411 120 c 9
 411 411 l 25
723 441 m 25
 669 441 l 25
 702 624 l 17
 792 624 l 9
 779 589 772 569 759 534 c 24
 745 498 737 477 723 441 c 25
480 618 m 25
 537 618 l 25
 537 618 577 572 591 537 c 24
 606 499 609 435 609 435 c 1
 537 432 l 17
 537 432 527 489 516 525 c 24
 505 562 480 618 480 618 c 25
336 474 m 25
 804 474 l 25
 804 474 842 534 867 543 c 1
 893 539 935 486 966 453 c 1
 974 435 957 424 939 424 c 9
 336 424 l 25
 336 474 l 25
387 639 m 25
 762 639 l 25
 791 667 800 699 825 708 c 1
 851 704 893 651 924 618 c 1
 932 600 915 589 897 589 c 9
 387 589 l 25
 387 639 l 25
27 138 m 25
 27 138 120 151 180 159 c 24
 265 171 314 177 399 189 c 17
 342 147 306 125 243 90 c 24
 201 67 175 59 132 39 c 24
 114 31 101 5 87 18 c 24
 49 54 27 138 27 138 c 25
183 129 m 25
 183 747 l 25
 183 747 262 731 294 696 c 24
 308 681 281 667 273 648 c 25
 273 129 l 25
 183 129 l 25
33 534 m 25
 321 534 l 25
 321 534 343 565 367 574 c 1
 386 567 410 539 429 513 c 1
 437 495 421 484 403 484 c 9
 33 484 l 25
 33 534 l 25
EndSplineSet
EndChar
