Width: 1000
Flags: H
TeX: 117 0
LayerCount: 2
Fore
SplineSet
279 -111 m 25
 810 -111 l 25
 839 -83 848 -51 873 -42 c 1
 899 -46 941 -99 972 -132 c 1
 980 -150 963 -161 945 -161 c 9
 279 -161 l 25
 279 -111 l 25
507 -7 m 1
 780 -7 l 1
 780 -57 l 1
 507 -57 l 1
 507 -7 l 1
516 103 m 1
 774 103 l 1
 774 53 l 1
 516 53 l 1
 516 103 l 1
510 198 m 25
 717 198 l 25
 733.38 210.87 738.891 236.435 759 231 c 24
 794.178 221.492 811.287 200.381 828 168 c 24
 834.55 155.309 815.19 149.7 807 138 c 25
 807 -30 l 17
 799 -59 793 -81 762 -84 c 1
 738 -82 727 -58 717 -30 c 9
 717 148 l 25
 510 148 l 25
 510 198 l 25
471 228 m 25
 514.29 208.11 549.953 212.251 582 177 c 24
 595.745 161.881 569.19 147.72 561 129 c 25
 561 -36 l 17
 553 -65 547 -87 516 -90 c 1
 492 -88 481 -64 471 -36 c 9
 471 228 l 25
552 365 m 1
 690 365 l 1
 690 315 l 1
 552 315 l 1
 552 365 l 1
537 465 m 25
 654 465 l 25
 670.38 477.87 675.891 503.435 696 498 c 24
 731.178 488.492 748.287 467.381 765 435 c 24
 771.55 422.309 752.19 416.7 744 405 c 25
 744 363 l 17
 736 334 730 312 699 309 c 1
 675 311 664 335 654 363 c 9
 654 415 l 25
 537 415 l 25
 537 465 l 25
504 498 m 25
 547.29 478.11 582.953 482.251 615 447 c 24
 628.745 431.881 602.19 417.72 594 399 c 25
 594 357 l 17
 586 328 580 306 549 303 c 1
 525 305 514 329 504 357 c 9
 504 498 l 25
447 301 m 1
 840 301 l 1
 840 251 l 1
 447 251 l 1
 447 301 l 1
441 549 m 25
 783 549 l 25
 799.38 561.87 804.891 587.435 825 582 c 24
 860.178 572.492 877.287 551.381 894 519 c 24
 900.55 506.309 881.19 500.7 873 489 c 25
 873 291 l 17
 865 262 859 240 828 237 c 1
 804 239 793 263 783 291 c 9
 783 499 l 25
 441 499 l 25
 441 549 l 25
390 582 m 25
 433.29 562.11 468.953 566.251 501 531 c 24
 514.745 515.881 488.19 501.72 480 483 c 25
 480 267 l 17
 472 238 466 216 435 213 c 1
 411 215 400 239 390 267 c 9
 390 582 l 25
591 621 m 25
 591 756 l 25
 634 736 670 740 702 705 c 24
 716 690 689 676 681 657 c 25
 681 621 l 25
 591 621 l 25
348 645 m 25
 804 645 l 25
 833 673 842 705 867 714 c 1
 893 710 935 657 966 624 c 1
 974 606 957 595 939 595 c 9
 348 595 l 25
 348 645 l 25
51 102 m 25
 109.5 104.34 142.515 105.321 201 108 c 24
 295.786 112.342 349.23 115.32 444 120 c 17
 387 81 366.448 80.7772 315 60 c 24
 244.65 31.5898 203.385 19.6985 132 -6 c 24
 115.635 -11.8916 100.436 -34.9147 90 -21 c 24
 59.8057 19.2588 66.21 54.0303 51 102 c 25
60 462 m 25
 303 462 l 25
 303 462 326 498 351 507 c 1
 377 503 365 474 396 441 c 1
 404 423 387 412 369 412 c 9
 60 412 l 25
 60 462 l 25
189 78 m 25
 189 702 l 25
 232 682 268 686 300 651 c 24
 314 636 287 622 279 603 c 25
 279 78 l 25
 189 78 l 25
EndSplineSet
EndChar
