Width: 1000
Flags: H
TeX: 117 0
LayerCount: 2
Fore
SplineSet
132 -114 m 25
 684 -114 l 25
 713 -86 722 -54 747 -45 c 1
 773 -49 815 -102 846 -135 c 1
 854 -153 837 -164 819 -164 c 9
 132 -164 l 25
 132 -114 l 25
258 39 m 25
 627 39 l 25
 627 39 650 75 675 84 c 1
 701 80 689 51 720 18 c 1
 728 0 711 -11 693 -11 c 9
 258 -11 l 25
 258 39 l 25
438 -141 m 1
 438 189 l 25
 481 169 517 173 549 138 c 24
 563 123 536 109 528 90 c 25
 528 -141 l 1
 438 -141 l 1
609 192 m 25
 687 192 l 25
 717.42 163.92 731.273 144.009 765 120 c 24
 800.829 94.4941 822.937 81.7503 864 66 c 24
 909.041 48.7236 937.2 47.7002 984 36 c 25
 953.58 21.96 933.216 19.5397 906 0 c 24
 886.406 -14.0674 891.12 -48 867 -48 c 24
 830.28 -48 814.209 -23.5076 786 0 c 24
 736.426 41.3115 712.739 69.5544 669 117 c 24
 643.61 144.541 632.4 162.75 609 192 c 25
336 301 m 25
 435 301 l 25
 417.45 267.85 410.098 247.67 390 216 c 24
 358.517 166.39 343.714 135.364 303 93 c 24
 256.28 44.3857 224.834 21.2771 168 -15 c 24
 114.19 -49.3467 78.3301 -58.9199 21 -87 c 25
 68.9697 -41.3701 99.0505 -18.6082 144 30 c 24
 199.837 90.3818 231.456 124.894 279 192 c 24
 306.732 231.144 313.77 258.49 336 301 c 25
48 216 m 25
 780 216 l 25
 809 244 818 276 843 285 c 1
 869 281 911 228 942 195 c 1
 950 177 933 166 915 166 c 9
 48 166 l 25
 48 216 l 25
219 324 m 1
 708 324 l 1
 708 274 l 1
 219 274 l 1
 219 324 l 1
225 425 m 1
 705 425 l 1
 705 375 l 1
 225 375 l 1
 225 425 l 1
225 522 m 25
 654 522 l 25
 670.38 534.87 675.891 560.435 696 555 c 24
 731.178 545.492 748.287 524.381 765 492 c 24
 771.55 479.309 752.19 473.7 744 462 c 25
 744 316 l 17
 736 287 730 265 699 262 c 1
 675 264 664 288 654 316 c 9
 654 472 l 25
 225 472 l 25
 225 522 l 25
192 549 m 25
 235.29 529.11 270.953 533.251 303 498 c 24
 316.745 482.881 290.19 468.72 282 450 c 25
 282 301 l 17
 274 272 268 250 237 247 c 1
 213 249 202 273 192 301 c 9
 192 549 l 25
546 771 m 25
 589 751 625 755 657 720 c 24
 671 705 644 691 636 672 c 25
 636 573 l 17
 628 544 622 522 591 519 c 1
 567 521 556 545 546 573 c 9
 546 771 l 25
312 774 m 25
 355 754 391 758 423 723 c 24
 437 708 410 694 402 675 c 25
 402 573 l 17
 394 544 388 522 357 519 c 1
 333 521 322 545 312 573 c 9
 312 774 l 25
48 651 m 25
 771 651 l 25
 800 679 809 711 834 720 c 1
 860 716 902 663 933 630 c 1
 941 612 924 601 906 601 c 9
 48 601 l 25
 48 651 l 25
EndSplineSet
EndChar
