Width: 1000
Flags: H
TeX: 117 0
LayerCount: 2
Fore
SplineSet
120 -78 m 25
 672 -78 l 25
 701 -50 710 -18 735 -9 c 1
 761 -13 803 -66 834 -99 c 1
 842 -117 825 -128 807 -128 c 9
 120 -128 l 25
 120 -78 l 25
423 -93 m 25
 423 246 l 25
 466 226 502 230 534 195 c 24
 548 180 521 166 513 147 c 25
 513 -93 l 25
 423 -93 l 25
255 96 m 25
 624 96 l 25
 624 96 647 132 672 141 c 1
 698 137 686 108 717 75 c 1
 725 57 708 46 690 46 c 9
 255 46 l 25
 255 96 l 25
540 270 m 25
 630 270 l 25
 680 233 706 208 759 174 c 24
 798 149 821 137 864 120 c 24
 909 102 937 100 984 87 c 25
 950 68 930 60 897 39 c 24
 876 26 871 -1 846 0 c 24
 816 2 806 26 783 45 c 24
 725 94 694 123 639 174 c 24
 600 211 579 233 540 270 c 25
285 273 m 25
 408 273 l 25
 388 246 379 229 357 204 c 24
 325 168 308 146 270 117 c 24
 214 75 180 53 117 24 c 24
 80 7 55 9 15 0 c 25
 65 40 96 59 144 102 c 24
 185 139 208 161 243 204 c 24
 263 228 269 246 285 273 c 25
507 654 m 25
 597 654 l 25
 597 288 l 25
 507 288 l 25
 507 654 l 25
336 657 m 25
 426 657 l 25
 426 279 l 25
 336 279 l 25
 336 657 l 25
51 306 m 25
 702 306 l 25
 731 334 740 366 765 375 c 1
 791 371 833 318 864 285 c 1
 872 267 855 256 837 256 c 9
 51 256 l 25
 51 306 l 25
168 426 m 25
 609 426 l 25
 638 454 647 486 672 495 c 1
 698 491 740 438 771 405 c 1
 779 387 762 376 744 376 c 9
 168 376 l 25
 168 426 l 25
174 543 m 25
 606 543 l 25
 635 571 644 603 669 612 c 1
 695 608 737 555 768 522 c 1
 776 504 759 493 741 493 c 9
 174 493 l 25
 174 543 l 25
417 654 m 25
 417 792 l 25
 460 772 496 776 528 741 c 24
 542 726 515 712 507 693 c 25
 507 654 l 25
 417 654 l 25
774 640 m 25
 144 640 l 25
 144 690 l 25
 789 690 l 25
 811 699 825 727 846 714 c 24
 884 691 894 660 906 618 c 24
 910 605 890 605 879 597 c 25
 768 522 l 25
 774 640 l 25
138 729 m 25
 153 693 170 675 177 636 c 24
 184 600 185 578 174 543 c 24
 163 508 157 478 123 465 c 24
 95 455 60 469 54 498 c 24
 46 536 83 552 96 588 c 24
 116 642 122 674 138 729 c 25
EndSplineSet
EndChar
