Width: 1000
Flags: HW
LayerCount: 2
Fore
SplineSet
681 242 m 25
 707 210 730 198 747 161 c 24
 751 151 732 153 723 149 c 17
 663 131 626 121 564 105 c 24
 495 87 456 79 387 62 c 25
 387 122 l 25
 454 145 493 155 558 182 c 24
 607 202 633 218 681 242 c 25
813 -142 m 9
 408 -142 l 17
 380 -137 356 -119 351 -94 c 9
 351 290 l 25
 394 270 430 274 462 239 c 24
 476 223 449 209 441 191 c 25
 441 -26 l 17
 441 -47 461 -61 477 -62 c 9
 738 -62 l 25
 750 -41 758 -30 768 -7 c 24
 783 26 790 46 804 80 c 25
 810 30 806 1 819 -46 c 24
 826 -72 857 -77 855 -103 c 24
 854 -126 840 -133 813 -142 c 9
840 318 m 25
 162 318 l 25
 162 368 l 25
 846 368 l 25
 871 378 884 404 909 395 c 24
 946 380 960 353 975 317 c 24
 980 304 960 302 951 293 c 25
 840 218 l 25
 840 318 l 25
165 427 m 25
 179 374 200 346 201 291 c 24
 201 256 193 233 168 209 c 24
 149 190 127 186 102 195 c 24
 85 201 81 220 84 239 c 24
 89 269 108 280 120 309 c 24
 140 354 147 381 165 427 c 25
258 488 m 25
 654 488 l 25
 654 488 692 548 717 557 c 1
 743 553 785 500 816 467 c 1
 824 449 807 438 789 438 c 9
 258 438 l 25
 258 488 l 25
459 467 m 25
 459 780 l 25
 502 760 538 764 570 729 c 24
 584 714 557 700 549 681 c 25
 549 467 l 25
 459 467 l 25
99 651 m 25
 732 651 l 25
 761 679 770 711 795 720 c 1
 821 716 863 663 894 630 c 1
 902 612 885 601 867 601 c 9
 99 601 l 25
 99 651 l 25
EndSplineSet
EndChar
