Width: 1000
Flags: HW
TeX: 117 0
LayerCount: 2
Fore
SplineSet
99 -93 m 25
 798 -93 l 25
 827 -65 836 -33 861 -24 c 1
 887 -28 929 -81 960 -114 c 1
 968 -132 951 -143 933 -143 c 9
 99 -143 l 25
 99 -93 l 25
183 48 m 25
 681 48 l 25
 710 76 719 108 744 117 c 1
 770 113 812 60 843 27 c 1
 851 9 834 -2 816 -2 c 9
 183 -2 l 25
 183 48 l 25
459 -108 m 25
 459 150 l 25
 459 150 538 134 570 99 c 24
 584 84 557 70 549 51 c 25
 549 -108 l 25
 459 -108 l 25
525 294 m 1
 816 294 l 1
 816 244 l 1
 525 244 l 1
 525 294 l 1
522 378 m 1
 825 378 l 1
 825 328 l 1
 522 328 l 1
 522 378 l 1
762 201 m 25
 762 412 l 25
 507 412 l 25
 507 462 l 25
 762 462 l 25
 778 475 784 500 804 495 c 24
 839 485 856 464 873 432 c 24
 880 419 860 414 852 402 c 25
 852 186 l 26
 852 153 827 133 795 123 c 24
 777 118 778 149 762 159 c 24
 728 180 705 185 669 201 c 25
 762 201 l 25
477 484 m 25
 477 484 556 468 588 433 c 24
 602 418 575 404 567 385 c 25
 567 184 l 17
 559 155 553 133 522 130 c 1
 498 132 487 156 477 184 c 9
 477 484 l 25
621 603 m 1
 711 603 l 1
 711 495 l 1
 621 495 l 1
 621 603 l 1
474 534 m 25
 813 534 l 25
 813 534 835 565 859 574 c 1
 878 567 902 539 921 513 c 1
 929 495 913 484 895 484 c 9
 474 484 l 25
 474 534 l 25
523 618 m 25
 753 618 l 25
 753 618 775 649 799 658 c 1
 818 651 842 623 861 597 c 1
 869 579 853 568 835 568 c 9
 523 568 l 25
 523 618 l 25
411 714 m 25
 825 714 l 25
 825 714 847 745 871 754 c 1
 890 747 914 719 933 693 c 1
 941 675 925 664 907 664 c 9
 411 664 l 25
 411 714 l 25
561 802 m 25
 561 802 628 789 657 760 c 24
 668 749 646 738 639 724 c 25
 618 690 608 669 585 636 c 24
 559 597 544 575 513 540 c 24
 486 510 468 495 435 471 c 24
 409 452 394 443 363 432 c 1
 388 462 404 487 426 524 c 24
 461 584 480 619 510 681 c 24
 532 727 561 802 561 802 c 25
300 670 m 25
 137 670 l 25
 137 720 l 25
 312 720 l 25
 327 733 332 759 351 753 c 24
 387 741 399 716 420 684 c 24
 425 677 415 672 411 664 c 25
 303 543 l 25
 303 543 345 499 363 465 c 24
 380 434 389 414 390 378 c 24
 391 346 385 325 367 298 c 24
 352 274 337 255 309 255 c 24
 287 255 287 282 270 297 c 24
 253 313 241 319 222 333 c 25
 267 333 l 26
 292 333 296 363 300 387 c 24
 305 417 298 436 288 465 c 24
 276 500 243 549 243 549 c 25
 300 670 l 25
120 753 m 25
 120 753 199 737 231 702 c 24
 245 687 218 673 210 654 c 25
 210 171 l 17
 202 142 196 120 165 117 c 1
 141 119 130 143 120 171 c 9
 120 753 l 25
EndSplineSet
EndChar
