Width: 1000
Flags: HW
LayerCount: 2
Fore
SplineSet
456 -135 m 25
 456 240 l 25
 499 220 535 224 567 189 c 24
 581 174 554 160 546 141 c 25
 546 -135 l 25
 456 -135 l 25
75 -102 m 25
 771 -102 l 25
 800 -74 809 -42 834 -33 c 1
 860 -37 902 -90 933 -123 c 1
 941 -141 924 -152 906 -152 c 9
 75 -152 l 25
 75 -102 l 25
192 81 m 25
 663 81 l 25
 692 109 701 141 726 150 c 1
 752 146 794 93 825 60 c 1
 833 42 816 31 798 31 c 9
 192 31 l 25
 192 81 l 25
829 516 m 25
 829 234 l 17
 821 205 815 183 784 180 c 1
 760 182 749 206 739 234 c 9
 739 516 l 25
 829 516 l 25
610 546 m 25
 877 546 l 25
 877 546 900 582 925 591 c 1
 951 587 939 558 970 525 c 1
 978 507 961 496 943 496 c 9
 610 496 l 25
 610 546 l 25
576 468 m 25
 576 753 l 25
 619.29 733.11 654.953 737.251 687 702 c 24
 700.745 686.881 674.19 672.72 666 654 c 25
 666 465 l 17
 657 411 658.714 395.322 643 354 c 24
 626.734 311.227 616.179 285.496 585 252 c 24
 556.692 221.589 530.1 217.23 495 195 c 25
 519.57 255.84 539.336 288.097 558 351 c 24
 571.132 395.26 568.98 422.37 576 468 c 25
751 741 m 24
 792.768 756.281 853 792 853 792 c 1
 916 705 l 25
 896.11 700.32 885.296 695.365 865 693 c 24
 764.625 681.306 707.62 678.36 607 669 c 25
 607 702 l 25
 663.16 717.21 696.359 721.009 751 741 c 24
46 318 m 25
 432 318 l 25
 432 318 455 354 480 363 c 1
 506 359 494 330 525 297 c 1
 533 279 516 268 498 268 c 9
 46 268 l 25
 46 318 l 25
127 509 m 25
 436 509 l 25
 436 459 l 25
 127 459 l 25
 127 509 l 25
121 418 m 25
 457 418 l 25
 457 368 l 25
 121 368 l 25
 121 418 l 25
130 606 m 25
 394 606 l 25
 410.38 618.87 415.89 644.435 436 639 c 24
 471.178 629.492 488.287 608.381 505 576 c 24
 511.55 563.309 492.19 557.7 484 546 c 25
 484 405 l 17
 476 376 470 354 439 351 c 1
 415 353 404 377 394 405 c 9
 394 556 l 25
 130 556 l 25
 130 606 l 25
85 633 m 25
 128.29 613.11 163.953 617.251 196 582 c 24
 209.745 566.881 183.19 552.72 175 534 c 25
 175 402 l 17
 167 373 161 351 130 348 c 1
 106 350 95 374 85 402 c 9
 85 633 l 25
248 792 m 25
 291.29 772.11 326.953 776.251 359 741 c 24
 372.745 725.881 346.19 711.72 338 693 c 25
 338 219 l 17
 330 190 324 168 293 165 c 1
 269 167 258 191 248 219 c 9
 248 792 l 25
73 708 m 25
 412 708 l 25
 412 708 435 744 460 753 c 1
 486 749 474 720 505 687 c 1
 513 669 496 658 478 658 c 9
 73 658 l 25
 73 708 l 25
EndSplineSet
EndChar
