Width: 1000
Flags: H
TeX: 117 0
LayerCount: 2
Fore
SplineSet
663 516 m 1
 753 516 l 1
 753 -60 l 1
 663 -60 l 1
 663 516 l 1
507 567 m 25
 507 -102 l 17
 499 -131 493 -153 462 -156 c 1
 438 -154 427 -130 417 -102 c 9
 417 447 l 25
 507 567 l 25
483 -39 m 25
 849 -39 l 25
 849 -39 872 -3 897 6 c 1
 923 2 911 -27 942 -60 c 1
 950 -78 933 -89 915 -89 c 9
 483 -89 l 25
 483 -39 l 25
480 150 m 25
 819 150 l 25
 819 150 842 186 867 195 c 1
 893 191 881 162 912 129 c 1
 920 111 903 100 885 100 c 9
 480 100 l 25
 480 150 l 25
477 345 m 25
 825 345 l 25
 825 345 848 381 873 390 c 1
 899 386 887 357 918 324 c 1
 926 306 909 295 891 295 c 9
 477 295 l 25
 477 345 l 25
453 528 m 25
 861 528 l 25
 861 528 884 564 909 573 c 1
 935 569 923 540 954 507 c 1
 962 489 945 478 927 478 c 9
 453 478 l 25
 453 528 l 25
705 756 m 25
 748.29 733.77 782.178 733.989 816 699 c 24
 827.061 687.559 801.36 678.87 792 666 c 25
 773.28 629.73 763.274 608.979 744 573 c 24
 728.169 543.449 718.38 527.25 702 498 c 25
 648 498 l 25
 660.87 545.97 670.285 572.503 681 621 c 24
 692.536 673.217 695.64 703.35 705 756 c 25
480 750 m 25
 522.12 728.94 555.252 729.84 588 696 c 24
 599.649 683.962 576.916 672.257 570 657 c 24
 537.137 584.507 523.456 541.23 486 471 c 24
 457.748 418.027 442.12 386.662 402 342 c 24
 378.793 316.165 356.25 312.72 327 294 c 25
 350.4 347.82 366.288 377.09 387 432 c 24
 416.641 510.583 432.425 555.389 456 636 c 24
 468.753 679.608 470.64 705.54 480 750 c 25
99 -12 m 24
 74.082 34.2764 75.21 66.6904 60 117 c 25
 147.75 125.19 197.507 127.416 285 138 c 24
 342.669 144.976 374.67 152.64 432 162 c 25
 371.16 126.9 338.208 104.614 276 72 c 24
 217.593 41.3789 182.578 28.2744 123 0 c 24
 113.546 -4.48633 103.961 -21.2139 99 -12 c 24
60 510 m 25
 300 510 l 25
 300 510 323 546 348 555 c 1
 374 551 362 522 393 489 c 1
 401 471 384 460 366 460 c 9
 60 460 l 25
 60 510 l 25
186 93 m 25
 186 729 l 25
 229 709 265 713 297 678 c 24
 311 663 284 649 276 630 c 25
 276 93 l 25
 186 93 l 25
EndSplineSet
EndChar
