Width: 1000
Flags: H
TeX: 117 0
LayerCount: 2
Fore
SplineSet
99 -123 m 25
 792 -123 l 25
 821 -95 830 -63 855 -54 c 1
 881 -58 923 -111 954 -144 c 1
 962 -162 945 -173 927 -173 c 9
 99 -173 l 25
 99 -123 l 25
192 51 m 25
 714 51 l 25
 714 51 752 111 777 120 c 1
 803 116 845 63 876 30 c 1
 884 12 867 1 849 1 c 9
 192 1 l 25
 192 51 l 25
480 -141 m 25
 480 228 l 25
 523 208 559 212 591 177 c 24
 605 162 578 148 570 129 c 25
 570 -141 l 25
 480 -141 l 25
747 453 m 25
 747 172 l 17
 739 143 733 121 702 118 c 1
 678 120 667 144 657 172 c 9
 657 453 l 25
 747 453 l 25
501 340 m 25
 822 340 l 25
 822 340 844 371 868 380 c 1
 887 373 911 345 930 319 c 1
 938 301 922 290 904 290 c 9
 501 290 l 25
 501 340 l 25
765 643 m 25
 800 624 828 624 855 595 c 24
 864 585 845 576 837 565 c 24
 808 522 791 499 762 457 c 25
 717 457 l 25
 726 489 733 506 741 538 c 24
 751 579 756 602 765 643 c 25
642 571 m 24
 663 545 671 524 672 490 c 24
 672 472 662 458 645 454 c 24
 627 449 610 456 600 472 c 24
 583 499 591 522 582 553 c 24
 571 589 562 608 549 643 c 25
 585 615 613 607 642 571 c 24
471 486 m 25
 858 486 l 25
 858 486 880 517 904 526 c 1
 923 519 947 491 966 465 c 1
 974 447 958 436 940 436 c 9
 471 436 l 25
 471 486 l 25
510 664 m 25
 825 664 l 25
 825 664 847 695 871 704 c 1
 890 697 914 669 933 643 c 1
 941 625 925 614 907 614 c 9
 510 614 l 25
 510 664 l 25
660 643 m 25
 660 789 l 25
 703 769 739 773 771 738 c 24
 785 723 758 709 750 690 c 25
 750 643 l 25
 660 643 l 25
234 250 m 25
 423 250 l 25
 423 200 l 25
 234 200 l 25
 234 250 l 25
222 427 m 25
 363 427 l 25
 379 440 385 465 405 460 c 24
 440 450 457 429 474 397 c 24
 481 384 461 379 453 367 c 25
 453 208 l 17
 445 179 439 157 408 154 c 1
 384 156 373 180 363 208 c 9
 363 377 l 25
 222 377 l 25
 222 427 l 25
186 457 m 25
 229 437 265 441 297 406 c 24
 311 391 284 377 276 358 c 25
 276 184 l 17
 268 155 262 133 231 130 c 1
 207 132 196 156 186 184 c 9
 186 457 l 25
174 578 m 25
 441 578 l 25
 441 528 l 25
 174 528 l 25
 174 578 l 25
180 718 m 25
 396 718 l 25
 412 731 418 756 438 751 c 24
 473 741 490 720 507 688 c 24
 514 675 494 670 486 658 c 25
 486 553 l 17
 478 524 472 502 441 499 c 1
 417 501 406 525 396 553 c 9
 396 668 l 25
 180 668 l 25
 180 718 l 25
147 412 m 9
 147 748 l 25
 190 728 226 732 258 697 c 24
 272 682 245 668 237 649 c 25
 237 409 l 17
 225 361 212 319 183 268 c 24
 160 228 141 208 105 178 c 24
 75 153 52 149 18 130 c 25
 48 179 72 203 96 256 c 24
 123 314 141 346 147 412 c 9
EndSplineSet
EndChar
