Width: 1000
Flags: H
TeX: 117 0
LayerCount: 2
Fore
SplineSet
63 -123 m 25
 747 -123 l 25
 776 -95 785 -63 810 -54 c 1
 836 -58 878 -111 909 -144 c 1
 917 -162 900 -173 882 -173 c 9
 63 -173 l 25
 63 -123 l 25
189 57 m 25
 681 57 l 25
 710 85 719 117 744 126 c 1
 770 122 812 69 843 36 c 1
 851 18 834 7 816 7 c 9
 189 7 l 25
 189 57 l 25
435 -150 m 25
 435 162 l 25
 478 142 514 146 546 111 c 24
 560 96 533 82 525 63 c 25
 525 -150 l 25
 435 -150 l 25
342 156 m 25
 385 186 412 200 453 234 c 24
 498 272 520 297 561 339 c 24
 597 376 616 398 651 435 c 25
 675 345 l 25
 650 324 638 311 612 291 c 24
 564 254 540 228 486 201 c 24
 433 175 398 174 342 156 c 25
555 504 m 25
 615 456 l 25
 589 428 577 410 549 384 c 24
 520 356 505 338 471 318 c 24
 431 294 403 291 360 273 c 25
 408 324 438 351 483 405 c 24
 514 441 527 465 555 504 c 25
699 438 m 25
 736 411 756 394 795 369 c 24
 830 346 850 333 888 315 c 24
 921 299 941 295 975 282 c 25
 956 268 945 261 927 246 c 24
 909 231 906 205 882 204 c 24
 855 203 845 225 825 243 c 24
 785 278 767 302 729 339 c 24
 699 368 681 383 651 411 c 25
 699 438 l 25
774 576 m 25
 808 543 841 535 861 492 c 24
 868 477 840 476 825 468 c 24
 767 436 734 420 675 390 c 25
 648 417 l 25
 677 446 697 460 723 492 c 24
 747 522 754 543 774 576 c 25
531 567 m 25
 575 531 612 521 645 474 c 24
 684 418 697 379 711 312 c 24
 719 272 718 244 699 207 c 24
 676 163 656 132 609 117 c 24
 586 110 590 150 573 168 c 24
 555 187 542 194 522 210 c 25
 582 210 l 25
 595 218 607 218 615 231 c 24
 630 255 642 272 639 300 c 24
 633 354 620 385 591 432 c 24
 567 472 540 483 507 516 c 25
 531 567 l 25
516 615 m 25
 627 615 l 25
 600 585 586 567 558 537 c 24
 532 509 521 489 489 468 c 24
 448 441 419 435 375 414 c 25
 407 455 426 477 456 519 c 24
 481 555 493 578 516 615 c 25
663 795 m 25
 703 780 734 786 765 756 c 24
 777 744 750 734 741 720 c 25
 663 624 l 25
 618 624 l 25
 626 650 632 664 639 690 c 24
 650 731 654 754 663 795 c 25
378 651 m 25
 804 651 l 25
 833 679 842 711 867 720 c 1
 893 716 935 663 966 630 c 1
 974 612 957 601 939 601 c 9
 378 601 l 25
 378 651 l 25
435 795 m 25
 469 775 496 774 522 744 c 24
 548 713 561 688 561 648 c 24
 561 625 536 618 513 615 c 24
 497 613 486 624 480 639 c 24
 470 664 481 682 474 708 c 24
 464 744 450 761 435 795 c 25
279 510 m 1
 279 510 333 456 348 411 c 24
 361 371 355 345 348 303 c 24
 343 270 338 249 318 222 c 24
 304 203 290 185 267 189 c 24
 243 193 243 218 228 237 c 24
 213 257 204 268 189 288 c 25
 234 288 l 25
 248 302 263 306 270 324 c 24
 281 351 287 371 279 399 c 24
 265 446 241 465 216 507 c 25
 225 529 230 542 240 564 c 24
 254 594 264 610 279 640 c 25
 138 640 l 25
 138 690 l 25
 273 690 l 25
 289 704 295 734 315 726 c 24
 351 713 364 686 378 651 c 24
 383 638 365 633 357 621 c 25
 279 510 l 1
105 735 m 25
 148 715 184 719 216 684 c 24
 230 669 203 655 195 636 c 25
 195 114 l 17
 187 85 181 63 150 60 c 1
 126 62 115 86 105 114 c 9
 105 735 l 25
EndSplineSet
EndChar
