Width: 1000
Flags: HW
LayerCount: 2
Fore
SplineSet
66 69 m 24
 33.0664 106.324 34.8896 140.37 15 186 c 25
 46.5898 190.68 64.3964 193.412 96 198 c 24
 209.477 214.473 273.51 223.62 387 240 c 25
 321.48 199.05 286.609 172.401 219 135 c 24
 176.38 111.423 149.723 103.292 105 84 c 24
 90.0371 77.5449 76.7822 56.7802 66 69 c 24
27 498 m 25
 291 498 l 25
 291 498 314 534 339 543 c 1
 365 539 353 510 384 477 c 1
 392 459 375 448 357 448 c 9
 27 448 l 25
 27 498 l 25
147 174 m 25
 147 765 l 25
 190 745 226 749 258 714 c 24
 272 699 245 685 237 666 c 25
 237 174 l 25
 147 174 l 25
570 792 m 25
 613 772 649 776 681 741 c 24
 695 726 668 712 660 693 c 25
 660 525 l 25
 570 525 l 25
 570 792 l 25
345 678 m 25
 759 678 l 25
 788 706 797 738 822 747 c 1
 848 743 890 690 921 657 c 1
 929 639 912 628 894 628 c 9
 345 628 l 25
 345 678 l 25
660 92.3398 m 25
 723.18 55.0635 766.66 44.9131 822 -3.24023 c 24
 852.373 -29.6699 874.832 -52.7793 873 -93 c 24
 871.744 -120.584 843.568 -136.575 816 -135 c 24
 789.569 -133.489 783.959 -108.123 768 -87 c 24
 743.926 -55.1377 734.602 -34.21 714 0 c 24
 692.479 35.7383 681.06 56.3271 660 92.3398 c 25
498 67.5596 m 25
 531.93 41.3281 562.859 37.0301 585 0.299805 c 24
 593.167 -13.248 568.045 -18.0506 555 -27 c 24
 517.57 -52.6787 497.529 -69.876 456 -88.2002 c 24
 402.06 -112.001 368.16 -116.272 312 -134.22 c 25
 349.44 -98.2539 372.812 -80.1728 408 -42 c 24
 445.479 -1.3418 462.9 24.8311 498 67.5596 c 25
459 232 m 1
 795 232 l 1
 795 182 l 1
 459 182 l 1
 459 232 l 1
459 345 m 1
 777 345 l 1
 777 295 l 1
 459 295 l 1
 459 345 l 1
447 450 m 1
 774 450 l 1
 774 400 l 1
 447 400 l 1
 447 450 l 1
447 552.54 m 25
 720 552.54 l 25
 736 565.54 742 590.54 762 585.54 c 24
 797 575.54 814 554.54 831 522.54 c 24
 838 509.54 818 504.54 810 492.54 c 25
 810 206.52 l 17
 802 177.52 796 155.52 765 152.52 c 1
 741 154.52 730 178.52 720 206.52 c 9
 720 502 l 25
 447 502 l 25
 447 552.54 l 25
429 586 m 25
 472.29 566.11 507.953 570.251 540 535 c 24
 553.745 519.881 527.19 505.72 519 487 c 25
 519 206.52 l 17
 511 177.52 505 155.52 474 152.52 c 1
 450 154.52 439 178.52 429 206.52 c 9
 429 586 l 25
321 124.2 m 25
 792 124 l 25
 821 152.2 830 184.2 855 193.2 c 1
 881 189.2 923 136.2 954 103.2 c 1
 962 85.2 945 74.2 927 74.2 c 9
 321 74 l 25
 321 124.2 l 25
EndSplineSet
EndChar
