Width: 1000
Flags: H
TeX: 117 0
LayerCount: 2
Fore
SplineSet
480 45 m 25
 505.74 20.4297 516.301 1.60151 546 -18 c 24
 575.747 -37.6328 594 -48 630 -54 c 9
 969 -54 l 25
 956.13 -72.7197 949.907 -84.0369 936 -102 c 24
 921.783 -120.363 912.21 -129.45 897 -147 c 25
 651 -147 l 17
 606 -129 574.717 -118.174 534 -87 c 24
 498.431 -59.7676 488.25 -33.9297 459 0 c 25
 480 45 l 25
663 135 m 25
 816 135 l 25
 816 135 839 171 864 180 c 1
 890 176 878 147 909 114 c 1
 917 96 900 85 882 85 c 9
 663 85 l 25
 663 135 l 25
621 297 m 1
 711 297 l 1
 711 -102 l 1
 621 -102 l 1
 621 297 l 1
461 256 m 25
 501 237 533 239 563 206 c 24
 575 194 553 181 547 165 c 25
 533 126 530 102 512 65 c 24
 485 8 472 -28 431 -76 c 24
 400 -112 374 -124 332 -144 c 24
 299 -160 277 -159 241 -169 c 25
 295 -113 335 -89 380 -24 c 24
 416 28 428 63 445 124 c 24
 460 174 455 205 461 256 c 25
414 311 m 25
 780 311 l 25
 780 311 818 371 843 380 c 1
 869 376 911 323 942 290 c 1
 950 272 933 261 915 261 c 9
 414 261 l 25
 414 311 l 25
522 430 m 1
 837 430 l 1
 837 380 l 1
 522 380 l 1
 522 430 l 1
534 569 m 1
 807 569 l 1
 807 519 l 1
 534 519 l 1
 534 569 l 1
534 711 m 25
 771 711 l 25
 787 724 793 749 813 744 c 24
 848 734 865 713 882 681 c 24
 889 668 869 663 861 651 c 25
 861 417 l 17
 853 388 847 366 816 363 c 1
 792 365 781 389 771 417 c 9
 771 661 l 25
 534 661 l 25
 534 711 l 25
498 744 m 25
 541 724 577 728 609 693 c 24
 623 678 596 664 588 645 c 25
 588 414 l 17
 580 385 574 363 543 360 c 1
 519 362 508 386 498 414 c 9
 498 744 l 25
60 129 m 25
 121 135 155 137 216 144 c 24
 307 155 359 164 450 177 c 25
 394 147 363 128 306 99 c 24
 246 69 211 54 150 27 c 24
 135 20 122 -0 111 12 c 24
 78 49 80 83 60 129 c 25
48 513 m 25
 354 513 l 25
 354 513 377 549 402 558 c 1
 428 554 416 525 447 492 c 1
 455 474 438 463 420 463 c 9
 48 463 l 25
 48 513 l 25
207 126 m 25
 207 732 l 25
 250 712 286 716 318 681 c 24
 332 666 305 652 297 633 c 25
 297 126 l 25
 207 126 l 25
EndSplineSet
EndChar
