Width: 1000
Flags: H
TeX: 117 0
LayerCount: 2
Fore
SplineSet
456 -150 m 25
 456 213 l 25
 456 213 535 197 567 162 c 24
 581 147 554 133 546 114 c 25
 546 -150 l 25
 456 -150 l 25
54 -129 m 25
 795 -129 l 25
 824 -101 833 -69 858 -60 c 1
 884 -64 926 -117 957 -150 c 1
 965 -168 948 -179 930 -179 c 9
 54 -179 l 25
 54 -129 l 25
156 66 m 25
 681 66 l 25
 710 94 719 126 744 135 c 1
 770 131 812 78 843 45 c 1
 851 27 834 16 816 16 c 9
 156 16 l 25
 156 66 l 25
570 645 m 17
 612 645 l 9
 612 645 632 544 666 489 c 24
 706 424 740 393 798 343 c 24
 831 315 859 304 896 291 c 0
 934 278 996 268 996 268 c 25
 996 268 940 251 908 232 c 24
 893 223 895 201 878 200 c 0
 856 198 827 207 801 225 c 24
 748 262 719 287 681 339 c 24
 638 398 622 438 597 507 c 24
 578 559 570 645 570 645 c 17
795 619 m 25
 498 619 l 25
 498 669 l 25
 801 669 l 17
 823 687 820 715 842 710 c 24
 883 701 907 680 924 642 c 24
 932 625 890 627 886 612 c 0
 869 545 844 497 801 432 c 24
 755 363 726 323 660 272 c 24
 605 230 568 216 498 198 c 1
 552 244 583 272 630 326 c 24
 672 375 694 405 726 462 c 24
 759 520 795 619 795 619 c 25
255 414 m 25
 345 414 l 25
 345 240 l 25
 255 240 l 25
 255 414 l 25
258 693 m 25
 348 693 l 25
 348 543 l 25
 258 543 l 25
 258 693 l 25
135 436 m 25
 453 436 l 25
 453 386 l 25
 135 386 l 25
 135 436 l 25
132 255 m 25
 408 255 l 25
 408 255 430 286 454 295 c 1
 473 288 497 260 516 234 c 1
 524 216 508 205 490 205 c 9
 132 205 l 25
 132 255 l 25
135 579 m 25
 396 579 l 25
 412 592 418 617 438 612 c 24
 473 602 490 581 507 549 c 24
 514 536 494 531 486 519 c 25
 486 510 l 2
 486 490 499 448 493 414 c 0
 485 372 450 360 430 360 c 0
 410 360 392 368 391 390 c 0
 390 410 396 460 396 496 c 2
 396 529 l 25
 135 529 l 25
 135 579 l 25
126 732 m 25
 417 732 l 25
 417 732 439 763 463 772 c 1
 482 765 506 737 525 711 c 1
 533 693 517 682 499 682 c 9
 126 682 l 25
 126 732 l 25
87 768 m 25
 87 768 166 752 198 717 c 24
 212 702 185 688 177 669 c 25
 177 339 l 2
 177 318 186 234 180 201 c 0
 172 159 137 147 117 147 c 0
 97 147 79 154 78 176 c 0
 77 196 87 288 87 324 c 2
 87 768 l 25
EndSplineSet
EndChar
