Width: 1000
Flags: H
TeX: 117 0
LayerCount: 2
Fore
SplineSet
633 264 m 25
 681 264 l 25
 705.57 218.37 712.905 188.46 744 147 c 24
 790.703 84.7295 820.193 50.9963 879 0 c 24
 920.945 -36.374 952.81 -45.75 1000 -75 c 25
 978.55 -94.8896 964.626 -104.308 945 -126 c 24
 934.766 -137.312 938.021 -165.009 924 -159 c 24
 882.909 -141.39 869.439 -114.644 840 -81 c 24
 795.467 -30.1055 772.836 0.947111 735 57 c 24
 709.505 94.7705 698.142 118.123 678 159 c 24
 658.308 198.964 650.55 223.05 633 264 c 25
840 247 m 25
 612 247 l 25
 612 297 l 25
 849 297 l 25
 868.89 308.7 878.935 336.424 900 327 c 24
 936.531 310.657 952.815 284.702 963 246 c 24
 967.632 228.398 942.87 225.87 930 213 c 25
 901.92 166.2 888.138 138.502 858 93 c 24
 828.407 48.3213 812.495 22.1503 777 -18 c 24
 740.817 -58.9277 720.712 -84.0898 675 -114 c 24
 624.601 -146.978 600 -168 534 -177 c 9
 590.16 -123.18 628.865 -99.3018 678 -39 c 24
 732.53 27.9238 755.453 71.8866 798 147 c 24
 818.848 183.806 823.62 208 840 247 c 25
765 411 m 9
 765 643 l 25
 660 643 l 25
 660 693 l 25
 765 693 l 25
 781.38 705.87 786.891 731.435 807 726 c 24
 842.178 716.492 859.287 695.381 876 663 c 24
 882.55 650.309 863.19 644.7 855 633 c 25
 855 474 l 17
 866.32 453.509 878.197 455.717 888 453 c 9
 915 453 l 25
 923.19 462.36 928.921 466.774 936 477 c 24
 950.049 497.293 956.13 509.94 969 531 c 25
 972.51 497.07 969.468 477.026 978 444 c 24
 981.869 429.023 1004.89 425.674 1000 411 c 24
 993.534 391.602 973.77 392.7 957 381 c 25
 816 381 l 17
 792 381 777 393 765 411 c 9
618 477 m 25
 618 729 l 25
 661.29 709.11 696.953 713.251 729 678 c 24
 742.745 662.881 716.19 648.72 708 630 c 25
 708 477 l 17
 702 453 695.047 426.78 678 399 c 24
 662.85 374.311 649.685 363.015 627 345 c 24
 609.376 331.004 595.89 328.53 576 318 c 25
 590.04 355.44 601.788 375.34 612 414 c 24
 618.304 437.862 615.66 452.43 618 477 c 25
354 39 m 25
 425.37 62.4004 465.409 76.2837 537 99 c 24
 587.098 114.896 615.69 122.79 666 138 c 25
 619.2 99.3896 595.703 73.7924 546 39 c 24
 490.11 -0.123047 454.5 -15.9004 396 -51 c 25
 354 39 l 25
429 303 m 25
 534 303 l 25
 534 303 557 339 582 348 c 1
 608 344 596 315 627 282 c 1
 635 264 618 253 600 253 c 9
 429 253 l 25
 429 303 l 25
432 492 m 25
 516 492 l 25
 516 492 539 528 564 537 c 1
 590 533 578 504 609 471 c 1
 617 453 600 442 582 442 c 9
 432 442 l 25
 432 492 l 25
549 765 m 25
 565.38 731.07 584.452 715.104 591 678 c 24
 592.918 667.13 576.36 668.85 567 663 c 25
 432 627 l 25
 420 666 l 25
 446.91 684.72 462.994 694.042 489 714 c 24
 513.363 732.697 525.6 745.11 549 765 c 25
402 711 m 25
 445 691 481 695 513 660 c 24
 527 645 500 631 492 612 c 25
 492 -132 l 17
 484 -161 478 -183 447 -186 c 1
 423 -184 412 -160 402 -132 c 9
 402 711 l 25
294 177 m 25
 323.25 154.77 346.213 148.819 369 120 c 24
 387.601 96.4756 395.319 77.9815 396 48 c 24
 396.572 22.8037 392.689 2.39218 372 -12 c 24
 357.09 -22.3721 336.822 -15.2785 327 0 c 24
 311.697 23.8037 323.187 44.1807 318 72 c 24
 310.301 113.295 303.36 136.05 294 177 c 25
72 168 m 25
 107.1 156.3 131.215 158.523 162 138 c 24
 170.317 132.455 156.51 123.36 153 114 c 25
 140.13 69.54 135.324 43.6747 120 0 c 24
 111.855 -23.2109 107.668 -37.2542 93 -57 c 24
 76.7119 -78.9258 61.8896 -86.2803 42 -105 c 25
 49.0195 -46.5 53.564 -13.5673 60 45 c 24
 65.2646 92.9092 67.3203 120.03 72 168 c 25
279 285 m 25
 279 -126 l 17
 271 -155 265 -177 234 -180 c 1
 210 -178 199 -154 189 -126 c 9
 189 285 l 25
 279 285 l 25
306 372 m 25
 332.91 349.77 354.825 343.483 375 315 c 24
 395.976 285.388 410.714 264.188 408 228 c 24
 406.442 207.228 386.774 196.539 366 195 c 24
 347.551 193.634 335.273 205.454 327 222 c 24
 314.863 246.272 321.763 264.124 318 291 c 24
 313.572 322.626 310.68 340.41 306 372 c 25
54 300 m 25
 77.4004 300 90.6016 299.761 114 300 c 24
 205.263 300.932 256.74 301.83 348 303 c 25
 363 255 l 25
 272.91 238.62 221.867 230.56 132 213 c 24
 120.012 210.657 110.154 194.905 102 204 c 24
 74.0566 235.167 72.7197 262.56 54 300 c 25
264 552 m 25
 302.61 534.45 331.836 535.767 363 507 c 24
 372.803 497.952 350.19 490.53 342 480 c 25
 315.09 435.54 297.973 411.576 273 366 c 24
 251.124 326.076 241.89 301.95 222 261 c 25
 180 261 l 25
 206.91 348.75 223.545 397.816 249 486 c 24
 256.32 511.361 258.15 526.26 264 552 c 25
57 501 m 25
 99.1201 490.47 126.958 494.923 165 474 c 24
 199.796 454.862 228.071 440.694 237 402 c 24
 242.581 377.816 216.21 362.467 192 357 c 24
 171.584 352.39 159.557 366.999 144 381 c 24
 123.476 399.472 118.208 415.644 102 438 c 24
 84.2773 462.445 74.5498 476.43 57 501 c 25
198 729 m 25
 236.61 706.77 269.726 707.228 297 672 c 24
 307.744 658.123 280.53 650.04 270 636 c 25
 250.11 609.09 237.253 595.047 219 567 c 24
 189.23 521.256 175.08 493.8 147 447 c 25
 102 465 l 25
 126.57 525.84 142.577 559.336 165 621 c 24
 180.051 662.391 185.13 686.88 198 729 c 25
EndSplineSet
EndChar
