Width: 1000
Flags: HW
TeX: 117 0
LayerCount: 2
Fore
SplineSet
465 -51 m 24
 436 -12 436 19 417 63 c 25
 444 63 460 59 486 66 c 24
 542 81 570 99 624 120 c 25
 624 69 l 25
 569 32 536 13 483 -27 c 24
 474 -34 472 -60 465 -51 c 24
84 183 m 25
 121 161 154 161 180 126 c 24
 191 111 167 100 159 84 c 25
 146 51 146 29 126 0 c 24
 97 -41 71 -57 36 -93 c 25
 55 -17 71 25 84 102 c 24
 89 133 84 151 84 183 c 25
93 222 m 24
 64 254 66 284 48 324 c 25
 63 320 71 315 87 315 c 24
 199 315 263 330 375 330 c 25
 375 285 l 25
 281 263 229 249 135 228 c 24
 119 224 104 210 93 222 c 24
465 579 m 1
 780 579 l 1
 780 529 l 1
 465 529 l 1
 465 579 l 1
726 387 m 25
 726 673 l 25
 438 673 l 25
 438 723 l 25
 726 723 l 25
 742 736 748 761 768 756 c 24
 803 746 820 725 837 693 c 24
 844 680 824 675 816 663 c 25
 816 387 l 25
 726 387 l 25
681 387 m 25
 694 340 695 311 714 267 c 24
 736 217 755 192 786 147 c 24
 810 111 820 86 855 60 c 24
 898 27 932 23 981 0 c 25
 949 -13 925 -10 900 -33 c 24
 874 -56 893 -110 858 -111 c 24
 819 -112 815 -68 792 -36 c 24
 763 5 750 31 726 75 c 24
 701 121 686 147 666 195 c 24
 654 224 651 243 642 273 c 25
 642 387 l 25
 681 387 l 25
834 312 m 25
 873 284 908 281 933 240 c 24
 943 224 907 228 891 219 c 24
 835 189 803 171 747 141 c 25
 717 177 l 25
 752 212 774 229 807 267 c 24
 820 282 823 294 834 312 c 25
426 315 m 25
 466 295 499 297 528 264 c 24
 553 236 577 200 552 171 c 0
 534 150 511 149 486 156 c 24
 467 161 465 180 459 198 c 24
 451 220 462 231 450 258 c 0
 440 280 435 293 426 315 c 25
591 -75 m 25
 591 387 l 25
 681 387 l 25
 681 -105 l 25
 661 -133 664 -170 630 -177 c 24
 604 -182 609 -140 588 -123 c 24
 559 -99 537 -94 504 -75 c 25
 591 -75 l 25
417 429 m 25
 864 429 l 25
 864 429 887 465 912 474 c 1
 938 470 926 441 957 408 c 1
 965 390 948 379 930 379 c 9
 417 379 l 25
 417 429 l 25
324 411 m 25
 352 384 375 375 396 342 c 24
 412 316 421 296 414 267 c 24
 409 243 394 226 369 222 c 24
 351 219 342 238 336 255 c 24
 325 288 327 310 327 345 c 24
 327 371 324 385 324 411 c 25
303 180 m 25
 345 146 389 142 411 93 c 24
 426 59 417 19 384 0 c 24
 360 -14 345 24 333 48 c 24
 322 70 332 87 327 111 c 24
 321 139 312 153 303 180 c 25
288 288 m 25
 288 -123 l 17
 280 -152 274 -174 243 -177 c 1
 219 -175 208 -151 198 -123 c 9
 198 288 l 25
 288 288 l 25
318 585 m 25
 357 558 394 557 417 516 c 24
 427 499 389 500 375 486 c 24
 337 448 318 424 282 384 c 24
 241 339 218 313 177 267 c 25
 132 276 l 25
 181 349 213 387 258 462 c 24
 286 508 295 537 318 585 c 25
93 591 m 25
 137 568 172 567 207 531 c 24
 238 498 245 468 252 423 c 24
 255 405 249 381 231 381 c 24
 203 381 186 395 168 417 c 24
 146 443 149 467 135 498 c 24
 119 535 109 555 93 591 c 25
261 771 m 25
 303 738 339 731 369 687 c 24
 378 673 346 674 333 663 c 24
 271 610 238 577 177 522 c 25
 156 543 l 25
 178 591 191 618 213 666 c 24
 232 707 242 730 261 771 c 25
EndSplineSet
EndChar
