Width: 1000
Flags: H
TeX: 117 0
LayerCount: 2
Fore
SplineSet
381 387 m 25
 417 359 451 355 474 315 c 24
 492 284 493 254 477 222 c 24
 468 204 440 205 426 219 c 24
 402 243 408 268 399 300 c 24
 390 333 388 353 381 387 c 25
534 188 m 25
 900 188 l 25
 900 138 l 25
 534 138 l 25
 534 188 l 25
534 380 m 25
 885 380 l 25
 885 330 l 25
 534 330 l 25
 534 380 l 25
535 549 m 25
 858 549 l 25
 874.38 561.87 879.891 587.435 900 582 c 24
 935.178 572.492 952.287 551.381 969 519 c 24
 975.55 506.309 956.19 500.7 948 489 c 25
 948 150 l 17
 940 121 934 99 903 96 c 1
 879 98 868 122 858 150 c 9
 858 499 l 25
 535 499 l 25
 535 549 l 25
660 771 m 25
 703 751 739 755 771 720 c 24
 785 705 758 691 750 672 c 25
 750 -138 l 17
 742 -167 736 -189 705 -192 c 1
 681 -190 670 -166 660 -138 c 9
 660 771 l 25
480 588 m 25
 523 568 559 572 591 537 c 24
 605 522 578 508 570 489 c 25
 570 150 l 17
 562 121 556 99 525 96 c 1
 501 98 490 122 480 150 c 9
 480 588 l 25
354 210 m 25
 390.27 173.73 419.934 160.571 447 117 c 24
 469.474 80.8232 487.329 53.3174 477 12 c 24
 470.517 -13.9336 433.903 -32.8447 414 -15 c 24
 382.724 13.041 400.823 49.4121 390 90 c 24
 377.41 137.211 368.04 163.2 354 210 c 25
120 207 m 25
 156 194 183 198 213 174 c 24
 223 166 205 156 201 144 c 24
 185 99 185 69 162 27 c 24
 141 -11 118 -24 90 -57 c 25
 120 207 l 25
324 285 m 25
 324 -138 l 17
 316 -167 310 -189 279 -192 c 1
 255 -190 244 -166 234 -138 c 9
 234 285 l 25
 324 285 l 25
93 315 m 25
 432 315 l 25
 426 288 l 25
 327 269 270 263 171 240 c 24
 154 236 144 207 132 219 c 24
 103 247 108 278 93 315 c 25
348 594 m 25
 380.76 576.45 408.096 577.457 432 549 c 24
 441.186 538.064 419.091 530.769 411 519 c 24
 380.48 474.608 362.742 449.916 333 405 c 24
 305.405 363.326 290.91 339.12 264 297 c 25
 207 303 l 25
 244.44 375.54 267.404 415.537 303 489 c 24
 322.427 529.094 330.45 553.05 348 594 c 25
222 510 m 24
 261 483 294 466 303 420 c 24
 308 394 275 371 249 378 c 24
 210 388 202 421 177 453 c 24
 145 493 102 561 102 561 c 1
 102 561 180 539 222 510 c 24
252 780 m 25
 292.95 756.6 325.588 755.182 357 720 c 24
 366.979 708.823 336.504 707.583 327 696 c 24
 298.788 661.617 286.174 639.666 261 603 c 24
 232.348 561.268 217.08 537.12 189 495 c 25
 156 522 l 25
 178.23 572.31 193.818 599.45 213 651 c 24
 231.329 700.26 236.79 729.69 252 780 c 25
EndSplineSet
EndChar
