Width: 1000
Flags: H
TeX: 117 0
LayerCount: 2
Fore
SplineSet
558 -69 m 25
 870 -69 l 25
 870 -119 l 25
 558 -119 l 25
 558 -69 l 25
549 249 m 25
 825 249 l 25
 841 262 847 287 867 282 c 24
 902 272 919 251 936 219 c 24
 943 206 923 201 915 189 c 25
 915 -96 l 17
 907 -125 901 -147 870 -150 c 1
 846 -148 835 -124 825 -96 c 9
 825 199 l 25
 549 199 l 25
 549 249 l 25
516 282 m 25
 559 262 595 266 627 231 c 24
 641 216 614 202 606 183 c 25
 606 -102 l 17
 598 -131 592 -153 561 -156 c 1
 537 -154 526 -130 516 -102 c 9
 516 282 l 25
612 681 m 25
 708 681 l 25
 703 639 705 614 696 573 c 24
 686 525 683 496 660 453 c 24
 634 406 614 381 573 348 c 24
 541 322 519 321 477 306 c 1
 516 363 539 388 567 447 c 24
 590 496 596 526 606 579 c 24
 614 618 610 641 612 681 c 25
882 357 m 24
 858 321 838 295 795 288 c 24
 766 283 759 316 735 333 c 24
 711 351 697 360 672 378 c 25
 780 378 l 17
 804 396 811 412 822 438 c 24
 834 467 837 471 840 516 c 1
 840 667 l 25
 438 667 l 25
 438 717 l 25
 840 717 l 25
 856 730 862 755 882 750 c 24
 917 740 934 719 951 687 c 24
 958 674 938 669 930 657 c 25
 930 492 l 1
 927 441 913 404 882 357 c 24
348 243 m 17
 387 201 424 186 453 135 c 24
 471 102 475 74 462 39 c 24
 454 18 425 3 408 18 c 24
 380 43 391 75 381 111 c 24
 367 162 361 192 348 243 c 17
120 243 m 25
 156 225 183 225 213 198 c 24
 222 189 206 180 201 168 c 24
 182 121 176 93 153 48 c 24
 136 14 124 -5 99 -33 c 24
 77 -58 59 -66 33 -87 c 25
 54 -14 68 26 87 99 c 24
 102 155 107 187 120 243 c 25
318 315 m 25
 318 -129 l 17
 310 -158 304 -180 273 -183 c 1
 249 -181 238 -157 228 -129 c 9
 228 315 l 25
 318 315 l 25
372 474 m 25
 405 439 436 428 456 384 c 24
 477 339 486 305 471 258 c 24
 464 237 429 239 414 255 c 24
 390 280 397 307 390 342 c 24
 380 393 379 423 372 474 c 25
45 351 m 9
 81 352 102 353 138 354 c 24
 256 358 323 359 441 363 c 25
 456 318 l 25
 318 295 240 282 102 258 c 24
 91 256 81 243 75 252 c 24
 54 286 51 327 45 351 c 9
228 336 m 25
 156 336 l 25
 192 390 216 418 249 474 c 24
 282 529 295 564 324 621 c 25
 359 593 386 584 414 549 c 24
 420 541 400 542 393 534 c 24
 327 458 292 413 228 336 c 25
72 609 m 17
 132 600 200 593 240 537 c 8
 258 512 260 487 249 459 c 24
 242 442 220 438 204 447 c 24
 169 467 161 494 135 525 c 24
 109 557 97 576 72 609 c 17
225 786 m 1
 225 786 293 759 324 726 c 24
 332 717 308 715 300 705 c 24
 249 644 174 546 174 546 c 1
 129 579 l 1
 225 786 l 1
EndSplineSet
EndChar
