Width: 1000
Flags: H
TeX: 117 0
LayerCount: 2
Fore
SplineSet
663 288 m 25
 696 288 l 25
 714 230 710 191 741 138 c 24
 785 63 820 26 885 -33 c 24
 913 -58 938 -57 972 -72 c 25
 959 -87 952 -96 939 -111 c 24
 928 -123 925 -143 909 -141 c 24
 871 -136 850 -122 822 -96 c 24
 777 -53 756 -22 726 33 c 24
 703 74 698 101 687 147 c 24
 674 201 672 233 663 288 c 25
822 265 m 25
 627 265 l 25
 627 315 l 25
 825 315 l 25
 840 327 846 352 864 345 c 24
 894 333 905 310 915 279 c 24
 919 265 902 261 894 249 c 25
 880 201 877 172 858 126 c 24
 832 62 825 20 780 -33 c 24
 739 -82 702 -98 645 -126 c 24
 607 -144 581 -141 540 -150 c 25
 590 -111 624 -96 669 -51 c 24
 709 -12 732 13 756 63 c 24
 792 138 796 186 822 265 c 25
465 138 m 24
 442 169 423 180 396 207 c 25
 452 180 490 175 540 138 c 24
 577 110 598 88 615 45 c 24
 630 8 638 -23 618 -57 c 24
 607 -76 583 -51 567 -36 c 24
 548 -19 547 -1 534 21 c 24
 507 67 497 95 465 138 c 24
555 259 m 25
 372 259 l 25
 372 309 l 25
 534 309 l 25
 554 324 562 357 585 348 c 24
 620 335 628 305 639 270 c 24
 644 256 628 250 621 237 c 25
 599 173 593 134 564 72 c 24
 540 20 524 -11 486 -54 c 24
 461 -82 439 -92 405 -108 c 24
 377 -121 357 -121 327 -129 c 25
 357 -99 379 -86 405 -51 c 24
 444 2 463 34 492 93 c 24
 522 155 530 194 555 259 c 25
651 619 m 25
 700 601 732 601 776 573 c 24
 835 536 879 516 912 454 c 24
 927 425 914 379 881 376 c 24
 843 373 837 417 811 445 c 24
 780 478 765 500 734 533 c 24
 703 568 684 586 651 619 c 25
831 670 m 25
 639 670 l 25
 639 720 l 25
 819 720 l 25
 837 729 846 753 864 744 c 24
 902 724 919 700 936 660 c 24
 941 647 920 645 909 636 c 25
 876 586 862 554 825 507 c 24
 797 472 781 451 744 426 c 24
 702 398 673 393 627 372 c 25
 668 415 695 436 732 483 c 24
 765 525 782 550 807 597 c 24
 821 622 822 639 831 670 c 25
474 543 m 24
 443 578 421 592 387 624 c 25
 447 602 488 603 540 567 c 24
 579 540 595 513 612 468 c 24
 621 445 624 410 600 405 c 24
 571 399 560 431 540 453 c 24
 511 485 503 511 474 543 c 24
540 670 m 25
 354 670 l 25
 354 720 l 25
 525 720 l 25
 538 734 539 760 558 756 c 24
 593 748 611 728 627 696 c 24
 635 680 616 670 609 654 c 25
 593 598 597 560 567 510 c 24
 537 459 510 433 459 402 c 24
 424 381 397 389 357 381 c 25
 394 413 429 423 453 462 c 0
 477 500 496 519 513 561 c 24
 530 601 529 627 540 670 c 25
300 198 m 25
 332 179 359 179 381 150 c 24
 405 119 411 93 411 54 c 24
 411 29 402 7 378 0 c 24
 356 -6 336 9 327 30 c 24
 313 65 333 89 327 126 c 24
 322 156 311 170 300 198 c 25
84 213 m 25
 114 201 141 208 162 183 c 24
 175 167 155 152 150 132 c 25
 138 89 139 62 120 21 c 24
 100 -23 82 -44 51 -81 c 24
 42 -92 31 -92 18 -99 c 25
 37 -46 54 -19 66 36 c 24
 80 104 77 144 84 213 c 25
270 300 m 25
 270 -129 l 17
 262 -158 256 -180 225 -183 c 1
 201 -181 190 -157 180 -129 c 9
 180 300 l 25
 270 300 l 25
303 405 m 25
 338 389 374 397 393 363 c 24
 415 323 412 287 393 246 c 24
 384 228 353 238 342 255 c 24
 326 280 346 302 339 330 c 24
 331 361 317 376 303 405 c 25
30 339 m 25
 69 337 90 333 129 333 c 24
 217 334 266 338 354 342 c 25
 369 297 l 25
 275 281 222 273 129 255 c 24
 108 251 92 226 75 240 c 24
 43 267 48 300 30 339 c 25
267 603 m 25
 300 580 330 577 351 543 c 24
 360 528 336 519 327 504 c 25
 300 463 285 440 258 399 c 24
 234 363 220 342 195 306 c 25
 141 306 l 25
 171 374 190 412 219 480 c 24
 239 527 248 555 267 603 c 25
57 600 m 25
 104 586 140 595 177 564 c 24
 205 540 207 511 207 474 c 24
 207 453 198 429 177 429 c 24
 152 429 147 454 132 474 c 24
 115 498 111 515 96 540 c 24
 82 564 72 577 57 600 c 25
198 792 m 25
 240 773 276 779 306 744 c 24
 320 728 288 717 276 699 c 25
 260 673 251 659 234 633 c 24
 211 598 197 578 174 543 c 25
 141 555 l 25
 156 604 168 631 180 681 c 24
 190 724 191 749 198 792 c 25
EndSplineSet
EndChar
