Width: 1000
Flags: H
TeX: 117 0
LayerCount: 2
Fore
SplineSet
624 278 m 1
 714 278 l 1
 714 -72 l 1
 624 -72 l 1
 624 278 l 1
480 -43 m 1
 879 -43 l 1
 879 -93 l 1
 480 -93 l 1
 480 -43 l 1
468 131 m 1
 858 131 l 1
 858 81 l 1
 468 81 l 1
 468 131 l 1
474 293 m 25
 807 293 l 25
 823.38 305.87 828.891 331.435 849 326 c 24
 884.178 316.492 901.287 295.381 918 263 c 24
 924.55 250.309 905.19 244.7 897 233 c 25
 897 -72 l 17
 889 -101 883 -123 852 -126 c 1
 828 -124 817 -100 807 -72 c 9
 807 243 l 25
 474 243 l 25
 474 293 l 25
440 323 m 25
 483.29 303.11 518.953 307.251 551 272 c 24
 564.745 256.881 538.19 242.72 530 224 c 25
 530 -78 l 17
 522 -107 516 -129 485 -132 c 1
 461 -130 450 -106 440 -78 c 9
 440 323 l 25
840 772 m 25
 874.32 752.5 901.527 751.28 928 722 c 24
 936.324 712.793 914.58 707.97 906 699 c 25
 882.6 666.24 867.444 649.072 846 615 c 24
 832.25 593.153 827.7 579.01 816 556 c 25
 831.21 533.38 840.239 520.915 855 498 c 24
 881.193 457.338 910.009 440.102 921 393 c 24
 925.843 372.246 911.097 351.014 890 348 c 24
 865.896 344.557 852.419 362.154 837 381 c 24
 809.031 415.185 802.913 441.097 782 480 c 24
 766.639 508.575 758.82 525.14 744 554 c 25
 764.28 595.34 777.442 617.858 796 660 c 24
 814.914 702.95 822.84 728.32 840 772 c 25
650 706 m 24
 657.749 731.723 659.76 746.87 666 773 c 25
 699.54 756.23 730.428 760.673 752 730 c 24
 763.847 713.156 738.58 700.72 730 682 c 25
 708.55 640.66 694.595 618.251 675 576 c 24
 669.546 564.239 669.51 556.48 666 544 c 25
 685.5 508.12 697.566 488.439 716 452 c 24
 731.124 422.104 749.655 407.422 752 374 c 24
 753.245 356.257 741.734 339.364 724 338 c 24
 701.326 336.256 688.242 350.271 674 368 c 24
 648.655 399.551 643.57 423.543 626 460 c 24
 612.35 488.325 606.48 505.14 594 534 c 25
 615.84 601.08 629.651 638.453 650 706 c 24
513 552 m 25
 534.45 508.32 550.183 485.284 568 440 c 24
 578.425 413.504 587.725 397.342 585 369 c 24
 583.408 352.447 574.615 335.335 558 336 c 24
 534.619 336.936 523.197 352.676 510 372 c 24
 489.291 402.323 487.741 424.947 474 459 c 24
 460.829 491.641 453.87 510.24 441 543 c 25
 510 777 l 25
 545.1 760.62 574.203 763.893 600 735 c 24
 611.584 722.025 590.85 709.38 585 693 c 25
 513 552 l 25
297 171 m 25
 333.27 144.09 362.902 138.13 390 102 c 24
 411.118 73.8418 420.438 49.6035 414 15 c 24
 409.45 -9.45508 390.875 -27 366 -27 c 24
 345.169 -27 340.201 -4.54677 333 15 c 24
 323.217 41.5537 330.363 59.4258 324 87 c 24
 316.263 120.529 307.53 138.24 297 171 c 25
102 165 m 25
 137.1 148.62 164.058 149.824 192 123 c 24
 201.437 113.941 182.85 104.7 177 93 c 25
 152.43 42.6904 147.26 9.03913 114 -36 c 24
 89.793 -68.7803 64.5898 -76.2598 33 -102 c 25
 52.8896 -37.6504 67.1475 -2.21192 84 63 c 24
 94.1074 102.109 94.9805 125.22 102 165 c 25
285 258 m 25
 285 -120 l 17
 277 -149 271 -171 240 -174 c 1
 216 -172 205 -148 195 -120 c 9
 195 258 l 25
 285 258 l 25
318 387 m 25
 349.59 357.75 379.478 350.371 399 312 c 24
 416.011 278.565 423.718 248.51 405 216 c 24
 392.727 194.683 359.394 195.606 342 213 c 24
 321.169 233.831 337.025 258.816 333 288 c 24
 327.664 326.685 323.85 348.39 318 387 c 25
45 321 m 25
 363 327 l 25
 369 273 l 25
 274.23 255.45 220.547 246.713 126 228 c 24
 108.183 224.474 92.9297 202.304 81 216 c 24
 52.5684 248.645 59.04 280.05 45 321 c 25
327 597 m 25
 356.25 570.09 382.514 562.641 402 528 c 24
 408.54 516.373 389.19 511.53 381 501 c 25
 342.39 453.03 320.692 425.904 282 378 c 24
 246.981 334.644 227.1 310.29 192 267 c 25
 135 267 l 25
 179.46 344.22 204.19 387.982 249 465 c 24
 279.071 516.685 296.58 545.52 327 597 c 25
66 612 m 25
 109.29 589.77 138.805 585.154 177 555 c 24
 207.123 531.219 228.847 514.503 237 477 c 24
 242.558 451.436 232.654 422.131 207 417 c 24
 178.991 411.398 164.716 436.595 147 459 c 24
 123.632 488.555 122.629 512.701 105 546 c 24
 91.0107 572.424 81.21 586.26 66 612 c 25
228 789 m 25
 266.61 772.62 294.591 773.622 327 747 c 24
 336.309 739.354 317.85 730.53 312 720 c 25
 280.41 669.69 264.968 639.736 231 591 c 24
 211.042 562.364 196.23 548.91 174 522 c 25
 147 552 l 25
 163.38 592.95 174.736 615.266 189 657 c 24
 206.36 707.795 212.79 737.52 228 789 c 25
EndSplineSet
EndChar
