Width: 1000
Flags: H
TeX: 117 0
LayerCount: 2
Fore
SplineSet
584 42 m 25
 631 26 664 29 704 0 c 24
 744 -29 771 -53 782 -102 c 24
 788 -128 763 -152 737 -153 c 24
 707 -155 694 -130 674 -108 c 24
 652 -84 646 -64 629 -36 c 24
 611 -6 602 12 584 42 c 25
623 270 m 25
 664 238 698 231 728 189 c 24
 752 155 767 124 755 84 c 24
 747 58 711 43 689 60 c 24
 655 86 666 122 653 162 c 24
 640 204 635 228 623 270 c 25
509 546 m 25
 545 579 l 25
 599 517 624 477 683 420 c 24
 753 353 797 320 875 264 c 24
 914 236 941 227 983 204 c 25
 944 191 921 187 884 171 c 24
 866 163 860 138 842 144 c 24
 800 159 784 183 755 216 c 24
 688 291 656 339 596 420 c 24
 560 468 543 497 509 546 c 25
743 555 m 25
 548 555 l 25
 548 605 l 25
 755 605 l 25
 775 618 784 647 806 638 c 24
 843 623 853 595 869 558 c 24
 873 548 855 548 848 540 c 24
 805 488 784 456 740 405 c 24
 684 340 658 296 590 243 c 24
 535 200 509 195 431 162 c 9
 484 219 516 249 566 309 c 24
 619 372 647 410 695 477 c 24
 716 506 724 525 743 555 c 25
554 756 m 25
 594 736 626 738 656 705 c 24
 668 692 644 681 635 666 c 24
 590 595 570 552 518 486 c 24
 488 448 473 429 428 402 c 9
 451 460 467 493 488 552 c 24
 516 631 528 676 554 756 c 25
368 174 m 25
 403 138 435 126 458 81 c 24
 479 40 491 8 476 -36 c 24
 467 -62 427 -78 410 -57 c 24
 377 -18 395 22 386 72 c 24
 379 112 375 134 368 174 c 25
68 -120 m 9
 79 -73 85 -47 95 0 c 24
 109 67 115 104 128 171 c 25
 165 151 196 152 224 120 c 24
 235 107 213 96 206 81 c 24
 188 41 186 15 161 -21 c 24
 131 -65 116 -90 68 -120 c 9
332 264 m 25
 332 -129 l 17
 324 -158 318 -180 287 -183 c 1
 263 -181 252 -157 242 -129 c 9
 242 264 l 25
 332 264 l 25
386 387 m 25
 419 352 451 341 470 297 c 24
 485 264 489 233 467 204 c 24
 452 184 420 192 404 210 c 24
 384 232 398 256 395 285 c 24
 391 325 390 347 386 387 c 25
65 318 m 1
 65 318 110 307 140 306 c 24
 248 304 308 310 416 312 c 25
 416 270 l 25
 307 247 246 233 137 210 c 24
 121 206 104 187 95 201 c 24
 69 240 65 318 65 318 c 1
365 597 m 25
 395 567 423 557 443 519 c 24
 449 507 427 506 419 495 c 24
 381 445 364 413 326 363 c 24
 297 324 278 304 248 267 c 25
 200 279 l 25
 236 347 258 385 293 453 c 24
 322 509 337 541 365 597 c 25
104 591 m 1
 104 591 167 572 203 552 c 24
 234 534 253 523 275 495 c 24
 292 473 300 456 299 429 c 24
 298 409 292 386 272 384 c 24
 248 381 237 402 221 420 c 24
 200 443 196 461 179 486 c 24
 151 528 104 591 104 591 c 1
287 789 m 25
 327 762 360 758 389 720 c 24
 399 707 374 700 365 687 c 24
 328 633 308 603 272 549 c 24
 255 524 246 509 230 483 c 25
 200 516 l 25
 221 576 235 609 254 669 c 24
 269 715 274 742 287 789 c 25
EndSplineSet
EndChar
