Width: 1000
Flags: HW
LayerCount: 2
Fore
SplineSet
696 427 m 25
 747 427 l 25
 813 322 l 25
 847 276 863 248 900 205 c 24
 928 172 948 157 978 127 c 25
 960 112 950 103 933 88 c 24
 921 78 916 52 903 61 c 24
 856 94 842 127 810 175 c 24
 777 224 762 254 738 307 c 24
 718 352 712 380 696 427 c 25
459 -74 m 25
 873 -74 l 25
 873 -74 895 -43 919 -34 c 1
 938 -41 962 -69 981 -95 c 1
 989 -113 973 -124 955 -124 c 9
 459 -124 l 25
 459 -74 l 25
432 766 m 25
 475 746 511 750 543 715 c 24
 557 700 530 686 522 667 c 25
 522 -119 l 17
 514 -148 508 -170 477 -173 c 1
 453 -171 442 -147 432 -119 c 9
 432 766 l 25
708 268 m 25
 683 239 671 221 645 193 c 24
 617 163 603 145 570 121 c 24
 537 97 513 92 477 73 c 25
 514 129 539 159 573 217 c 24
 619 295 639 341 681 421 c 25
 708 421 l 25
 708 268 l 25
849 691 m 25
 882 670 910 668 933 637 c 24
 941 626 918 621 909 610 c 25
 884 577 874 556 846 526 c 24
 820 498 800 488 771 463 c 25
 791 518 803 549 822 604 c 24
 833 638 838 657 849 691 c 25
543 685 m 25
 578 651 610 641 633 598 c 24
 652 564 660 535 645 499 c 24
 636 477 607 474 585 484 c 24
 565 493 566 514 561 535 c 24
 556 557 561 570 558 592 c 24
 554 628 549 649 543 685 c 25
672 754 m 25
 715 734 751 738 783 703 c 24
 797 688 770 674 762 655 c 25
 762 4 l 17
 754 -25 748 -47 717 -50 c 1
 693 -48 682 -24 672 4 c 9
 672 754 l 25
480 439 m 25
 864 439 l 25
 864 439 886 470 910 479 c 1
 929 472 953 444 972 418 c 1
 980 400 964 389 946 389 c 9
 480 389 l 25
 480 439 l 25
291 171 m 25
 323 150 351 149 372 117 c 24
 395 82 396 54 393 12 c 24
 391 -10 381 -29 360 -33 c 24
 341 -36 331 -18 324 0 c 24
 311 32 316 53 309 87 c 24
 303 120 298 138 291 171 c 25
36 -117 m 9
 38 -81 39 -60 42 -24 c 24
 45 17 48 40 51 81 c 24
 53 113 53 130 54 162 c 25
 93 150 119 154 153 132 c 24
 163 126 146 116 141 105 c 25
 122 54 116 23 93 -27 c 24
 75 -65 63 -90 36 -117 c 9
255 258 m 25
 255 -135 l 17
 247 -164 241 -186 210 -189 c 1
 186 -187 175 -163 165 -135 c 9
 165 258 l 25
 255 258 l 25
303 408 m 25
 333 387 359 383 381 354 c 24
 403 326 411 303 411 267 c 24
 411 245 402 226 381 219 c 24
 363 212 345 223 336 240 c 24
 318 275 326 300 318 339 c 24
 313 366 309 381 303 408 c 25
15 306 m 25
 51 305 72 301 108 303 c 24
 202 309 254 318 348 327 c 25
 366 285 l 25
 258 255 198 237 90 207 c 24
 78 204 67 191 60 201 c 24
 33 237 33 265 15 306 c 25
288 624 m 9
 321 597 351 592 372 555 c 24
 380 541 357 535 348 522 c 25
 313 468 292 438 258 384 c 24
 229 339 214 313 186 267 c 25
 126 267 l 25
 159 336 177 375 210 444 c 24
 231 488 244 513 264 558 c 24
 275 583 288 624 288 624 c 9
27 570 m 25
 68 557 93 556 132 537 c 24
 164 522 187 514 204 483 c 24
 215 462 214 437 195 423 c 24
 177 410 157 422 138 435 c 24
 109 454 100 474 78 501 c 24
 57 527 47 543 27 570 c 25
177 789 m 25
 217 769 246 768 279 738 c 24
 288 730 268 723 261 714 c 25
 236 671 223 646 198 603 c 24
 176 565 163 544 141 507 c 25
 105 525 l 25
 120 573 131 599 144 648 c 24
 159 702 164 734 177 789 c 25
EndSplineSet
EndChar
