Width: 1000
Flags: HW
TeX: 117 0
LayerCount: 2
Fore
SplineSet
701 330 m 1
 701 330 780 274 815 225 c 24
 839 191 855 164 848 123 c 24
 844 100 815 86 794 96 c 24
 763 111 762 139 749 171 c 24
 725 231 701 330 701 330 c 1
572 108 m 1
 626 97 657 87 704 60 c 24
 753 32 781 12 815 -33 c 24
 832 -55 840 -78 829 -104 c 24
 820 -124 794 -135 776 -123 c 24
 724 -88 715 -47 674 0 c 24
 636 43 613 67 572 108 c 1
545 189 m 25
 545 21 l 2
 545 0 554 -84 548 -117 c 0
 540 -159 505 -171 485 -171 c 0
 465 -171 447 -164 446 -142 c 0
 445 -122 455 -30 455 6 c 2
 455 189 l 25
 545 189 l 25
315 99 m 9
 315 99 379 59 405 20 c 24
 412 9 383 18 374 9 c 0
 352 -12 322 -39 295 -64 c 0
 274 -83 244 -99 212 -114 c 8
 170 -134 141 -135 94 -131 c 1
 141 -109 165 -90 194 -66 c 0
 224 -41 255 -9 269 19 c 0
 281 43 315 99 315 99 c 9
164 201 m 25
 776 228 l 17
 776 192 l 9
 776 192 462 147 263 111 c 24
 245 108 234 81 221 93 c 24
 186 125 164 201 164 201 c 25
590 417 m 25
 590 417 657 383 680 345 c 24
 688 331 653 343 641 333 c 24
 553 263 425 141 425 141 c 25
 389 168 l 25
 590 417 l 25
293 378 m 1
 293 378 361 363 401 343 c 24
 432 327 452 316 472 288 c 24
 490 263 500 243 495 212 c 24
 492 194 472 185 455 189 c 24
 427 196 415 211 398 236 c 0
 378 266 368 290 344 322 c 24
 326 346 293 378 293 378 c 1
438 477 m 25
 438 477 517 454 531 425 c 0
 536 415 518 421 508 412 c 0
 491 397 482 388 467 372 c 24
 440 343 401 297 401 297 c 25
 360 334 l 25
 438 477 l 25
809 450 m 25
 194 450 l 25
 194 500 l 25
 811 500 l 25
 829 508 840 531 857 521 c 24
 893 499 904 473 920 434 c 24
 924 425 907 425 899 419 c 25
 809 327 l 25
 809 450 l 25
215 566 m 1
 231 517 242 479 232 425 c 24
 223 378 211 345 170 320 c 24
 145 305 101 315 98 344 c 24
 93 390 134 407 157 447 c 0
 184 493 195 518 215 566 c 1
455 483 m 25
 455 789 l 25
 455 789 534 773 566 738 c 24
 580 723 553 709 545 690 c 25
 545 483 l 25
 455 483 l 25
182 660 m 25
 665 660 l 25
 694 688 703 720 728 729 c 1
 754 725 796 672 827 639 c 1
 835 621 818 610 800 610 c 9
 182 610 l 25
 182 660 l 25
EndSplineSet
EndChar
