Width: 1000
Flags: H
TeX: 117 0
LayerCount: 2
Fore
SplineSet
480 51 m 25
 492 99 l 25
 528.27 73.2598 545.658 53.7439 585 33 c 24
 610.874 19.3574 628.92 20.1904 657 12 c 25
 942 12 l 25
 924.45 -3.20996 910.318 -7.97433 897 -27 c 24
 884.904 -44.2793 886.02 -58.1104 879 -78 c 25
 681 -78 l 25
 644.73 -67.4697 619.785 -71.3994 588 -51 c 24
 539.242 -19.708 522.12 11.2197 480 51 c 25
456 168 m 25
 456 327 l 25
 499.29 307.11 534.953 311.251 567 276 c 24
 580.745 260.881 554.19 246.72 546 228 c 25
 546 123 l 1
 537 72 531.22 53.9989 510 15 c 24
 487.292 -26.7334 471.874 -51.0399 435 -81 c 24
 413.169 -98.7373 392.91 -93.8096 366 -102 c 25
 385.89 -68.0703 401.44 -51.121 417 -15 c 24
 434.424 25.4492 440.82 49.9249 450 93 c 24
 456.116 121.699 453.66 138.75 456 168 c 25
663 237 m 25
 801 237 l 25
 801 237 824 273 849 282 c 1
 875 278 863 249 894 216 c 1
 902 198 885 187 867 187 c 9
 663 187 l 25
 663 237 l 25
609 411 m 1
 699 411 l 1
 699 -24 l 1
 609 -24 l 1
 609 411 l 1
453 435 m 25
 816 435 l 25
 816 435 839 471 864 480 c 1
 890 476 878 447 909 414 c 1
 917 396 900 385 882 385 c 9
 453 385 l 25
 453 435 l 25
588 567 m 25
 588 762 l 25
 631 742 667 746 699 711 c 24
 713 696 686 682 678 663 c 25
 678 567 l 25
 588 567 l 25
798 547 m 25
 435 547 l 25
 435 597 l 25
 804 597 l 25
 821.55 608.7 829.453 634.924 849 627 c 24
 885.108 612.361 901.685 588.617 915 552 c 24
 920.12 537.919 896.7 537.36 885 528 c 25
 780 471 l 25
 798 547 l 25
372 489 m 24
 371.179 526.795 393.96 543.9 408 579 c 24
 419.7 608.25 426.3 624.75 438 654 c 25
 449.7 623.58 463.391 608.265 468 576 c 24
 472.975 541.176 475.683 518.407 462 486 c 24
 451.683 461.563 437.511 440.116 411 441 c 24
 386.894 441.804 372.524 464.886 372 489 c 24
306 213 m 25
 341.1 182.58 372.303 174.947 396 135 c 24
 415.924 101.414 423.9 72.8584 411 36 c 24
 403.174 13.6396 376.388 7.25 354 15 c 24
 334.691 21.6836 337.595 43.0898 333 63 c 24
 326.926 89.3193 331.785 105.416 327 132 c 24
 321.219 164.118 314.19 181.41 306 213 c 25
45 -87 m 9
 52.0195 -20.3096 58.0205 17.127 63 84 c 24
 66.2158 127.187 64.8301 151.71 66 195 c 25
 101.1 186.81 125.499 193.204 156 174 c 24
 166.337 167.491 150.51 155.7 147 144 c 25
 131.79 84.3301 132.873 47.3311 108 -9 c 24
 92.2051 -44.7715 78 -72 45 -87 c 9
282 324 m 25
 282 -96 l 17
 274 -125 268 -147 237 -150 c 1
 213 -148 202 -124 192 -96 c 9
 192 324 l 25
 282 324 l 25
318 444 m 25
 350.76 413.58 381.232 405.589 402 366 c 24
 421.147 329.501 431.337 298.393 414 261 c 24
 403.633 238.64 368.108 238.258 351 256 c 24
 326.419 281.491 339.122 310.12 333 345 c 24
 326.249 383.463 323.85 405.39 318 444 c 25
33 348 m 25
 360 369 l 25
 351 315 l 25
 266.76 299.79 218.674 294.066 135 276 c 24
 115.457 271.78 103.334 246.471 87 258 c 24
 53.5586 281.605 54.0596 312.9 33 348 c 25
261 615 m 25
 297.27 586.92 326.479 579.695 354 543 c 24
 361.462 533.05 341.19 528.36 333 519 c 25
 302.58 475.71 283.042 452.867 255 408 c 24
 230.305 368.487 220.23 343.95 198 303 c 25
 132 303 l 25
 163.59 368.52 185.208 403.781 213 471 c 24
 235.619 525.706 242.28 558.84 261 615 c 25
117 504 m 25
 84 531 l 25
 102.72 578.97 115.717 605.149 132 654 c 24
 146.181 696.542 150.3 721.71 162 765 c 25
 202.95 742.77 231.709 738.424 267 708 c 24
 274.52 701.518 256.02 697.02 249 690 c 25
 117 504 l 25
21 582 m 25
 56.0996 570.3 78.9805 570.538 111 552 c 24
 146.913 531.208 172.805 519.791 192 483 c 24
 204.553 458.939 203.124 432.207 183 414 c 24
 167.002 399.525 145.642 412.271 129 426 c 24
 96.1484 453.103 87.2422 477.984 63 513 c 24
 45.0684 538.901 37.3799 555.09 21 582 c 25
EndSplineSet
EndChar
