Width: 1000
Flags: HW
LayerCount: 2
Fore
SplineSet
285 246 m 25
 320 221 347 215 375 183 c 24
 395 160 405 141 402 111 c 24
 400 84 388 63 363 54 c 24
 343 47 326 62 315 81 c 24
 299 109 306 130 300 162 c 24
 294 195 291 213 285 246 c 25
60 249 m 25
 99 237 127 243 159 219 c 24
 171 210 152 197 147 183 c 25
 140 149 142 128 129 96 c 24
 117 64 105 48 84 21 c 24
 62 -7 44 -17 18 -42 c 25
 30 18 39 51 48 111 c 24
 56 164 55 195 60 249 c 25
258 330 m 25
 258 -84 l 17
 250 -113 244 -135 213 -138 c 1
 189 -136 178 -112 168 -84 c 9
 168 330 l 25
 258 330 l 25
300 471 m 25
 329 450 355 447 375 417 c 24
 396 385 403 359 399 321 c 24
 397 300 381 286 360 285 c 24
 339 284 327 299 318 318 c 24
 306 342 315 360 312 387 c 24
 308 420 305 438 300 471 c 25
96 291 m 24
 82 288 69 274 60 285 c 24
 34 316 36 344 21 381 c 25
 106 382 155 383 240 384 c 24
 284 384 310 384 354 384 c 25
 363 336 l 25
 301 327 266 322 204 312 c 24
 162 305 138 299 96 291 c 24
45 621 m 25
 79 613 101 615 132 600 c 24
 165 584 182 570 207 543 c 24
 223 526 232 512 234 489 c 24
 236 470 232 454 216 444 c 24
 201 434 186 437 171 447 c 24
 145 464 139 483 120 507 c 24
 104 527 95 539 81 561 c 24
 66 584 59 598 45 621 c 25
204 342 m 25
 123 342 l 25
 162 396 188 423 222 480 c 24
 253 531 264 564 291 618 c 25
 326 596 353 592 381 561 c 24
 389 552 368 548 360 540 c 25
 204 342 l 25
219 768 m 25
 250 740 280 734 299 696 c 24
 306 681 281 678 270 666 c 25
 240 640 223 625 192 600 c 24
 168 580 154 569 129 549 c 25
 105 579 l 25
 127 614 141 633 162 669 c 24
 185 707 197 729 219 768 c 25
429 -2 m 1
 585 -2 l 1
 585 -52 l 1
 429 -52 l 1
 429 -2 l 1
873 45 m 24
 846.178 -2.74902 829.167 -29.7236 791 -69 c 24
 761.141 -99.7266 739.177 -112.552 701 -132 c 24
 676.22 -144.624 658.91 -142.98 632 -150 c 25
 669.83 -104.37 694.422 -81.1417 729 -33 c 24
 765.175 17.3652 783.542 47.4336 813 102 c 24
 841.766 155.283 854.661 187.127 878 243 c 24
 893.31 279.649 898.74 301.56 912 339 c 25
 942.03 316.77 967.046 312.232 989 282 c 24
 996.192 272.096 979.24 265.53 973 255 c 25
 934 173.1 917.426 124.088 873 45 c 24
880 576 m 25
 911.98 547.92 936.362 537.97 962 504 c 24
 984.305 474.446 999.229 454.018 1000 417 c 24
 1000.54 390.919 989.807 368.07 965 360 c 24
 944.007 353.171 926.872 370.255 917 390 c 24
 897.811 428.379 904.372 455.916 896 498 c 24
 889.941 528.457 886.24 545.58 880 576 c 25
703 525 m 25
 709.63 471.18 727.024 440.77 720 387 c 24
 715.162 349.964 701.51 328.264 674 303 c 24
 658.964 289.191 638.612 285.134 622 297 c 24
 605.442 308.827 606.359 328.188 611 348 c 24
 617.27 374.767 635.321 383.607 648 408 c 24
 671.254 452.738 681.55 479.37 703 525 c 25
759 225 m 25
 759 741 l 25
 802.29 721.11 837.953 725.251 870 690 c 24
 883.745 674.881 857.19 660.72 849 642 c 25
 849 195 l 17
 834 168 832.027 142.082 804 138 c 24
 776.363 133.976 768.343 163.243 746 180 c 24
 723.096 197.178 710.62 207.45 688 225 c 25
 759 225 l 25
437 242 m 1
 585 242 l 1
 585 192 l 1
 437 192 l 1
 437 242 l 1
439 464 m 1
 587 464 l 1
 587 414 l 1
 439 414 l 1
 439 464 l 1
416 678 m 25
 537 678 l 25
 553 691 559 716 579 711 c 24
 614 701 631 680 648 648 c 24
 655 635 635 630 627 618 c 25
 627 -33 l 17
 619 -62 613 -84 582 -87 c 1
 558 -85 547 -61 537 -33 c 9
 537 628 l 25
 416 628 l 25
 416 678 l 25
387 711 m 25
 430 691 466 695 498 660 c 24
 512 645 485 631 477 612 c 25
 477 -39 l 17
 469 -68 463 -90 432 -93 c 1
 408 -91 397 -67 387 -39 c 9
 387 711 l 25
EndSplineSet
EndChar
