Width: 1000
Flags: H
TeX: 117 0
LayerCount: 2
Fore
SplineSet
477 111 m 1
 567 111 l 1
 567 -21 l 1
 477 -21 l 1
 477 111 l 1
729 238 m 25
 729 -131 l 17
 721 -160 715 -182 684 -185 c 1
 660 -183 649 -159 639 -131 c 9
 639 238 l 25
 729 238 l 25
396 5 m 25
 807 5 l 25
 836 33 845 65 870 74 c 1
 896 70 938 17 969 -16 c 1
 977 -34 960 -45 942 -45 c 9
 396 -45 l 25
 396 5 l 25
453 150 m 25
 810 150 l 25
 810 150 832 181 856 190 c 1
 875 183 899 155 918 129 c 1
 926 111 910 100 892 100 c 9
 453 100 l 25
 453 150 l 25
510 267 m 25
 807 267 l 25
 807 217 l 25
 510 217 l 25
 510 267 l 25
495 403 m 25
 762 403 l 25
 778 416 784 441 804 436 c 24
 839 426 856 405 873 373 c 24
 880 360 860 355 852 343 c 25
 852 253 l 17
 844 224 838 202 807 199 c 1
 783 201 772 225 762 253 c 9
 762 353 l 25
 495 353 l 25
 495 403 l 25
465 433 m 25
 465 433 544 417 576 382 c 24
 590 367 563 353 555 334 c 25
 555 259 l 17
 547 230 541 208 510 205 c 1
 486 207 475 231 465 259 c 9
 465 433 l 25
579 792 m 25
 579 792 642 778 672 753 c 24
 681 746 659 740 656 729 c 1
 603 468 l 25
 519 468 l 25
 579 792 l 25
396 504 m 25
 813 504 l 25
 813 504 851 564 876 573 c 1
 902 569 944 516 975 483 c 1
 983 465 966 454 948 454 c 9
 396 454 l 25
 396 504 l 25
720 489 m 25
 720 616 l 25
 456 616 l 25
 456 666 l 25
 720 666 l 25
 736 679 742 704 762 699 c 24
 797 689 814 668 831 636 c 24
 838 623 818 618 810 606 c 25
 810 489 l 25
 720 489 l 25
321 249 m 1
 358 218 374 200 399 162 c 24
 417 134 427 115 429 81 c 24
 430 61 426 42 408 33 c 24
 389 24 366 27 354 45 c 0
 335 72 341 103 337 140 c 0
 333 181 330 205 321 249 c 1
101 209 m 25
 101 209 166 193 195 165 c 24
 205 155 187 144 180 132 c 24
 155 88 144 61 114 21 c 24
 86 -16 69 -33 33 -66 c 1
 50 -11 60 23 74 81 c 24
 86 131 101 209 101 209 c 25
348 450 m 1
 389 416 420 383 444 327 c 24
 457 296 460 266 438 240 c 24
 423 222 393 231 378 249 c 24
 358 272 365 294 363 327 c 0
 361 369 359 399 348 450 c 1
291 300 m 25
 291 -131 l 17
 283 -160 277 -182 246 -185 c 1
 222 -183 211 -159 201 -131 c 9
 201 300 l 25
 291 300 l 25
117 252 m 24
 101 249 88 224 78 237 c 24
 51 271 45 342 45 342 c 1
 408 348 l 25
 399 297 l 25
 399 297 226 272 117 252 c 24
326 604 m 25
 326 604 383 566 399 528 c 24
 405 514 379 515 369 504 c 24
 306 430 213 309 213 309 c 1
 150 309 l 25
 150 309 212 415 252 483 c 24
 280 531 326 604 326 604 c 25
87 642 m 17
 156 604 182 589 228 538 c 24
 254 509 267 484 264 446 c 24
 262 424 240 411 218 414 c 24
 190 418 180 439 165 462 c 24
 143 497 140 522 124 560 c 24
 110 592 101 610 87 642 c 17
267 792 m 25
 267 792 328 751 348 711 c 24
 355 698 329 698 318 687 c 24
 263 631 234 597 180 540 c 25
 144 582 l 25
 144 582 187 649 213 693 c 24
 235 731 267 792 267 792 c 25
EndSplineSet
EndChar
