Width: 1000
Flags: HW
TeX: 117 0
LayerCount: 2
Fore
SplineSet
522 -58 m 1
 861 -58 l 1
 861 -108 l 1
 522 -108 l 1
 522 -58 l 1
528 201 m 25
 798 201 l 25
 814 214 820 239 840 234 c 24
 875 224 892 203 909 171 c 24
 916 158 896 153 888 141 c 25
 888 -84 l 17
 880 -113 874 -135 843 -138 c 1
 819 -136 808 -112 798 -84 c 9
 798 151 l 25
 528 151 l 25
 528 201 l 25
498 225 m 25
 541 205 577 209 609 174 c 24
 623 159 596 145 588 126 c 25
 588 -99 l 17
 580 -128 574 -150 543 -153 c 1
 519 -151 508 -127 498 -99 c 9
 498 225 l 25
579 606 m 25
 633 548 660 512 717 456 c 24
 760 414 784 390 834 357 c 24
 889 321 926 311 984 282 c 25
 963 263 946 257 930 234 c 24
 917 216 934 176 912 180 c 24
 861 190 843 223 804 258 c 24
 769 289 754 313 723 348 c 24
 686 390 665 413 630 456 c 24
 601 492 586 515 558 552 c 25
 579 606 l 25
774 580 m 25
 597 580 l 25
 597 630 l 25
 762 630 l 25
 780 644 787 676 807 666 c 24
 850 645 869 616 885 570 c 24
 891 553 865 550 852 537 c 25
 824 503 809 483 780 450 c 24
 731 393 708 357 654 306 c 24
 621 275 600 258 558 240 c 24
 505 217 470 218 414 204 c 25
 465 240 499 255 546 297 c 24
 610 354 645 389 699 456 c 24
 734 500 745 531 774 580 c 25
582 771 m 25
 616 748 643 743 669 711 c 24
 677 701 660 693 654 681 c 25
 628 632 617 602 588 555 c 24
 554 499 538 463 492 417 c 24
 464 389 437 388 402 369 c 25
 438 433 462 468 495 534 c 24
 520 584 530 614 549 666 c 24
 564 706 569 730 582 771 c 25
351 84 m 24
 343 118 336 137 327 171 c 25
 368 144 404 142 432 102 c 24
 455 69 461 36 444 0 c 24
 431 -27 394 -44 372 -24 c 24
 340 5 361 42 351 84 c 24
81 207 m 25
 124 202 155 218 192 195 c 24
 208 185 179 168 171 150 c 25
 160 106 161 79 144 36 c 24
 130 0 120 -21 93 -48 c 24
 71 -70 51 -72 24 -87 c 25
 40 -37 56 -10 66 42 c 24
 78 105 75 143 81 207 c 25
291 291 m 25
 291 -120 l 17
 283 -149 277 -171 246 -174 c 1
 222 -172 211 -148 201 -120 c 9
 201 291 l 25
 291 291 l 25
327 417 m 25
 356 398 381 397 402 369 c 24
 422 343 429 321 426 288 c 24
 424 261 415 238 390 228 c 24
 370 220 347 232 339 252 c 24
 325 286 345 309 342 345 c 24
 340 374 333 389 327 417 c 25
93 225 m 24
 70 233 72 258 60 279 c 24
 52 293 49 301 42 315 c 25
 396 315 l 25
 372 267 l 25
 294 256 249 252 171 240 c 24
 140 235 122 215 93 225 c 24
306 609 m 25
 345 586 380 587 405 549 c 24
 416 532 385 525 372 510 c 25
 346 480 329 464 306 432 c 24
 266 375 247 340 210 282 c 25
 159 282 l 25
 189 340 209 372 237 432 c 24
 255 471 263 494 279 534 c 24
 290 563 295 580 306 609 c 25
102 495 m 24
 87 516 86 532 75 555 c 25
 123 539 158 544 198 513 c 24
 235 483 272 454 261 408 c 24
 253 375 204 398 174 414 c 24
 137 434 126 460 102 495 c 24
231 768 m 25
 278 742 323 747 351 702 c 24
 365 679 322 671 303 651 c 25
 277 619 263 601 237 570 c 24
 208 536 191 517 162 483 c 25
 120 507 l 25
 150 558 175 584 198 639 c 24
 218 687 218 718 231 768 c 25
EndSplineSet
EndChar
