Width: 1000
Flags: HW
TeX: 117 0
LayerCount: 2
Fore
SplineSet
717 117 m 17
 761 93 785 79 819 45 c 24
 849 15 864 -5 879 -45 c 24
 890 -75 895 -98 882 -127 c 24
 874 -146 854 -151 834 -147 c 24
 812 -142 802 -128 793 -108 c 0
 778 -76 776 -42 762 0 c 24
 746 46 735 71 717 117 c 17
354 -45 m 25
 806 -29 l 25
 816 -78 l 25
 667 -99 584 -111 435 -132 c 24
 420 -134 406 -149 396 -138 c 24
 369 -109 354 -45 354 -45 c 25
564 -57 m 25
 485 -57 l 25
 568 177 l 25
 660 177 l 25
 564 -57 l 25
390 207 m 25
 774 207 l 25
 774 207 796 238 820 247 c 1
 839 240 863 212 882 186 c 1
 890 168 874 157 856 157 c 9
 390 157 l 25
 390 207 l 25
458 387 m 25
 713 387 l 25
 713 387 735 418 759 427 c 1
 778 420 802 392 821 366 c 1
 829 348 813 337 795 337 c 9
 458 337 l 25
 458 387 l 25
645 720 m 25
 645 720 692 657 725 619 c 24
 754 585 771 566 804 536 c 24
 845 498 870 477 915 443 c 24
 942 422 988 395 988 395 c 25
 988 395 952 370 930 353 c 24
 916 342 911 316 897 323 c 0
 867 337 819 397 780 446 c 0
 741 495 720 523 684 575 c 24
 656 615 618 680 618 680 c 25
 645 720 l 25
345 306 m 1
 381 357 398 385 429 438 c 24
 455 483 469 509 492 555 c 24
 512 594 523 616 540 657 c 24
 560 704 585 780 585 780 c 25
 585 780 647 760 669 729 c 24
 679 715 660 703 652 687 c 24
 635 655 623 638 606 606 c 0
 585 567 569 539 543 498 c 0
 518 459 494 425 468 399 c 0
 425 356 395 337 345 306 c 1
321 216 m 1
 371 186 404 165 435 114 c 24
 452 87 450 50 433 32 c 0
 418 16 393 18 378 33 c 24
 352 59 353 86 345 122 c 0
 338 154 332 180 321 216 c 1
96 192 m 25
 96 192 163 180 189 150 c 24
 201 136 179 122 171 105 c 24
 147 55 141 23 108 -21 c 24
 83 -54 66 -66 27 -90 c 1
 46 -36 54 -8 67 46 c 24
 81 102 96 192 96 192 c 25
288 297 m 25
 288 -108 l 17
 280 -137 274 -159 243 -162 c 1
 219 -160 208 -136 198 -108 c 9
 198 297 l 25
 288 297 l 25
335 441 m 1
 379 410 401 390 426 345 c 24
 444 312 454 276 440 249 c 0
 429 228 396 219 381 237 c 0
 363 258 364 286 357 318 c 24
 346 366 346 393 335 441 c 1
48 321 m 25
 396 345 l 25
 396 294 l 25
 288 271 228 257 120 234 c 24
 108 231 98 219 90 228 c 24
 65 259 48 321 48 321 c 25
330 624 m 25
 330 624 387 584 405 546 c 24
 411 533 390 530 381 519 c 24
 346 474 328 447 294 402 c 24
 259 356 239 331 204 285 c 25
 147 306 l 25
 147 306 225 425 270 504 c 24
 296 549 330 624 330 624 c 25
66 573 m 17
 121 563 143 559 183 531 c 24
 213 510 237 490 237 453 c 0
 237 425 217 404 192 408 c 24
 158 413 149 442 130 470 c 0
 106 506 91 533 66 573 c 17
243 792 m 25
 243 792 303 772 330 744 c 24
 338 735 322 727 315 717 c 24
 286 675 269 652 237 612 c 24
 202 568 144 501 144 501 c 25
 105 528 l 25
 105 528 168 633 204 702 c 24
 222 736 243 792 243 792 c 25
EndSplineSet
EndChar
