Width: 1000
Flags: H
TeX: 117 0
LayerCount: 2
Fore
SplineSet
688 351 m 25
 841 351 l 25
 841 351 864 387 889 396 c 1
 915 392 903 363 934 330 c 1
 942 312 925 301 907 301 c 9
 688 301 l 25
 688 351 l 25
442 -93 m 25
 442 447 l 25
 485 427 521 431 553 396 c 24
 567 381 540 367 532 348 c 25
 532 -93 l 25
 442 -93 l 25
322 -69 m 25
 814 -69 l 25
 814 -69 852 -9 877 0 c 1
 903 -4 945 -57 976 -90 c 1
 984 -108 967 -119 949 -119 c 9
 322 -119 l 25
 322 -69 l 25
631 648 m 25
 721 648 l 25
 721 -96 l 25
 631 -96 l 25
 631 648 l 25
361 675 m 25
 790 675 l 25
 819 703 828 735 853 744 c 1
 879 740 921 687 952 654 c 1
 960 636 943 625 925 625 c 9
 361 625 l 25
 361 675 l 25
280 408 m 25
 280 -117 l 17
 272 -146 266 -168 235 -171 c 1
 211 -169 200 -145 190 -117 c 9
 190 330 l 25
 280 408 l 25
283 540 m 25
 319.27 515.43 347.396 510.181 376 477 c 24
 383.64 468.139 365.356 462.099 358 453 c 24
 320.891 407.101 301.759 379.624 262 336 c 24
 217.417 287.083 194.483 256.323 142 216 c 24
 97.5723 181.866 65.1396 173.91 16 147 c 25
 63.9697 206.67 94.041 238.029 139 300 c 24
 180.735 357.527 201.434 392.057 238 453 c 24
 257.653 485.756 265.45 506.07 283 540 c 25
262 759 m 25
 295.93 733.26 324.352 727.731 349 693 c 24
 356.721 682.121 337.103 675.752 328 666 c 24
 287.917 623.054 267.371 596.499 223 558 c 24
 187.452 527.157 164.299 513.308 124 489 c 24
 90.3965 468.731 69.0996 461.55 34 444 c 25
 79.6299 503.67 105.584 537.167 151 597 c 24
 179.295 634.277 196.547 654.394 223 693 c 24
 239.899 717.664 246.79 733.26 262 759 c 25
EndSplineSet
EndChar
