Width: 1000
Flags: H
TeX: 117 0
LayerCount: 2
Fore
SplineSet
189 447 m 25
 421 477 l 25
 421 477 439 511 461 523 c 1
 481 518 509 494 531 470 c 1
 541 454 527 441 509 438 c 9
 195 397 l 25
 189 447 l 25
882 342 m 25
 882 342 934 299 948 261 c 24
 953 248 932 247 921 238 c 24
 872 200 847 174 795 141 c 24
 756 116 731 105 687 90 c 24
 638 73 610 66 558 60 c 1
 604 84 634 100 678 132 c 24
 722 164 745 183 783 222 c 24
 825 266 882 342 882 342 c 25
878 553 m 25
 878 553 920 511 930 477 c 24
 933 466 916 465 906 459 c 24
 867 433 841 417 805 395 c 0
 762 369 735 358 687 342 c 24
 652 330 629 326 594 324 c 9
 637 353 663 367 705 399 c 24
 753 435 777 458 822 498 c 24
 845 518 878 553 878 553 c 25
846 782 m 25
 846 782 891 745 909 714 c 24
 913 707 901 704 894 699 c 24
 856 670 833 652 795 626 c 0
 749 594 729 584 682 566 c 24
 655 556 637 553 609 555 c 1
 645 581 663 596 696 625 c 24
 732 657 752 676 786 711 c 24
 811 737 846 782 846 782 c 25
909 -120 m 26
 477 -120 l 17
 449 -115 425 -97 420 -72 c 9
 420 252 l 25
 420 252 499 236 531 201 c 24
 545 186 518 172 510 153 c 25
 510 -4 l 17
 510 -25 530 -39 546 -40 c 9
 828 -40 l 25
 844 -16 855 -4 870 21 c 24
 885 46 892 61 906 87 c 25
 910 38 904 9 915 -39 c 24
 920 -62 947 -67 945 -90 c 24
 944 -108 927 -120 909 -120 c 26
252 87 m 26
 252 267 l 25
 252 267 331 251 363 216 c 24
 377 201 350 187 342 168 c 25
 342 54 l 26
 342 14 325 -8 300 -39 c 24
 272 -75 249 -89 211 -113 c 24
 181 -132 160 -140 126 -147 c 1
 155 -123 174 -107 198 -75 c 24
 218 -49 227 -31 237 0 c 24
 248 33 252 53 252 87 c 26
333 690 m 25
 462 690 l 25
 462 690 484 721 508 730 c 1
 527 723 551 695 570 669 c 1
 578 651 562 640 544 640 c 9
 333 640 l 25
 333 690 l 25
538 279 m 26
 357 279 l 17
 329 284 305 302 300 327 c 9
 300 789 l 25
 300 789 379 773 411 738 c 24
 425 723 398 709 390 690 c 25
 390 395 l 17
 390 374 410 360 426 359 c 9
 499 359 l 25
 507 371 512 377 519 390 c 24
 528 406 532 416 540 432 c 25
 547 404 549 387 559 359 c 24
 566 340 589 333 584 314 c 24
 578 292 561 279 538 279 c 26
498 550 m 25
 102 550 l 25
 102 600 l 25
 498 600 l 25
 521 605 537 623 558 612 c 24
 590 596 601 573 615 540 c 24
 619 531 600 536 591 531 c 24
 547 506 523 489 480 462 c 25
 498 550 l 25
81 102 m 26
 81 639 l 25
 81 639 160 623 192 588 c 24
 206 573 179 559 171 540 c 25
 171 108 l 26
 171 72 169 51 156 18 c 24
 138 -28 125 -55 93 -93 c 24
 69 -123 49 -137 15 -153 c 1
 35 -117 49 -89 60 -45 c 24
 75 11 81 44 81 102 c 26
EndSplineSet
EndChar
