Width: 1000
Flags: H
TeX: 117 0
LayerCount: 2
Fore
SplineSet
300 600 m 25
 300 777 l 25
 343 757 379 761 411 726 c 24
 425 711 398 697 390 678 c 25
 390 600 l 25
 300 600 l 25
894 231 m 25
 919 192 943 175 957 132 c 24
 961 119 946 114 936 105 c 24
 884 57 856 27 798 -15 c 24
 746 -53 716 -74 657 -99 c 24
 601 -123 566 -127 507 -138 c 24
 481 -143 465 -140 438 -141 c 25
 480 -118 505 -105 546 -81 c 24
 602 -48 636 -33 687 6 c 24
 742 48 769 75 816 126 c 24
 851 164 864 190 894 231 c 25
861 510 m 25
 886 475 910 460 924 420 c 24
 929 407 913 402 903 393 c 24
 856 349 831 323 780 285 c 24
 745 259 723 247 684 228 c 24
 643 208 618 202 576 186 c 25
 611 223 631 245 666 282 c 24
 707 324 733 345 771 390 c 24
 809 434 826 463 861 510 c 25
834 735 m 25
 864 701 900 692 912 648 c 24
 918 626 885 624 867 609 c 24
 825 575 802 555 759 522 c 24
 727 498 710 482 675 462 c 24
 638 442 615 436 576 420 c 25
 610 456 630 476 663 513 c 24
 710 566 737 595 780 651 c 24
 804 682 813 702 834 735 c 25
372 141 m 25
 372 -132 l 17
 364 -161 358 -183 327 -186 c 1
 303 -184 292 -160 282 -132 c 9
 282 141 l 25
 372 141 l 25
75 51 m 25
 447 51 l 25
 476 79 485 111 510 120 c 1
 536 116 578 63 609 30 c 1
 617 12 600 1 582 1 c 9
 75 1 l 25
 75 51 l 25
168 170 m 25
 468 170 l 25
 468 120 l 25
 168 120 l 25
 168 170 l 25
171 274 m 25
 450 274 l 25
 450 224 l 25
 171 224 l 25
 171 274 l 25
165 378 m 25
 405 378 l 25
 421 391 427 416 447 411 c 24
 482 401 499 380 516 348 c 24
 523 335 503 330 495 318 c 25
 495 165 l 17
 487 136 481 114 450 111 c 1
 426 113 415 137 405 165 c 9
 405 328 l 25
 165 328 l 25
 165 378 l 25
141 408 m 25
 184 388 220 392 252 357 c 24
 266 342 239 328 231 309 c 25
 231 150 l 17
 223 121 217 99 186 96 c 1
 162 98 151 122 141 150 c 9
 141 408 l 25
378 627 m 25
 477 627 l 25
 470 600 468 584 459 558 c 24
 444 514 417 447 417 447 c 1
 357 438 l 25
 364 484 370 509 375 555 c 24
 378 583 377 599 378 627 c 25
213 621 m 25
 240 586 263 571 282 531 c 24
 296 502 307 479 294 450 c 24
 285 430 260 427 240 435 c 24
 219 443 218 463 210 483 c 24
 197 515 198 535 186 567 c 24
 179 587 171 596 162 615 c 25
 213 621 l 25
51 465 m 25
 447 465 l 25
 476 493 485 525 510 534 c 1
 536 530 578 477 609 444 c 1
 617 426 600 415 582 415 c 9
 51 415 l 25
 51 465 l 25
75 642 m 25
 483 642 l 25
 483 642 506 678 531 687 c 1
 557 683 545 654 576 621 c 1
 584 603 567 592 549 592 c 9
 75 592 l 25
 75 642 l 25
EndSplineSet
EndChar
