Width: 1000
Flags: HW
TeX: 117 0
LayerCount: 2
Fore
SplineSet
795 195 m 25
 839.46 163.41 870.771 152.899 909 114 c 24
 938.818 83.6592 954.415 61.9327 966 21 c 24
 973.125 -4.17285 972.499 -26.501 954 -45 c 24
 940.66 -58.3398 919.34 -52.3398 906 -39 c 24
 881.208 -14.208 881.191 9.93957 867 42 c 24
 849.588 81.3389 843.318 105.074 825 144 c 24
 815.174 164.88 806.7 175.11 795 195 c 25
594 210 m 25
 633.78 180.75 661.888 170.698 696 135 c 24
 713.728 116.448 723.754 100.649 723 75 c 24
 722.408 54.8789 713.006 35.2227 693 33 c 24
 669.454 30.3838 656.215 47.0479 642 66 c 24
 629.74 82.3467 636.462 97.6152 630 117 c 24
 617.701 153.896 608.04 173.73 594 210 c 25
477 -102 m 25
 477 186 l 25
 520.29 166.11 555.953 170.251 588 135 c 24
 601.745 119.881 575.19 105.72 567 87 c 25
 567 -21 l 1
 573 -39 594 -45 594 -45 c 25
 741 -45 l 25
 768 63 l 25
 778.53 24.3896 778.325 0.380951 795 -36 c 24
 804.677 -57.1123 835.598 -57.8311 834 -81 c 24
 832.349 -104.949 806.55 -106.62 789 -123 c 25
 516 -123 l 1
 499 -123 477 -102 477 -102 c 25
363 102 m 25
 385.23 61.0498 411.281 42.7715 420 -3 c 24
 426.318 -36.1719 417.129 -58.5107 399 -87 c 24
 382.416 -113.06 366.872 -136.029 336 -135 c 24
 313.507 -134.25 308.488 -106.5 309 -84 c 24
 309.766 -50.3213 329.607 -35.3516 339 -3 c 24
 350.712 37.3408 353.64 61.0498 363 102 c 25
339 246 m 25
 795 246 l 25
 824 274 833 306 858 315 c 1
 884 311 926 258 957 225 c 1
 965 207 948 196 930 196 c 9
 339 196 l 25
 339 246 l 25
659 495 m 25
 749 495 l 25
 749 333 l 25
 659 333 l 25
 659 495 l 25
508 498 m 25
 598 498 l 25
 598 339 l 25
 508 339 l 25
 508 498 l 25
567 510 m 25
 567 783 l 25
 610.29 763.11 645.953 767.251 678 732 c 24
 691.745 716.881 665.19 702.72 657 684 c 25
 657 510 l 25
 567 510 l 25
396 365 m 25
 852 365 l 25
 852 315 l 25
 396 315 l 25
 396 365 l 25
390 528 m 25
 801 528 l 25
 817.38 540.87 822.891 566.435 843 561 c 24
 878.178 551.492 895.287 530.381 912 498 c 24
 918.55 485.309 899.19 479.7 891 468 c 25
 891 345 l 17
 883 316 877 294 846 291 c 1
 822 293 811 317 801 345 c 9
 801 478 l 25
 390 478 l 25
 390 528 l 25
357 561 m 25
 400.29 541.11 435.953 545.251 468 510 c 24
 481.745 494.881 455.19 480.72 447 462 c 25
 447 336 l 17
 439 307 433 285 402 282 c 1
 378 284 367 308 357 336 c 9
 357 561 l 25
348 660 m 25
 783 660 l 25
 812 688 821 720 846 729 c 1
 872 725 914 672 945 639 c 1
 953 621 936 610 918 610 c 9
 348 610 l 25
 348 660 l 25
243 456 m 25
 243 -111 l 17
 235 -140 229 -162 198 -165 c 1
 174 -163 163 -139 153 -111 c 9
 153 369 l 25
 243 456 l 25
240 567 m 25
 270.42 536.58 296.036 525.991 318 489 c 24
 323.507 479.725 304.535 478.719 297 471 c 24
 256.529 429.543 234.646 405.246 195 363 c 24
 163.275 329.195 149.961 305.257 114 276 c 24
 80.2236 248.521 55.4404 241.23 18 219 c 25
 60.1201 277.5 86.1698 308.917 126 369 c 24
 155.271 413.153 168.568 440.092 195 486 c 24
 213.031 517.317 222.45 535.41 240 567 c 25
249 795 m 25
 280.59 765.75 306.119 755.821 330 720 c 24
 336.123 710.816 322.286 704.291 315 696 c 24
 288.234 665.543 272.794 648.502 243 621 c 24
 196.654 578.22 172.368 551.151 120 516 c 24
 86.0684 493.225 61.4404 490.38 24 474 c 25
 78.9902 541.86 114.867 576.477 165 648 c 24
 202.899 702.07 216.24 737.67 249 795 c 25
EndSplineSet
EndChar
