Width: 1000
Flags: H
TeX: 117 0
LayerCount: 2
Fore
SplineSet
63 567 m 25
 63 567 142 551 174 516 c 24
 188 501 161 487 153 468 c 25
 153 324 l 17
 145 295 139 273 108 270 c 1
 84 272 73 296 63 324 c 9
 63 567 l 25
333 -87 m 25
 804 -87 l 25
 833 -59 842 -27 867 -18 c 1
 893 -22 935 -75 966 -108 c 1
 974 -126 957 -137 939 -137 c 9
 333 -137 l 25
 333 -87 l 25
597 212 m 1
 687 212 l 1
 687 -1 l 1
 597 -1 l 1
 597 212 l 1
459 28 m 1
 813 28 l 1
 813 -22 l 1
 459 -22 l 1
 459 28 l 1
456 131 m 1
 825 131 l 1
 825 81 l 1
 456 81 l 1
 456 131 l 1
468 233 m 25
 780 233 l 25
 796 246 802 271 822 266 c 24
 857 256 874 235 891 203 c 24
 898 190 878 185 870 173 c 25
 870 20 l 17
 862 -9 856 -31 825 -34 c 1
 801 -32 790 -8 780 20 c 9
 780 183 l 25
 468 183 l 25
 468 233 l 25
426 254 m 25
 426 254 505 238 537 203 c 24
 551 188 524 174 516 155 c 25
 516 11 l 17
 508 -18 502 -40 471 -43 c 1
 447 -41 436 -17 426 11 c 9
 426 254 l 25
393 339 m 25
 798 339 l 25
 827 367 836 399 861 408 c 1
 887 404 929 351 960 318 c 1
 968 300 951 289 933 289 c 9
 393 289 l 25
 393 339 l 25
595 610 m 1
 685 610 l 1
 685 409 l 1
 595 409 l 1
 595 610 l 1
461 438 m 1
 830 438 l 1
 830 388 l 1
 461 388 l 1
 461 438 l 1
461 537 m 1
 812 537 l 1
 812 487 l 1
 461 487 l 1
 461 537 l 1
464 631 m 25
 779 631 l 25
 795 644 801 669 821 664 c 24
 856 654 873 633 890 601 c 24
 897 588 877 583 869 571 c 25
 869 424 l 17
 861 395 855 373 824 370 c 1
 800 372 789 396 779 424 c 9
 779 581 l 25
 464 581 l 25
 464 631 l 25
422 658 m 25
 422 658 501 642 533 607 c 24
 547 592 520 578 512 559 c 25
 512 421 l 17
 504 392 498 370 467 367 c 1
 443 369 432 393 422 421 c 9
 422 658 l 25
393 729 m 25
 798 729 l 25
 798 729 836 789 861 798 c 1
 887 794 929 741 960 708 c 1
 968 690 951 679 933 679 c 9
 393 679 l 25
 393 729 l 25
240 76 m 10
 240 304 l 25
 99 304 l 25
 99 354 l 25
 240 354 l 25
 256 367 262 392 282 387 c 24
 317 377 334 356 351 324 c 24
 358 311 338 306 330 294 c 25
 330 67 l 26
 330 1 306 -36 267 -89 c 24
 241 -124 215 -145 171 -146 c 24
 148 -147 164 -110 150 -92 c 24
 129 -65 110 -57 84 -35 c 25
 162 -35 l 18
 204 -35 240 44 240 76 c 10
105 544 m 1
 330 544 l 1
 330 494 l 1
 105 494 l 1
 105 544 l 1
60 732 m 25
 285 732 l 25
 301 745 307 770 327 765 c 24
 362 755 379 734 396 702 c 24
 403 689 383 684 375 672 c 25
 375 516 l 17
 367 487 361 465 330 462 c 1
 306 464 295 488 285 516 c 9
 285 682 l 25
 60 682 l 25
 60 732 l 25
EndSplineSet
EndChar
