Width: 1000
Flags: H
TeX: 117 0
LayerCount: 2
Fore
SplineSet
669 753 m 25
 718.14 733.11 752.981 734.323 795 702 c 24
 818.258 684.109 834.766 660.671 825 633 c 24
 815.422 605.862 786.643 591.998 759 600 c 24
 728.428 608.85 727.137 638.567 711 666 c 24
 691.897 698.475 685.38 719.07 669 753 c 25
501 564 m 1
 501 792 l 25
 544.29 772.11 579.953 776.251 612 741 c 24
 625.745 725.881 599.19 711.72 591 693 c 25
 591 504 l 25
 608.55 422.1 609.047 373.304 636 294 c 24
 670.214 193.333 689.71 134.566 747 45 c 24
 774.768 1.58789 809.22 -6.24023 849 -39 c 25
 939 81 l 25
 906 -57 l 25
 909.51 -81.5703 927.671 -98.6593 915 -120 c 24
 900.308 -144.745 873.776 -167.641 849 -153 c 24
 757.094 -98.6914 714.239 -50.0051 651 36 c 24
 595.186 111.908 574.748 164.367 549 255 c 24
 515.673 372.313 512.316 448.179 501 564 c 1
45 -12 m 25
 132.75 2.04004 182.382 9.15757 270 24 c 24
 396.498 45.4287 467.64 58.7695 594 81 c 25
 539.01 55.2598 509.131 38.1467 453 15 c 24
 395.521 -8.70312 361.24 -17.2334 303 -39 c 24
 245.402 -60.5264 213.712 -74.7824 156 -96 c 24
 134.12 -104.044 117.589 -128.067 99 -114 c 24
 63.1084 -86.8389 66.0596 -51.7803 45 -12 c 25
249 324 m 25
 339 324 l 25
 339 12 l 25
 249 12 l 25
 249 324 l 25
63 348 m 25
 426 348 l 25
 426 348 449 384 474 393 c 1
 500 389 488 360 519 327 c 1
 527 309 510 298 492 298 c 9
 63 298 l 25
 63 348 l 25
39 555 m 25
 747 555 l 25
 776 583 785 615 810 624 c 1
 836 620 878 567 909 534 c 1
 917 516 900 505 882 505 c 9
 39 505 l 25
 39 555 l 25
EndSplineSet
EndChar
