Width: 1000
Flags: HW
TeX: 117 0
LayerCount: 2
Fore
SplineSet
771 57 m 25
 819 30 855 27 894 -12 c 24
 922 -40 933 -66 933 -105 c 24
 933 -131 922 -155 897 -162 c 24
 870 -170 845 -159 831 -135 c 24
 808 -98 826 -66 813 -24 c 24
 802 10 787 25 771 57 c 25
366 -51 m 1
 366 -51 417 -51 450 -51 c 24
 599 -50 682 -49 831 -48 c 25
 837 -93 l 25
 777 -98 744 -99 684 -105 c 24
 598 -113 550 -116 465 -129 c 24
 447 -132 435 -155 420 -144 c 24
 387 -118 366 -51 366 -51 c 1
480 183 m 25
 870 183 l 25
 870 129 l 25
 474 129 l 25
 480 183 l 25
609 -87 m 25
 609 540 l 25
 652.29 520.11 687.953 524.251 720 489 c 24
 733.745 473.881 707.19 459.72 699 441 c 25
 699 -87 l 25
 609 -87 l 25
465 393 m 25
 816 393 l 25
 832 406 838 431 858 426 c 24
 893 416 910 395 927 363 c 24
 934 350 914 345 906 333 c 25
 906 138 l 17
 898 109 892 87 861 84 c 1
 837 86 826 110 816 138 c 9
 816 343 l 25
 465 343 l 25
 465 393 l 25
417 426 m 25
 460 406 496 410 528 375 c 24
 542 360 515 346 507 327 c 25
 507 123 l 17
 499 94 493 72 462 69 c 1
 438 71 427 95 417 123 c 9
 417 426 l 25
489 550 m 25
 828 550 l 25
 828 500 l 25
 489 500 l 25
 489 550 l 25
495 735 m 25
 759 735 l 25
 775 748 781 773 801 768 c 24
 836 758 853 737 870 705 c 24
 877 692 857 687 849 675 c 25
 849 531 l 17
 841 502 835 480 804 477 c 1
 780 479 769 503 759 531 c 9
 759 685 l 25
 495 685 l 25
 495 735 l 25
459 777 m 25
 502 757 538 761 570 726 c 24
 584 711 557 697 549 678 c 25
 549 537 l 17
 541 508 535 486 504 483 c 1
 480 485 469 509 459 537 c 9
 459 777 l 25
264 141 m 1
 264 256 l 25
 90 256 l 25
 90 306 l 25
 264 306 l 25
 280.38 318.87 285.891 344.435 306 339 c 24
 341.178 329.492 358.287 308.381 375 276 c 24
 381.55 263.309 362.19 257.7 354 246 c 25
 354 24 l 1
 345 -27 322.288 -68.4814 288 -120 c 9
 267.093 -149.359 248.308 -181.242 213 -174 c 24
 179.155 -167.058 192.125 -123.339 171 -96 c 24
 151.751 -71.0889 134.4 -63.0596 111 -42 c 25
 222 -42 l 25
 234.87 -15.0898 248.327 -2.07324 255 27 c 24
 264.977 70.4678 273 96 264 141 c 1
75 523 m 25
 342 523 l 25
 342 473 l 25
 75 473 l 25
 75 523 l 25
63 567 m 25
 106 547 142 551 174 516 c 24
 188 501 161 487 153 468 c 25
 153 216 l 17
 145 187 139 165 108 162 c 1
 84 164 73 188 63 216 c 9
 63 567 l 25
51 750 m 25
 279 750 l 25
 295 763 301 788 321 783 c 24
 356 773 373 752 390 720 c 24
 397 707 377 702 369 690 c 25
 369 489 l 17
 361 460 355 438 324 435 c 1
 300 437 289 461 279 489 c 9
 279 700 l 25
 51 700 l 25
 51 750 l 25
EndSplineSet
EndChar
