Width: 1000
Flags: H
TeX: 117 0
LayerCount: 2
Fore
SplineSet
528 -57 m 1
 837 -57 l 1
 837 -107 l 1
 528 -107 l 1
 528 -57 l 1
543 93 m 1
 834 93 l 1
 834 43 l 1
 543 43 l 1
 543 93 l 1
552 243 m 1
 840 243 l 1
 840 193 l 1
 552 193 l 1
 552 243 l 1
549 372 m 25
 804 372 l 25
 820 385 826 410 846 405 c 24
 881 395 898 374 915 342 c 24
 922 329 902 324 894 312 c 25
 894 -82 l 17
 886 -111 880 -133 849 -136 c 1
 825 -134 814 -110 804 -82 c 9
 804 322 l 25
 549 322 l 25
 549 372 l 25
501 405 m 25
 544 385 580 389 612 354 c 24
 626 339 599 325 591 306 c 25
 591 -97 l 17
 583 -126 577 -148 546 -151 c 1
 522 -149 511 -125 501 -97 c 9
 501 405 l 25
636 671 m 25
 679 666 709 680 747 659 c 24
 762 651 736 635 729 620 c 25
 711 339 l 25
 633 339 l 25
 636 671 l 25
414 515 m 25
 792 515 l 25
 792 515 830 575 855 584 c 1
 881 580 923 527 954 494 c 1
 962 476 945 465 927 465 c 9
 414 465 l 25
 414 515 l 25
414 614 m 25
 411 665 l 25
 519 680 580 684 687 704 c 24
 765 718 885 752 885 752 c 1
 885 752 943 705 951 662 c 24
 954 643 922 652 903 650 c 24
 713 633 605 628 414 614 c 25
369 179 m 9
 369 692 l 25
 412 672 448 676 480 641 c 24
 494 626 467 612 459 593 c 25
 459 167 l 17
 450 134 447 92 426 53 c 0
 403 10 393 -16 360 -52 c 24
 325 -90 294 -109 255 -133 c 9
 283 -78 306 -50 327 8 c 24
 351 73 366 125 369 179 c 9
150 405 m 25
 193 385 229 389 261 354 c 24
 275 339 248 325 240 306 c 25
 240 -105 l 17
 232 -134 226 -156 195 -159 c 1
 171 -157 160 -133 150 -105 c 9
 150 405 l 25
225 567 m 25
 259 541 286 535 312 501 c 24
 320 491 303 483 297 471 c 25
 256 422 234 393 192 345 c 24
 160 309 146 285 108 255 c 24
 79 232 57 229 24 213 c 25
 58 270 77 302 111 360 c 24
 139 409 156 436 183 486 c 24
 200 517 209 535 225 567 c 25
24 477 m 9
 54 527 72 555 102 606 c 24
 137 667 156 702 190 763 c 25
 225 742 251 737 279 708 c 24
 286 701 268 697 261 690 c 25
 221 644 204 613 159 573 c 24
 111 530 78 507 24 477 c 9
EndSplineSet
EndChar
