Width: 1000
Flags: H
TeX: 117 0
LayerCount: 2
Fore
SplineSet
612 201 m 25
 798 201 l 25
 798 201 821 237 846 246 c 1
 872 242 860 213 891 180 c 1
 899 162 882 151 864 151 c 9
 612 151 l 25
 612 201 l 25
564 -87 m 25
 564 789 l 25
 607 769 643 773 675 738 c 24
 689 723 662 709 654 690 c 25
 654 -87 l 25
 564 -87 l 25
417 108 m 25
 457 71 472 39 519 12 c 24
 573 -19 614 -30 672 -39 c 1
 861 -39 l 25
 987 -24 l 25
 961 -53 949 -72 921 -99 c 24
 909 -110 899 -112 885 -120 c 25
 624 -120 l 17
 522 -93 393 60 393 60 c 25
 417 108 l 25
408 318 m 25
 450 298 483 300 516 267 c 24
 527 256 499 248 492 234 c 24
 462 171 454 132 423 69 c 24
 401 25 391 -3 357 -39 c 24
 315 -83 280 -96 231 -132 c 25
 260 -81 280 -53 306 0 c 24
 339 67 358 106 381 177 c 24
 398 230 397 263 408 318 c 25
324 410 m 25
 807 410 l 25
 836 438 845 470 870 479 c 1
 896 475 938 422 969 389 c 1
 977 371 960 360 942 360 c 9
 324 360 l 25
 324 410 l 25
375 621 m 25
 771 621 l 25
 800 649 809 681 834 690 c 1
 860 686 902 633 933 600 c 1
 941 582 924 571 906 571 c 9
 375 571 l 25
 375 621 l 25
261 474 m 25
 261 -120 l 17
 253 -149 247 -171 216 -174 c 1
 192 -172 181 -148 171 -120 c 9
 171 402 l 25
 261 474 l 25
264 585 m 25
 298 558 331 554 351 516 c 24
 360 500 331 495 318 483 c 24
 274 442 247 420 204 378 c 24
 169 343 153 319 117 285 c 24
 82 252 58 237 21 207 c 25
 54 253 74 277 105 324 c 24
 146 385 169 420 207 483 c 24
 231 522 242 545 264 585 c 25
264 789 m 25
 305 760 337 753 369 714 c 24
 377 704 352 702 342 693 c 24
 297 655 274 631 228 594 c 24
 189 563 167 543 123 519 c 24
 87 499 63 497 24 483 c 25
 65 522 92 540 129 582 c 24
 178 638 202 673 243 735 c 24
 255 754 256 768 264 789 c 25
EndSplineSet
EndChar
