Width: 1000
Flags: HW
LayerCount: 2
Fore
SplineSet
633 630 m 25
 741 630 l 25
 725 589 716 566 699 525 c 24
 680 479 668 454 648 408 c 25
 603 408 l 25
 633 630 l 25
306 636 m 1
 342 625 364 616 393 591 c 24
 425 563 446 544 459 504 c 0
 474 459 473 437 457 413 c 0
 446 396 429 401 414 409 c 24
 395 420 386 442 381 456 c 0
 371 484 367 495 357 519 c 24
 338 565 329 589 306 636 c 1
834 78 m 25
 834 78 895 40 903 0 c 24
 907 -20 874 -13 855 -21 c 24
 789 -50 755 -72 687 -96 c 24
 620 -120 581 -132 510 -144 c 16
 418 -160 368 -160 267 -159 c 1
 335 -145 368 -137 431 -117 c 24
 503 -94 543 -79 612 -48 c 24
 675 -20 708 -1 768 33 c 24
 795 48 834 78 834 78 c 25
747 231 m 25
 747 231 804 190 810 150 c 24
 813 131 780 142 762 135 c 24
 698 109 664 90 600 66 c 24
 540 43 506 30 444 15 c 24
 396 4 371 0 318 0 c 9
 382 32 419 49 483 81 c 24
 529 104 555 116 600 141 c 24
 658 174 747 231 747 231 c 25
708 384 m 25
 708 384 772 350 792 312 c 24
 800 298 768 306 753 300 c 24
 697 277 669 258 612 237 c 24
 550 214 515 201 450 189 c 24
 411 181 388 187 348 186 c 25
 384 205 405 215 441 234 c 24
 503 267 539 284 600 318 c 24
 643 342 708 384 708 384 c 25
192 150 m 10
 192 402 l 25
 282 402 l 25
 282 141 l 26
 282 79 271 42 243 -13 c 24
 217 -63 192 -86 148 -121 c 24
 112 -149 82 -161 42 -171 c 1
 82 -135 96 -122 122 -84 c 24
 148 -46 161 -23 174 21 c 24
 189 70 192 93 192 150 c 10
84 432 m 25
 825 432 l 25
 854 460 863 492 888 501 c 1
 914 497 956 444 987 411 c 1
 995 393 978 382 960 382 c 9
 84 382 l 25
 84 432 l 25
159 660 m 25
 735 660 l 25
 764 688 773 720 798 729 c 1
 824 725 866 672 897 639 c 1
 905 621 888 610 870 610 c 9
 159 610 l 25
 159 660 l 25
492 633 m 17
 492 800 l 9
 535 780 571 784 603 749 c 24
 617 734 590 720 582 701 c 25
 582 633 l 25
 492 633 l 17
EndSplineSet
EndChar
