Width: 1000
Flags: H
TeX: 117 0
LayerCount: 2
Fore
SplineSet
867 240 m 25
 907.95 201.39 942.503 188.933 972 141 c 24
 979.684 128.515 950.527 132.058 939 123 c 24
 868.441 67.5615 835.512 27.458 762 -24 c 24
 706.233 -63.0361 672.569 -83.6543 609 -108 c 24
 561.212 -126.302 530.31 -122.64 480 -132 c 25
 575.94 -59.46 639.287 -29.3516 726 54 c 24
 791.625 117.082 812.01 167.46 867 240 c 25
840 498 m 25
 877.44 466.41 913.185 460.349 936 417 c 24
 944.871 400.146 914.949 395.802 900 384 c 24
 848.207 343.11 821.732 315.702 765 282 c 24
 702.895 245.105 664.74 229.089 597 204 c 24
 569.222 193.712 551.25 196.68 522 192 c 25
 585.18 243.48 625.275 267.491 684 324 c 24
 749.673 387.194 779.16 430.14 840 498 c 25
810 765 m 25
 847.44 734.58 878.416 726.576 906 687 c 24
 913.628 676.056 889.855 673.754 879 666 c 24
 799.755 609.396 758.939 571.376 675 522 c 24
 638.64 500.611 612.78 500.04 573 486 c 25
 629.16 545.67 663.95 576.549 717 639 c 24
 756.541 685.549 773.73 715.86 810 765 c 25
438 654 m 25
 438 -90 l 17
 430 -119 424 -141 393 -144 c 1
 369 -142 358 -118 348 -90 c 9
 348 654 l 25
 438 654 l 25
159 156 m 25
 159 657 l 25
 249 657 l 25
 249 156 l 17
 234 93 229.774 50.7979 195 -6 c 24
 157.839 -66.6963 132 -102 69 -138 c 9
 93.5703 -85.3496 114.993 -58.5557 132 -3 c 24
 150.411 57.1426 148.47 93.9902 159 156 c 25
12 411 m 25
 447 411 l 25
 447 411 485 471 510 480 c 1
 536 476 578 423 609 390 c 1
 617 372 600 361 582 361 c 9
 12 361 l 25
 12 411 l 25
24 681 m 25
 405 681 l 25
 434 709 443 741 468 750 c 1
 494 746 536 693 567 660 c 1
 575 642 558 631 540 631 c 9
 24 631 l 25
 24 681 l 25
EndSplineSet
EndChar
