Width: 1000
Flags: H
TeX: 117 0
LayerCount: 2
Fore
SplineSet
735 207 m 17
 780 183 812 173 852 138 c 24
 887 107 908 86 924 42 c 24
 933 17 927 -5 909 -24 c 24
 896 -38 876 -38 861 -27 c 24
 838 -11 838 11 825 36 c 24
 807 70 798 89 780 123 c 24
 763 156 753 174 735 207 c 17
492 264 m 17
 540 246 569 241 603 207 c 24
 633 177 646 150 648 108 c 24
 649 82 635 59 609 54 c 24
 586 50 576 73 564 93 c 24
 545 125 548 149 534 183 c 24
 520 216 508 232 492 264 c 17
744 -147 m 25
 381 -147 l 17
 353 -142 329 -124 324 -99 c 9
 324 264 l 25
 367 244 403 248 435 213 c 24
 449 198 422 184 414 165 c 25
 414 -31 l 17
 414 -52 434 -66 450 -67 c 9
 660 -67 l 25
 714 78 l 25
 727 22 728 -12 747 -66 c 24
 755 -88 784 -91 783 -114 c 24
 782 -134 759 -134 744 -147 c 25
222 183 m 25
 229 129 245 99 240 45 c 24
 236 7 227 -17 201 -45 c 24
 177 -71 155 -87 120 -84 c 24
 96 -82 78 -60 81 -36 c 24
 85 0 114 9 135 39 c 24
 157 70 169 88 189 120 c 24
 203 144 209 158 222 183 c 25
465 789 m 25
 508 769 544 773 576 738 c 24
 590 723 563 709 555 690 c 25
 555 318 l 17
 547 289 541 267 510 264 c 1
 486 266 475 290 465 318 c 9
 465 789 l 25
222 427 m 25
 774 427 l 25
 774 377 l 25
 222 377 l 25
 222 427 l 25
222 657 m 25
 729 657 l 25
 745 670 751 695 771 690 c 24
 806 680 823 659 840 627 c 24
 847 614 827 609 819 597 c 25
 819 372 l 17
 811 343 805 321 774 318 c 1
 750 320 739 344 729 372 c 9
 729 607 l 25
 222 607 l 25
 222 657 l 25
189 691 m 25
 232 671 268 675 300 640 c 24
 314 625 287 611 279 592 c 25
 279 369 l 17
 271 340 265 318 234 315 c 1
 210 317 199 341 189 369 c 9
 189 691 l 25
EndSplineSet
EndChar
