Width: 1000
Flags: HW
TeX: 117 0
LayerCount: 2
Fore
SplineSet
522 348 m 25
 582 348 l 25
 593 291 587 255 609 201 c 24
 628 155 651 135 684 99 c 24
 713 67 732 51 768 27 c 24
 806 1 831 -8 873 -27 c 24
 905 -41 924 -45 957 -57 c 25
 922 -78 900 -86 867 -111 c 24
 856 -120 859 -146 846 -141 c 24
 803 -125 786 -101 753 -69 c 24
 683 0 632 31 585 117 c 24
 540 199 547 258 522 348 c 25
600 351 m 25
 600 777 l 25
 643 757 679 761 711 726 c 24
 725 711 698 697 690 678 c 25
 690 351 l 25
 600 351 l 25
777 325 m 25
 441 325 l 25
 441 375 l 25
 777 375 l 25
 791 386 797 408 813 402 c 24
 847 389 866 370 879 336 c 24
 885 321 858 320 849 306 c 24
 813 250 802 214 765 159 c 24
 722 94 700 55 645 0 c 24
 604 -42 572 -56 522 -87 c 24
 484 -110 462 -124 420 -138 c 24
 383 -150 360 -147 321 -153 c 25
 382 -119 419 -104 477 -66 c 24
 522 -36 548 -18 585 21 c 24
 633 71 656 104 696 162 c 24
 724 203 737 228 759 273 c 24
 769 292 770 305 777 325 c 25
828 583 m 25
 441 583 l 25
 441 633 l 25
 816 633 l 25
 832 648 837 679 858 672 c 24
 897 659 916 633 930 594 c 24
 936 579 906 584 894 573 c 24
 865 547 855 525 825 501 c 24
 794 476 772 468 738 447 c 25
 763 480 778 497 801 531 c 24
 814 550 817 563 828 583 c 25
408 126 m 25
 408 663 l 25
 451 643 487 647 519 612 c 24
 533 597 506 583 498 564 c 25
 498 111 l 25
 485 78 485 56 465 27 c 24
 440 -10 419 -26 384 -54 c 24
 369 -66 357 -67 339 -75 c 25
 362 -31 383 -9 399 39 c 24
 410 71 404 92 408 126 c 25
189 405 m 25
 232 385 268 389 300 354 c 24
 314 339 287 325 279 306 c 25
 279 -96 l 17
 271 -125 265 -147 234 -150 c 1
 210 -148 199 -124 189 -96 c 9
 189 405 l 25
252 570 m 25
 288 540 323 534 345 492 c 24
 354 475 328 467 315 453 c 24
 272 407 246 383 201 339 c 24
 165 304 148 282 108 252 c 24
 84 234 66 232 39 219 c 25
 74 266 95 291 129 339 c 24
 162 385 183 409 210 459 c 24
 232 500 236 527 252 570 c 25
246 786 m 25
 281 756 313 748 336 708 c 24
 344 694 312 700 300 690 c 24
 262 661 243 641 207 609 c 24
 170 576 153 552 111 525 c 24
 85 508 65 509 36 498 c 25
 77 553 100 584 141 639 c 24
 169 676 186 697 213 735 c 24
 227 754 233 766 246 786 c 25
EndSplineSet
EndChar
