Width: 1000
Flags: HW
TeX: 117 0
LayerCount: 2
Fore
SplineSet
744 430 m 1
 813 375 849 346 897 276 c 24
 934 222 958 186 957 119 c 0
 957 89 925 62 897 72 c 24
 858 86 848 121 839 161 c 0
 828 209 826 237 810 283 c 24
 789 342 774 374 744 430 c 1
450 744 m 1
 511 713 544 688 582 633 c 24
 609 593 621 559 609 513 c 24
 602 485 573 468 543 481 c 0
 495 502 506 555 495 606 c 0
 483 661 477 681 450 744 c 1
198 371 m 1
 209 310 217 258 210 198 c 0
 203 140 196 103 151 74 c 24
 123 56 79 78 75 111 c 24
 69 161 107 184 132 228 c 0
 162 281 174 309 198 371 c 1
651 -121 m 10
 360 -121 l 17
 332 -116 308 -98 303 -73 c 9
 303 612 l 25
 303 612 382 596 414 561 c 24
 428 546 401 532 393 513 c 25
 393 -5 l 17
 393 -26 413 -40 429 -41 c 9
 614 -41 l 18
 629 -41 635 -24 640 -9 c 0
 665 64 683 114 711 192 c 25
 709 107 706 43 707 -27 c 0
 707 -47 741 -49 738 -68 c 0
 734 -96 711 -121 651 -121 c 10
EndSplineSet
EndChar
