Width: 1000
Flags: H
TeX: 117 0
LayerCount: 2
Fore
SplineSet
183 624 m 25
 762 624 l 25
 791 652 800 684 825 693 c 1
 851 689 893 636 924 603 c 1
 932 585 915 574 897 574 c 9
 183 574 l 25
 183 624 l 25
810 321 m 17
 861 287 888 268 924 221 c 24
 954 181 970 153 973 104 c 24
 975 76 964 48 936 42 c 24
 908 36 885 57 876 84 c 0
 866 116 863 147 852 186 c 24
 837 239 826 268 810 321 c 17
595 516 m 17
 650 479 675 462 711 414 c 24
 736 381 746 356 747 315 c 24
 748 294 736 276 716 272 c 24
 693 268 675 280 663 300 c 0
 644 331 641 368 627 411 c 24
 614 452 607 475 595 516 c 17
814 -153 m 10
 510 -153 l 17
 482 -148 458 -130 453 -105 c 9
 453 438 l 25
 453 438 532 422 564 387 c 24
 578 372 551 358 543 339 c 25
 543 -37 l 17
 543 -58 563 -72 579 -73 c 9
 730 -73 l 25
 741 -40 748 -21 759 12 c 24
 774 59 781 85 795 132 c 25
 804 57 804 0 817 -60 c 0
 822 -83 851 -87 850 -111 c 24
 849 -133 839 -153 814 -153 c 10
355 267 m 1
 381 211 395 173 396 120 c 0
 397 67 382 28 353 -8 c 0
 336 -30 304 -29 282 -12 c 0
 266 0 267 28 272 52 c 24
 283 98 304 118 321 162 c 24
 336 202 344 222 355 267 c 1
150 195 m 26
 150 654 l 25
 150 654 229 638 261 603 c 24
 275 588 248 574 240 555 c 25
 240 177 l 18
 240 129 234 95 213 48 c 24
 188 -7 168 -37 123 -78 c 24
 92 -106 57 -117 24 -123 c 1
 53 -92 67 -77 87 -42 c 24
 112 1 125 27 138 75 c 24
 150 120 150 148 150 195 c 26
489 603 m 25
 489 792 l 25
 489 792 568 776 600 741 c 24
 614 726 587 712 579 693 c 25
 579 603 l 25
 489 603 l 25
EndSplineSet
EndChar
