Width: 1000
Flags: H
TeX: 117 0
LayerCount: 2
Fore
SplineSet
201 111 m 25
 201 59.5195 226.319 28.9473 213 -21 c 24
 201.181 -65.3202 182.566 -94.6026 141 -114 c 24
 116.34 -125.508 92.0014 -107.336 78 -84 c 24
 65.8262 -63.71 74.2964 -43.9628 87 -24 c 24
 100.947 -2.08301 124.24 -4.84786 141 15 c 24
 169.485 48.7324 177.6 73.5596 201 111 c 25
711 171 m 25
 748.44 156.96 771.702 153.787 807 135 c 24
 844.821 114.869 871.915 106.733 897 72 c 24
 920.432 39.5566 929.531 12.6357 924 -27 c 24
 921.085 -47.8896 900.043 -58.4512 879 -57 c 24
 857.478 -55.5156 848.434 -39.2946 837 -21 c 24
 818.346 8.84766 823.311 33.5731 804 63 c 24
 773.503 109.471 747.27 128.88 711 171 c 25
471 231 m 25
 517.8 199.41 554.116 192.752 591 150 c 24
 609.596 128.445 614.118 104.206 603 78 c 24
 593.805 56.3242 572.31 47.6701 549 51 c 24
 530.004 53.7139 526.421 72.3038 519 90 c 24
 510.743 109.689 516.881 123.788 510 144 c 24
 498.018 179.199 486.21 197.07 471 231 c 25
312 -81 m 9
 312 222 l 25
 355.29 202.11 390.953 206.251 423 171 c 24
 436.745 155.881 410.19 141.72 402 123 c 25
 402 0 l 17
 406.682 -21.8101 415.56 -39.0976 435 -45 c 9
 612 -45 l 25
 628.38 -27.4502 643.264 -21.4719 654 0 c 24
 670.891 33.7803 670.47 56.7305 681 93 c 25
 692.7 39.1797 690.697 6.19823 711 -45 c 24
 718.63 -64.2422 751.651 -60.3662 750 -81 c 24
 748.148 -104.149 722.55 -104.79 705 -120 c 25
 357 -120 l 17
 325.789 -102.677 320.392 -92.238 312 -81 c 9
516 519 m 25
 516 639 l 25
 606 639 l 25
 606 513 l 25
 591.96 472.05 590.11 446.335 570 408 c 24
 552.171 374.014 538.684 355.497 510 330 c 24
 474.587 298.521 450.832 284.258 408 264 c 24
 363.516 242.96 336.229 234.776 288 225 c 24
 248.945 217.084 225.78 221.34 186 219 c 25
 262.05 255.27 311.776 263.967 381 312 c 24
 428.657 345.068 448.313 374.413 480 423 c 24
 501.843 456.492 501.96 481.56 516 519 c 25
345 552 m 25
 345 642 l 25
 435 642 l 25
 435 549 l 25
 416.28 511.56 411.378 487.028 387 453 c 24
 354.686 407.895 335.164 381.589 291 348 c 24
 250.601 317.273 222.616 305.585 174 291 c 24
 127.713 277.114 98.9697 281.85 51 276 c 25
 98.9697 300.57 131.009 306.495 174 339 c 24
 228.113 379.915 254.53 409.099 297 462 c 24
 321.903 493.021 326.28 516.9 345 552 c 25
240 672 m 25
 744 672 l 25
 756.87 683.7 759.98 705.583 777 702 c 24
 814.152 694.179 838.467 680.556 858 648 c 24
 867.029 632.951 841.53 626.04 831 612 c 25
 831 375 l 17
 813 327 801.757 300.728 771 261 c 24
 744.586 226.882 726.71 205.877 687 189 c 24
 672.041 182.643 663.83 200.021 651 210 c 24
 632.051 224.738 625.126 237.491 606 252 c 24
 590.97 263.402 580.38 266.64 564 276 c 25
 657 276 l 25
 674.55 290.04 688.515 294.02 702 312 c 24
 720.837 337.115 723.96 355.92 738 384 c 25
 738 621 l 25
 231 621 l 25
 240 672 l 25
249 795 m 25
 286.44 775.11 313.933 772.848 345 744 c 24
 353.444 736.159 339.029 726.819 333 717 c 24
 298.018 660.029 280.32 626.327 240 573 c 24
 207.533 530.06 190.139 503.202 147 471 c 24
 105.48 440.007 73.7998 436.23 27 414 c 25
 60.9297 452.61 83.2481 471.814 114 513 c 24
 148.951 559.81 166.457 588.03 195 639 c 24
 215.723 676.004 226.127 697.922 240 738 c 24
 247.361 759.268 245.49 772.77 249 795 c 25
EndSplineSet
EndChar
