Width: 1000
Flags: H
TeX: 117 0
LayerCount: 2
Fore
SplineSet
786 141 m 9
 786 313 l 25
 594 313 l 25
 594 363 l 25
 786 363 l 25
 802 376 808 401 828 396 c 24
 863 386 880 365 897 333 c 24
 904 320 884 315 876 303 c 25
 876 114 l 25
 865 63 875 27 849 -18 c 24
 813 -80 788 -122 723 -150 c 24
 696 -162 689 -118 669 -96 c 24
 651 -77 642 -65 624 -45 c 25
 702 -45 l 25
 725 -23 749 -17 762 12 c 24
 783 59 780 87 786 141 c 9
567 345 m 25
 567 729 l 25
 610 709 646 713 678 678 c 24
 692 663 665 649 657 630 c 25
 657 336 l 25
 642 270 640 232 618 168 c 24
 594 98 579 57 540 -6 c 24
 511 -53 490 -77 447 -111 c 24
 418 -134 394 -133 360 -147 c 25
 406 -79 439 -46 477 27 c 24
 511 92 523 133 543 204 c 24
 558 258 558 290 567 345 c 25
387 564 m 25
 810 564 l 25
 839 592 848 624 873 633 c 1
 899 629 941 576 972 543 c 1
 980 525 963 514 945 514 c 9
 387 514 l 25
 387 564 l 25
252 427 m 25
 295 407 331 411 363 376 c 24
 377 361 350 347 342 328 c 25
 342 -134 l 17
 334 -163 328 -185 297 -188 c 1
 273 -186 262 -162 252 -134 c 9
 252 427 l 25
288 553 m 25
 325.44 527.26 359.049 524.97 384 487 c 24
 394.159 471.54 366.988 463.57 357 448 c 24
 327.2 401.548 308.948 376.162 282 328 c 24
 253.896 277.771 248.662 243.392 216 196 c 24
 188.297 155.803 168.055 135.291 129 106 c 24
 101.345 85.2588 79.5898 84.04 48 70 c 25
 98.3096 148.39 132.261 189.303 177 271 c 24
 213.232 337.164 227.371 377.807 255 448 c 24
 270.722 487.942 275.13 512.05 288 553 c 25
297 754 m 25
 334 724 366 716 393 676 c 24
 401 664 376 662 366 652 c 24
 314 598 288 564 234 511 c 24
 200 477 181 456 141 430 c 24
 111 411 90 410 57 397 c 25
 99 453 125 483 165 541 c 24
 204 597 222 630 258 688 c 24
 274 713 282 728 297 754 c 25
EndSplineSet
EndChar
