Width: 1000
Flags: H
TeX: 117 0
LayerCount: 2
Fore
SplineSet
612 750 m 25
 655 730 691 734 723 699 c 24
 737 684 710 670 702 651 c 25
 702 141 l 17
 694 112 688 90 657 87 c 1
 633 89 622 113 612 141 c 9
 612 750 l 25
441 -99 m 9
 441 609 l 25
 484.29 589.11 519.953 593.251 552 558 c 24
 565.745 542.881 539.19 528.72 531 510 c 25
 531 -15 l 17
 534 -39 531 -51 558 -57 c 9
 864 -57 l 25
 873.36 -33.5996 879.211 -20.6201 888 3 c 24
 897.936 29.7031 902.64 45.0898 912 72 c 25
 919.02 22.8604 915.812 -6.43164 930 -54 c 24
 936.22 -74.8555 967.561 -77.7197 963 -99 c 24
 957.754 -123.483 931.89 -122.79 912 -138 c 25
 495 -138 l 17
 459 -138 437 -123 441 -99 c 9
321 375 m 25
 765 543 l 25
 783.72 561.72 786.664 593.701 813 591 c 24
 848.475 587.361 864.773 562.224 882 531 c 24
 888.444 519.319 869.19 514.53 861 504 c 25
 861 117 l 25
 843.45 87.75 848.166 53.3525 816 42 c 24
 790.601 33.0352 780.479 64.7461 759 81 c 24
 737.14 97.543 726.06 108.45 705 126 c 25
 780 126 l 25
 780 495 l 25
 321 315 l 25
 321 375 l 25
246 129 m 1
 246 208 l 25
 81 208 l 25
 81 258 l 25
 246 258 l 25
 262.38 270.87 267.891 296.435 288 291 c 24
 323.178 281.492 340.287 260.381 357 228 c 24
 363.55 215.309 344.19 209.7 336 198 c 25
 336 72 l 1
 327 33 317.523 1.30469 300 -36 c 8
 285.772 -66.2881 274.952 -83.876 249 -105 c 24
 223.016 -126.15 204.274 -144.915 171 -141 c 24
 150.214 -138.555 160.541 -108.959 147 -93 c 24
 127.131 -69.582 110.4 -61.8896 87 -42 c 25
 174 -42 l 25
 196.23 -18.5996 218.475 -11.7471 231 18 c 24
 247.952 58.2598 249 75 246 129 c 1
120 478 m 25
 300 478 l 25
 300 428 l 25
 120 428 l 25
 120 478 l 25
81 516 m 25
 120.78 500.79 151.102 505.218 183 477 c 24
 194.223 467.072 159 447 159 447 c 1
 159 447 152.471 332.552 138 261 c 24
 131.238 227.565 135.034 196.172 105 180 c 24
 84.5518 168.989 60 195.775 60 219 c 0
 60 255 66.0186 284.839 69 327 c 24
 74.209 400.675 76.3203 442.29 81 516 c 25
36 708 m 25
 255 708 l 25
 271.38 720.87 276.891 746.435 297 741 c 24
 332.178 731.492 349.287 710.381 366 678 c 24
 372.55 665.309 353.19 659.7 345 648 c 25
 345 456 l 17
 337 427 331 405 300 402 c 1
 276 404 265 428 255 456 c 9
 255 658 l 25
 36 658 l 25
 36 708 l 25
EndSplineSet
EndChar
