Width: 1000
Flags: HW
TeX: 117 0
LayerCount: 2
Fore
SplineSet
489 273 m 25
 540 273 l 25
 540 195 l 25
 520 169 511 153 489 129 c 24
 455 92 437 69 396 39 c 24
 352 7 321 -1 273 -27 c 25
 305 9 324 28 354 66 c 24
 386 107 404 130 432 174 c 24
 456 211 467 234 489 273 c 25
516 -33 m 25
 516 435 l 25
 559 415 595 419 627 384 c 24
 641 369 614 355 606 336 c 25
 606 -81 l 25
 585 -101 581 -132 552 -132 c 24
 524 -132 522 -99 501 -81 c 24
 478 -61 463 -52 438 -33 c 25
 516 -33 l 25
276 312 m 25
 648 312 l 25
 648 312 671 348 696 357 c 1
 722 353 710 324 741 291 c 1
 749 273 732 262 714 262 c 9
 276 262 l 25
 276 312 l 25
579 515 m 25
 846 515 l 25
 846 465 l 25
 579 465 l 25
 579 515 l 25
570 629 m 25
 855 629 l 25
 855 579 l 25
 570 579 l 25
 570 629 l 25
804 -57 m 25
 804 694 l 25
 561 694 l 25
 561 744 l 25
 804 744 l 25
 820 757 826 782 846 777 c 24
 881 767 898 746 915 714 c 24
 922 701 902 696 894 684 c 25
 894 -93 l 25
 869 -120 864 -163 825 -162 c 24
 793 -161 806 -115 786 -90 c 24
 773 -74 760 -70 744 -57 c 25
 804 -57 l 25
540 783 m 25
 583.29 763.11 618.953 767.251 651 732 c 24
 664.745 716.881 638.19 702.72 630 684 c 25
 630 486 l 17
 622 457 616 435 585 432 c 1
 561 434 550 458 540 486 c 9
 540 783 l 25
177 514 m 25
 426 514 l 25
 426 464 l 25
 177 464 l 25
 177 514 l 25
177 632 m 25
 426 632 l 25
 426 582 l 25
 177 582 l 25
 177 632 l 25
174 756 m 25
 369 756 l 25
 385.38 768.87 390.89 794.435 411 789 c 24
 446.178 779.492 463.287 758.381 480 726 c 24
 486.55 713.309 467.19 707.7 459 696 c 25
 459 483 l 17
 451 454 445 432 414 429 c 1
 390 431 379 455 369 483 c 9
 369 706 l 25
 174 706 l 25
 174 756 l 25
141 792 m 25
 184.29 772.11 219.953 776.251 252 741 c 24
 265.745 725.881 239.19 711.72 231 693 c 25
 231 -114 l 17
 223 -143 217 -165 186 -168 c 1
 162 -166 151 -142 141 -114 c 9
 141 792 l 25
EndSplineSet
EndChar
