Width: 1000
Flags: H
TeX: 117 0
LayerCount: 2
Fore
SplineSet
466 -40 m 1
 694 -40 l 1
 694 -90 l 1
 466 -90 l 1
 466 -40 l 1
451 109 m 25
 655 109 l 25
 671 122 677 147 697 142 c 24
 732 132 749 111 766 79 c 24
 773 66 753 61 745 49 c 25
 745 -66 l 17
 737 -95 731 -117 700 -120 c 1
 676 -118 665 -94 655 -66 c 9
 655 59 l 25
 451 59 l 25
 451 109 l 25
427 145 m 25
 470 125 506 129 538 94 c 24
 552 79 525 65 517 46 c 25
 517 -75 l 17
 509 -104 503 -126 472 -129 c 1
 448 -127 437 -103 427 -75 c 9
 427 145 l 25
541 334 m 1
 631 334 l 1
 631 94 l 1
 541 94 l 1
 541 334 l 1
427 235 m 25
 655 235 l 25
 655 235 677 266 701 275 c 1
 720 268 744 240 763 214 c 1
 771 196 755 185 737 185 c 9
 427 185 l 25
 427 235 l 25
745 328 m 24
 747 320 736 323 726 321 c 1
 694 315 652 312 613 310 c 8
 543 307 501 306 433 316 c 9
 477 329 503 335 547 349 c 24
 586 362 607 371 646 385 c 24
 670 394 709 406 709 406 c 1
 709 406 738 361 745 328 c 24
377 169 m 24
 403 199 417 217 443 247 c 25
 415 184 396 149 371 85 c 24
 358 53 346 0 346 0 c 1
 346 0 366 -65 358 -105 c 24
 353 -128 339 -148 316 -147 c 24
 290 -146 276 -126 269 -101 c 24
 257 -63 270 -39 271 1 c 25
 221 37 l 25
 289 66 l 25
 323 106 343 129 377 169 c 24
241 288 m 17
 280 276 293 273 319 252 c 24
 341 235 356 222 361 195 c 24
 364 175 355 158 337 150 c 24
 321 142 306 150 293 163 c 24
 278 178 282 194 274 213 c 24
 262 243 254 259 241 288 c 17
287 415 m 17
 328 396 347 397 377 373 c 24
 399 355 412 340 415 312 c 24
 417 292 406 276 388 267 c 24
 373 260 357 266 346 279 c 24
 326 302 328 323 316 351 c 24
 305 376 298 390 287 415 c 17
583 498 m 1
 829 498 l 1
 829 448 l 1
 583 448 l 1
 583 498 l 1
577 610 m 1
 841 610 l 1
 841 560 l 1
 577 560 l 1
 577 610 l 1
790 -78 m 25
 790 679 l 25
 577 679 l 25
 577 729 l 25
 790 729 l 25
 806 742 812 767 832 762 c 24
 867 752 884 731 901 699 c 24
 908 686 888 681 880 669 c 25
 880 -72 l 17
 876 -105 867 -148 829 -162 c 24
 800 -173 791 -132 765 -114 c 24
 743 -99 730 -92 708 -78 c 25
 790 -78 l 25
547 756 m 25
 590 736 626 740 658 705 c 24
 672 690 645 676 637 657 c 25
 637 473 l 17
 629 444 623 422 592 419 c 1
 568 421 557 445 547 473 c 9
 547 756 l 25
163 617 m 1
 421 617 l 1
 421 567 l 1
 163 567 l 1
 163 617 l 1
169 498 m 1
 409 498 l 1
 409 448 l 1
 169 448 l 1
 169 498 l 1
169 729 m 25
 361 729 l 25
 377 742 383 767 403 762 c 24
 438 752 455 731 472 699 c 24
 479 686 459 681 451 669 c 25
 451 477 l 17
 443 448 437 426 406 423 c 1
 382 425 371 449 361 477 c 9
 361 679 l 25
 169 679 l 25
 169 729 l 25
121 753 m 25
 164 733 200 737 232 702 c 24
 246 687 219 673 211 654 c 25
 211 -108 l 17
 203 -137 197 -159 166 -162 c 1
 142 -160 131 -136 121 -108 c 9
 121 753 l 25
EndSplineSet
EndChar
