Width: 1000
Flags: HW
TeX: 117 0
LayerCount: 2
Fore
SplineSet
534 129 m 25
 534 129 613.701 77.0755 657 35 c 24
 683.534 9.21582 704.917 -6.50496 711 -43 c 24
 714.734 -65.4082 700.083 -85.6696 678 -91 c 24
 655.111 -96.5244 641 -87 624 -64 c 0
 599.31 -30.5961 588.103 -9.82923 564 24 c 24
 543.633 52.5859 510 96 510 96 c 25
 534 129 l 25
457 107 m 26
 457 243 l 25
 547 243 l 25
 547 120 l 26
 547 71.4082 534 38 507 2 c 0
 470 -48 444 -71 395 -96 c 0
 350.499 -118.704 312 -122 270 -124 c 1
 312 -96 329.971 -83.8282 363 -52 c 24
 394.714 -21.4395 412.586 -2.91238 435 35 c 24
 449.942 60.2754 457 77.6387 457 107 c 26
270 140 m 25
 667 140 l 25
 667 140 689 171 713 180 c 1
 732 173 756 145 775 119 c 1
 783 101 767 90 749 90 c 9
 270 90 l 25
 270 140 l 25
289 279 m 25
 643 279 l 25
 643 279 665 310 689 319 c 1
 708 312 732 284 751 258 c 1
 759 240 743 229 725 229 c 9
 289 229 l 25
 289 279 l 25
570 252 m 25
 528 252 l 25
 579 414 l 25
 579 414 640 395 666 366 c 24
 674 357 653 352 645 342 c 24
 616 307 599 287 570 252 c 25
343 420 m 17
 397 394 413.882 384.562 447 348 c 24
 465.134 327.98 470.47 308.898 468 282 c 24
 466.436 264.965 454.975 252.122 438 250 c 24
 419.469 247.684 406.795 257.761 396 273 c 24
 378.531 297.662 382 314 370 346 c 0
 359.213 374.765 353.53 391.14 343 420 c 17
597 481 m 25
 859 481 l 25
 859 431 l 25
 597 431 l 25
 597 481 l 25
594 611 m 25
 859 611 l 25
 859 561 l 25
 594 561 l 25
 594 611 l 25
805 -87 m 25
 805 700 l 25
 595 700 l 25
 595 750 l 25
 805 750 l 25
 821.38 762.87 826.891 788.435 847 783 c 24
 882.178 773.492 899.287 752.381 916 720 c 24
 922.55 707.309 903.19 701.7 895 690 c 25
 895 -87 l 18
 895 -147 881.968 -163.581 844 -180 c 24
 817.152 -191.609 807.911 -151.847 784 -135 c 24
 756.412 -115.562 740.08 -105.72 712 -87 c 25
 805 -87 l 25
557 786 m 25
 557 786 636 770 668 735 c 24
 682 720 655 706 647 687 c 25
 647 462 l 17
 639 433 633 411 602 408 c 1
 578 410 567 434 557 462 c 9
 557 786 l 25
130 483 m 25
 394 483 l 25
 394 433 l 25
 130 433 l 25
 130 483 l 25
136 618 m 25
 400 618 l 25
 400 568 l 25
 136 568 l 25
 136 618 l 25
139 749 m 25
 358 749 l 25
 374 762 380 787 400 782 c 24
 435 772 452 751 469 719 c 24
 476 706 456 701 448 689 c 25
 448 464 l 17
 440 435 434 413 403 410 c 1
 379 412 368 436 358 464 c 9
 358 699 l 25
 139 699 l 25
 139 749 l 25
106 785 m 25
 106 785 185 769 217 734 c 24
 231 719 204 705 196 686 c 25
 196 -126 l 17
 188 -155 182 -177 151 -180 c 1
 127 -178 116 -154 106 -126 c 9
 106 785 l 25
EndSplineSet
EndChar
