Width: 1000
Flags: H
TeX: 117 0
LayerCount: 2
Fore
SplineSet
534 73 m 1
 666 73 l 1
 666 23 l 1
 534 23 l 1
 534 73 l 1
312 -48 m 1
 648 -48 l 1
 648 -98 l 1
 312 -98 l 1
 312 -48 l 1
312 48 m 25
 399 48 l 25
 399 48 422 84 447 93 c 1
 473 89 461 60 492 27 c 1
 500 9 483 -2 465 -2 c 9
 312 -2 l 25
 312 48 l 25
528 174 m 25
 600 174 l 25
 616 187 622 212 642 207 c 24
 677 197 694 176 711 144 c 24
 718 131 698 126 690 114 c 25
 690 -72 l 17
 682 -101 676 -123 645 -126 c 1
 621 -124 610 -100 600 -72 c 9
 600 124 l 25
 528 124 l 25
 528 174 l 25
288 168 m 25
 331 148 367 152 399 117 c 24
 413 102 386 88 378 69 c 25
 378 -78 l 17
 370 -107 364 -129 333 -132 c 1
 309 -130 298 -106 288 -78 c 9
 288 168 l 25
408 258 m 25
 433.74 234.6 461.442 230.44 474 198 c 24
 480.279 181.779 455.7 177.87 444 165 c 25
 312 93 l 25
 306 135 l 1
 408 258 l 25
432 378 m 25
 531 378 l 25
 512.28 349.92 508.085 328.576 483 306 c 24
 448.246 274.722 424.711 259.599 381 243 c 24
 330.805 223.938 298.65 226.53 246 216 c 25
 292.8 246.42 323.909 257.34 366 294 c 24
 397.417 321.363 406.26 345.24 432 378 c 25
603 285 m 1
 603 349 l 25
 279 349 l 25
 279 399 l 25
 603 399 l 25
 619.38 411.87 624.891 437.435 645 432 c 24
 680.178 422.492 697.287 401.381 714 369 c 24
 720.55 356.309 701.19 350.7 693 339 c 25
 693 252 l 1
 677 217 651.722 194.444 612 180 c 24
 597.248 174.636 605.1 204.9 594 216 c 24
 571.494 238.506 553.74 245.28 528 264 c 25
 588 264 l 25
 588 264 608 272 603 285 c 1
543 541 m 1
 855 541 l 1
 855 491 l 1
 543 491 l 1
 543 541 l 1
549 645 m 1
 843 645 l 1
 843 595 l 1
 549 595 l 1
 549 645 l 1
792 -48 m 25
 792 691 l 25
 543 691 l 25
 543 741 l 25
 792 741 l 25
 808 754 814 779 834 774 c 24
 869 764 886 743 903 711 c 24
 910 698 890 693 882 681 c 25
 882 -90 l 25
 857 -113 849 -150 813 -150 c 24
 785 -150 803 -104 783 -84 c 24
 761 -62 739 -62 711 -48 c 25
 792 -48 l 25
519 774 m 25
 562 754 598 758 630 723 c 24
 644 708 617 694 609 675 c 25
 609 522 l 17
 601 493 595 471 564 468 c 1
 540 470 529 494 519 522 c 9
 519 774 l 25
123 553 m 1
 399 553 l 1
 399 503 l 1
 123 503 l 1
 123 553 l 1
141 661 m 1
 399 661 l 1
 399 611 l 1
 141 611 l 1
 141 661 l 1
141 750 m 25
 345 750 l 25
 361 763 367 788 387 783 c 24
 422 773 439 752 456 720 c 24
 463 707 443 702 435 690 c 25
 435 522 l 17
 427 493 421 471 390 468 c 1
 366 470 355 494 345 522 c 9
 345 700 l 25
 141 700 l 25
 141 750 l 25
111 774 m 25
 154 754 190 758 222 723 c 24
 236 708 209 694 201 675 c 25
 201 -117 l 17
 193 -146 187 -168 156 -171 c 1
 132 -169 121 -145 111 -117 c 9
 111 774 l 25
EndSplineSet
EndChar
