Width: 1000
Flags: HW
TeX: 117 0
LayerCount: 2
Fore
SplineSet
673 39 m 25
 619 72 l 25
 654 111 675 132 709 171 c 24
 734 200 772 246 772 246 c 25
 772 246 833 195 853 150 c 24
 859 138 835 139 823 132 c 24
 764 96 731 75 673 39 c 25
379 285 m 25
 457 285 l 25
 507 232 535 201 586 150 c 24
 615 121 632 104 664 78 c 24
 712 39 737 14 790 -18 c 24
 850 -55 951 -99 951 -99 c 25
 951 -99 893 -113 858 -129 c 24
 839 -138 836 -166 816 -162 c 24
 774 -154 758 -128 724 -102 c 24
 684 -71 663 -51 628 -15 c 24
 601 12 590 31 565 60 c 24
 528 104 505 127 469 171 c 24
 433 215 414 241 379 285 c 25
112 -36 m 25
 112 -36 226 -26 297 -12 c 24
 431 14 639 66 639 66 c 25
 672 24 l 1
 672 24 503 -45 393 -84 c 24
 333 -105 296 -111 235 -129 c 24
 213 -136 197 -161 178 -147 c 24
 138 -117 112 -36 112 -36 c 25
289 449 m 25
 673 449 l 25
 673 449 695 480 719 489 c 1
 738 482 762 454 781 428 c 1
 789 410 773 399 755 399 c 9
 289 399 l 25
 289 449 l 25
292 582 m 25
 664 582 l 25
 664 582 686 613 710 622 c 1
 729 615 753 587 772 561 c 1
 780 543 764 532 746 532 c 9
 292 532 l 25
 292 582 l 25
295 723 m 25
 688 723 l 25
 688 723 710 754 734 763 c 1
 753 756 777 728 796 702 c 1
 804 684 788 673 770 673 c 9
 295 673 l 25
 295 723 l 25
250 -90 m 25
 250 753 l 25
 250 753 329 737 361 702 c 24
 375 687 348 673 340 654 c 25
 340 -90 l 25
 250 -90 l 25
49 309 m 25
 766 309 l 25
 795 337 804 369 829 378 c 1
 855 374 897 321 928 288 c 1
 936 270 919 259 901 259 c 9
 49 259 l 25
 49 309 l 25
EndSplineSet
EndChar
