Width: 1000
Flags: HW
LayerCount: 2
Fore
SplineSet
225 315 m 25
 258 304 281 309 309 288 c 24
 330 272 345 255 342 228 c 24
 339 205 320 186 297 189 c 24
 271 193 268 218 255 240 c 24
 239 267 237 286 225 315 c 25
612 296 m 25
 686 296 l 25
 677 274 672 262 663 240 c 24
 652 214 647 199 636 173 c 25
 577 175 l 25
 586 205 591 222 600 252 c 24
 605 269 607 279 612 296 c 25
502 300 m 25
 516 282 530 276 537 255 c 24
 545 231 555 210 540 189 c 24
 528 173 506 178 489 189 c 24
 473 199 478 216 471 234 c 24
 461 260 455 274 444 300 c 25
 502 300 l 25
612 173 m 25
 612 -57 l 17
 604 -86 598 -108 567 -111 c 1
 543 -109 532 -85 522 -57 c 9
 522 173 l 25
 612 173 l 25
432 36 m 25
 659 36 l 25
 659 36 682 72 707 81 c 1
 733 77 721 48 752 15 c 1
 760 -3 743 -14 725 -14 c 9
 432 -14 l 25
 432 36 l 25
432 114 m 25
 626 114 l 25
 626 114 649 150 674 159 c 1
 700 155 688 126 719 93 c 1
 727 75 710 64 692 64 c 9
 432 64 l 25
 432 114 l 25
371 205 m 25
 687 205 l 25
 687 205 710 241 735 250 c 1
 761 246 749 217 780 184 c 1
 788 166 771 155 753 155 c 9
 371 155 l 25
 371 205 l 25
342 -78 m 25
 325 -89 316 -95 298 -105 c 24
 280 -115 273 -137 252 -129 c 0
 236 -122 223 -94 228 -69 c 24
 233 -46 255 -45 273 -30 c 25
 273 104 l 25
 232 104 l 25
 232 154 l 25
 273 154 l 25
 289 167 295 192 315 187 c 24
 350 177 367 156 384 124 c 24
 391 111 371 106 363 94 c 25
 363 -8 l 25
 389 -27 401 -42 430 -56 c 24
 457 -70 475 -70 504 -79 c 25
 791 -79 l 25
 778 -96 770 -105 758 -123 c 24
 752 -132 754 -146 743 -147 c 1
 521 -147 l 25
 485 -136 463 -133 428 -119 c 24
 393 -106 376 -94 342 -78 c 25
252 447 m 25
 294 431 328 437 360 405 c 24
 380 385 383 358 369 333 c 24
 359 314 334 314 315 324 c 24
 294 334 296 354 285 375 c 24
 271 402 265 419 252 447 c 25
530 302 m 25
 530 473 l 25
 573 453 609 457 641 422 c 24
 655 407 628 393 620 374 c 25
 620 302 l 25
 530 302 l 25
395 314 m 25
 689 314 l 25
 689 314 712 350 737 359 c 1
 763 355 751 326 782 293 c 1
 790 275 773 264 755 264 c 9
 395 264 l 25
 395 314 l 25
444 399 m 25
 615 399 l 25
 615 399 638 435 663 444 c 1
 689 440 677 411 708 378 c 1
 716 360 699 349 681 349 c 9
 444 349 l 25
 444 399 l 25
594 505 m 1
 840 505 l 1
 840 455 l 1
 594 455 l 1
 594 505 l 1
588 610 m 1
 852 610 l 1
 852 560 l 1
 588 560 l 1
 588 610 l 1
801 -78 m 25
 801 679 l 25
 588 679 l 25
 588 729 l 25
 801 729 l 25
 817 742 823 767 843 762 c 24
 878 752 895 731 912 699 c 24
 919 686 899 681 891 669 c 25
 891 -126 l 17
 879 -144 864 -162 840 -162 c 24
 818 -162 812 -141 795 -126 c 24
 774 -108 762 -97 741 -78 c 25
 801 -78 l 25
558 756 m 25
 601 736 637 740 669 705 c 24
 683 690 656 676 648 657 c 25
 648 480 l 17
 640 451 634 429 603 426 c 1
 579 428 568 452 558 480 c 9
 558 756 l 25
174 617 m 1
 432 617 l 1
 432 567 l 1
 174 567 l 1
 174 617 l 1
180 498 m 1
 420 498 l 1
 420 448 l 1
 180 448 l 1
 180 498 l 1
180 729 m 25
 372 729 l 25
 388 742 394 767 414 762 c 24
 449 752 466 731 483 699 c 24
 490 686 470 681 462 669 c 25
 462 492 l 17
 454 463 448 441 417 438 c 1
 393 440 382 464 372 492 c 9
 372 679 l 25
 180 679 l 25
 180 729 l 25
132 762 m 25
 175 742 211 746 243 711 c 24
 257 696 230 682 222 663 c 25
 222 -96 l 17
 214 -125 208 -147 177 -150 c 1
 153 -148 142 -124 132 -96 c 9
 132 762 l 25
EndSplineSet
EndChar
