Width: 1000
Flags: HW
LayerCount: 2
Fore
SplineSet
582 499 m 25
 885 499 l 25
 885 449 l 17
 582 449 l 9
 582 499 l 25
582 621 m 25
 876 621 l 25
 876 571 l 25
 582 571 l 25
 582 621 l 25
741 -62 m 25
 825 -62 l 25
 825 692 l 25
 561 692 l 25
 561 742 l 25
 825 742 l 25
 841 755 847 780 867 775 c 24
 902 765 919 744 936 712 c 24
 943 699 923 694 915 682 c 25
 915 -125 l 17
 897 -150 890 -183 861 -179 c 24
 825 -174 827 -133 801 -108 c 24
 780 -87 764 -80 741 -62 c 25
546 766 m 25
 589 746 625 750 657 715 c 24
 671 700 644 686 636 667 c 25
 636 484 l 17
 628 455 622 433 591 430 c 1
 567 432 556 456 546 484 c 9
 546 766 l 25
153 494 m 17
 411 494 l 9
 411 444 l 25
 153 444 l 25
 153 494 l 17
144 618 m 25
 393 618 l 25
 393 568 l 25
 144 568 l 25
 144 618 l 25
135 742 m 25
 348 742 l 25
 364 755 370 780 390 775 c 24
 425 765 442 744 459 712 c 24
 466 699 446 694 438 682 c 25
 438 472 l 17
 430 443 424 421 393 418 c 1
 369 420 358 444 348 472 c 9
 348 692 l 25
 135 692 l 25
 135 742 l 25
108 766 m 25
 151 746 187 750 219 715 c 24
 233 700 206 686 198 667 c 25
 198 -134 l 17
 190 -163 184 -185 153 -188 c 1
 129 -186 118 -162 108 -134 c 9
 108 766 l 25
612 480 m 25
 646 464 671 463 699 438 c 24
 722 418 737 400 738 369 c 24
 739 349 722 334 702 333 c 24
 681 332 673 349 659 364 c 24
 651 373 664 379 648 393 c 0
 633 406 626 446 612 480 c 25
726 267 m 25
 758 233 786 221 807 180 c 24
 813 169 786 177 777 168 c 24
 743 132 731 104 699 66 c 24
 653 11 629 -24 576 -72 c 24
 540 -105 516 -121 471 -141 c 24
 437 -156 414 -153 377 -161 c 25
 418 -129 445 -114 483 -78 c 24
 530 -34 554 -8 594 42 c 24
 627 84 644 109 671 155 c 24
 696 197 705 223 726 267 c 25
273 -132 m 24
 264 -136 255 -143 249 -135 c 24
 226 -104 225 -79 209 -44 c 25
 266 -35 297 -30 354 -21 c 24
 432 -9 476 -2 554 10 c 25
 522 -8 505 -20 472 -36 c 24
 439 -52 418 -58 385 -74 c 24
 341 -95 318 -112 273 -132 c 24
525 292 m 1
 525 459 l 25
 568 439 604 443 636 408 c 24
 650 393 623 379 615 360 c 25
 615 286 l 25
 620 225 612 189 627 129 c 24
 638 83 654 59 681 21 c 24
 705 -12 732 -51 756 -51 c 1
 781 -27 827 38 827 38 c 25
 817 -5 805 -28 802 -72 c 24
 801 -93 827 -105 817 -123 c 24
 806 -144 785 -150 762 -147 c 24
 724 -141 704 -127 675 -102 c 24
 642 -74 629 -52 606 -15 c 24
 579 29 562 55 549 105 c 24
 530 176 527 215 525 292 c 1
315 84 m 25
 463 84 l 25
 463 34 l 25
 315 34 l 25
 315 84 l 25
311 229 m 25
 404 229 l 25
 420 242 426 267 446 262 c 24
 481 252 498 231 515 199 c 24
 522 186 502 181 494 169 c 25
 494 80 l 17
 486 51 480 29 449 26 c 1
 425 28 414 52 404 80 c 9
 404 179 l 25
 311 179 l 25
 311 229 l 25
258 261 m 25
 301 241 337 245 369 210 c 24
 383 195 356 181 348 162 c 25
 348 71 l 17
 340 42 334 20 303 17 c 1
 279 19 268 43 258 71 c 9
 258 261 l 25
225 338 m 25
 653 338 l 25
 682 366 691 398 716 407 c 1
 742 403 784 350 815 317 c 1
 823 299 806 288 788 288 c 9
 225 288 l 25
 225 338 l 25
EndSplineSet
EndChar
