Width: 1000
Flags: H
TeX: 117 0
LayerCount: 2
Fore
SplineSet
323 258 m 25
 371 258 l 25
 410 217 426 188 470 153 c 24
 520 113 553 93 611 66 c 24
 670 38 708 33 770 12 c 25
 744 -4 728 -11 704 -30 c 24
 688 -42 687 -71 668 -66 c 24
 609 -51 582 -24 533 12 c 24
 478 53 449 80 404 132 c 24
 366 176 355 209 323 258 c 25
555 258 m 25
 654 258 l 25
 634 218 629 192 603 156 c 24
 570 109 548 83 504 45 c 24
 468 14 444 1 402 -21 c 24
 376 -35 359 -41 330 -48 c 24
 282 -60 253 -63 204 -72 c 25
 265 -35 303 -19 360 24 c 24
 419 69 453 96 501 153 c 24
 530 188 534 217 555 258 c 25
449 258 m 25
 449 408 l 25
 492 388 528 392 560 357 c 24
 574 342 547 328 539 309 c 25
 539 258 l 25
 449 258 l 25
251 282 m 25
 665 282 l 25
 665 282 687 313 711 322 c 1
 730 315 754 287 773 261 c 1
 781 243 765 232 747 232 c 9
 251 232 l 25
 251 282 l 25
587 484 m 1
 860 484 l 1
 860 434 l 1
 587 434 l 1
 587 484 l 1
587 606 m 1
 860 606 l 1
 860 556 l 1
 587 556 l 1
 587 606 l 1
812 -66 m 25
 812 679 l 25
 575 679 l 25
 575 729 l 25
 812 729 l 25
 828 742 834 767 854 762 c 24
 889 752 906 731 923 699 c 24
 930 686 910 681 902 669 c 25
 902 -90 l 17
 902 -111 892 -132 875 -153 c 24
 864 -167 852 -180 836 -174 c 24
 810 -164 810 -138 788 -120 c 24
 759 -96 739 -87 707 -66 c 25
 812 -66 l 25
548 759 m 25
 591 739 627 743 659 708 c 24
 673 693 646 679 638 660 c 25
 638 465 l 17
 630 436 624 414 593 411 c 1
 569 413 558 437 548 465 c 9
 548 759 l 25
134 477 m 1
 398 477 l 1
 398 427 l 1
 134 427 l 1
 134 477 l 1
113 603 m 1
 395 603 l 1
 395 553 l 1
 113 553 l 1
 113 603 l 1
122 735 m 25
 344 735 l 25
 360 748 366 773 386 768 c 24
 421 758 438 737 455 705 c 24
 462 692 442 687 434 675 c 25
 434 464 l 17
 426 435 420 413 389 410 c 1
 365 412 354 436 344 464 c 9
 344 685 l 25
 122 685 l 25
 122 735 l 25
98 765 m 25
 141 745 177 749 209 714 c 24
 223 699 196 685 188 666 c 25
 188 -108 l 17
 180 -137 174 -159 143 -162 c 1
 119 -160 108 -136 98 -108 c 9
 98 765 l 25
EndSplineSet
EndChar
