Width: 1000
Flags: H
TeX: 117 0
LayerCount: 2
Fore
SplineSet
564 152 m 1
 753 152 l 1
 753 102 l 1
 564 102 l 1
 564 152 l 1
549 390 m 25
 687 390 l 25
 703 403 709 428 729 423 c 24
 764 413 781 392 798 360 c 24
 805 347 785 342 777 330 c 25
 777 126 l 17
 769 97 763 75 732 72 c 1
 708 74 697 98 687 126 c 9
 687 340 l 25
 549 340 l 25
 549 390 l 25
519 423 m 25
 562.29 403.11 597.953 407.251 630 372 c 24
 643.745 356.881 617.19 342.72 609 324 c 25
 609 99 l 17
 601 70 595 48 564 45 c 1
 540 47 529 71 519 99 c 9
 519 423 l 25
822 -15 m 25
 822 544 l 25
 559 544 l 25
 559 594 l 25
 822 594 l 25
 838 607 844 632 864 627 c 24
 899 617 916 596 933 564 c 24
 940 551 920 546 912 534 c 25
 912 -42 l 25
 883 -75 871 -121 819 -126 c 24
 786 -129 791 -81 768 -57 c 24
 750 -38 735 -31 714 -15 c 25
 822 -15 l 25
555 750 m 25
 594.78 731.28 623.532 730.51 657 702 c 24
 665.817 694.489 640.174 691.804 636 681 c 24
 619.839 639.17 623.799 611.16 606 570 c 24
 586.01 523.772 572.885 497.146 540 459 c 24
 513.262 427.984 488.76 420.57 456 396 c 25
 480.57 460.35 500.448 494.664 519 561 c 24
 539.209 633.263 540.96 676.29 555 750 c 25
150 -129 m 24
 123.633 -90.5479 128.04 -59.46 114 -15 c 25
 194.73 -9.15039 240.395 -7.38362 321 0 c 24
 393.696 6.65918 434.46 12.8096 507 21 c 25
 477.75 1.11035 463.638 -14.1812 432 -30 c 24
 381.281 -55.3594 350.254 -64.5168 297 -84 c 24
 254.261 -99.6367 229.517 -106.679 186 -120 c 24
 172.162 -124.236 158.184 -140.936 150 -129 c 24
246 417 m 1
 336 417 l 1
 336 -36 l 1
 246 -36 l 1
 246 417 l 1
405 222 m 25
 431 189 460 178 471 138 c 24
 476 120 451 118 435 108 c 24
 384 76 353 62 300 33 c 25
 326 76 342 100 366 144 c 24
 383 174 390 192 405 222 c 25
123 213 m 25
 156 195 182 195 207 168 c 24
 230 143 241 121 240 87 c 24
 239 59 229 31 201 27 c 24
 176 23 169 52 159 75 c 24
 149 96 159 112 153 135 c 24
 145 167 135 183 123 213 c 25
123 324 m 25
 351 324 l 25
 351 324 374 360 399 369 c 1
 425 365 413 336 444 303 c 1
 452 285 435 274 417 274 c 9
 123 274 l 25
 123 324 l 25
183 453 m 25
 348 453 l 25
 348 453 371 489 396 498 c 1
 422 494 410 465 441 432 c 1
 449 414 432 403 414 403 c 9
 183 403 l 25
 183 453 l 25
279 675 m 25
 323.46 660.96 353.2 663.285 393 639 c 24
 424.851 619.565 442.899 601.936 456 567 c 24
 463.02 548.28 454.746 529.922 438 519 c 24
 421.312 508.116 403.248 510.469 387 522 c 24
 362.919 539.09 366.409 564.662 345 585 c 24
 318.649 610.033 297.42 616.11 267 636 c 25
 279 675 l 25
216 744 m 25
 255.78 725.28 286.912 727.088 318 696 c 24
 330.655 683.345 315.155 667.807 309 651 c 24
 284.644 584.488 275.465 544.312 240 483 c 24
 205.781 423.842 182.269 391.3 132 345 c 24
 91.8555 308.025 58.7998 301.08 12 273 c 25
 41.25 315.12 60.7624 336.941 87 381 c 24
 122.883 441.257 147.516 473.917 171 540 c 24
 198.281 616.77 198.45 664.44 216 744 c 25
EndSplineSet
EndChar
