Width: 1000
Flags: H
TeX: 117 0
LayerCount: 2
Fore
SplineSet
588 106 m 1
 783 106 l 1
 783 56 l 1
 588 56 l 1
 588 106 l 1
753 342 m 25
 796 322 832 326 864 291 c 24
 878 276 851 262 843 243 c 25
 843 54 l 17
 835 25 829 3 798 0 c 1
 774 2 763 26 753 54 c 9
 753 342 l 25
561 342 m 25
 604 322 640 326 672 291 c 24
 686 276 659 262 651 243 c 25
 651 27 l 17
 643 -2 637 -24 606 -27 c 1
 582 -25 571 -1 561 27 c 9
 561 342 l 25
657 429 m 1
 747 429 l 1
 747 84 l 1
 657 84 l 1
 657 429 l 1
750 633 m 25
 783.93 611.94 809.344 607.809 837 579 c 24
 843.97 571.739 827.85 566.19 822 558 c 25
 802.11 525.24 797.463 501.723 771 474 c 24
 747.021 448.88 725.25 444.72 696 426 c 25
 711.21 468.12 723.696 490.668 735 534 c 24
 744.857 571.786 744.15 594.39 750 633 c 25
582 630 m 25
 618.27 597.24 648.254 586.906 675 546 c 24
 690.486 522.315 692.064 501.125 684 474 c 24
 677.63 452.574 664.292 433.349 642 435 c 24
 618.84 436.716 610.532 458.031 603 480 c 24
 595.401 502.163 609.248 516.797 606 540 c 24
 600.963 575.976 591.36 594.9 582 630 c 25
555 462 m 25
 792 462 l 25
 792 462 815 498 840 507 c 1
 866 503 854 474 885 441 c 1
 893 423 876 412 858 412 c 9
 555 412 l 25
 555 462 l 25
852 -57 m 25
 852 652 l 25
 489 652 l 25
 489 702 l 25
 852 702 l 25
 868.38 714.87 873.891 740.435 894 735 c 24
 929.178 725.492 946.287 704.381 963 672 c 24
 969.55 659.309 950.19 653.7 942 642 c 25
 942 -60 l 17
 933 -102 914.934 -136.83 873 -156 c 24
 851.719 -165.729 854.249 -123.812 837 -108 c 24
 811.634 -84.748 793.08 -76.8896 765 -57 c 25
 852 -57 l 25
456 741 m 25
 499.29 721.11 534.953 725.251 567 690 c 24
 580.745 674.881 554.19 660.72 546 642 c 25
 546 -96 l 17
 538 -125 532 -147 501 -150 c 1
 477 -148 466 -124 456 -96 c 9
 456 741 l 25
462 3 m 25
 430.41 -19.2305 417.875 -42.498 381 -54 c 24
 287.893 -83.043 230.481 -79.1084 135 -99 c 24
 117.973 -102.548 105.702 -125.883 93 -114 c 24
 60.5205 -83.6162 61.8896 -51.7803 42 -12 c 25
 462 3 l 25
357 261 m 25
 390.93 230.58 423.184 223.537 444 183 c 24
 451.945 167.527 425.7 162.87 414 150 c 25
 383.58 117.24 370.979 93.8398 336 66 c 24
 312.661 47.4238 293.91 45.8701 267 33 c 25
 289.23 83.3096 303.805 110.839 324 162 c 24
 338.943 199.855 344.13 222.39 357 261 c 25
72 258 m 25
 103.59 238.11 131.807 237.73 153 207 c 24
 181.57 165.573 192 134.29 192 84 c 24
 192 63.1826 179.815 42 159 42 c 24
 136.665 42 126.293 60.6709 117 81 c 24
 106.254 104.507 117.369 121.951 111 147 c 24
 99.6943 191.47 87.21 214.71 72 258 c 25
207 462 m 1
 297 462 l 1
 297 -60 l 1
 207 -60 l 1
 207 462 l 1
75 360 m 25
 330 360 l 25
 330 360 353 396 378 405 c 1
 404 401 392 372 423 339 c 1
 431 321 414 310 396 310 c 9
 75 310 l 25
 75 360 l 25
120 483 m 25
 327 483 l 25
 327 483 350 519 375 528 c 1
 401 524 389 495 420 462 c 1
 428 444 411 433 393 433 c 9
 120 433 l 25
 120 483 l 25
258 747 m 25
 307.14 715.41 345.047 709.535 384 666 c 24
 408.435 638.69 420.562 611.376 411 576 c 24
 404.819 553.13 374.922 543.886 354 555 c 24
 325.798 569.982 333.815 601.196 315 627 c 24
 292.557 657.779 274.74 670.92 249 699 c 25
 258 747 l 25
210 777 m 25
 243.93 759.45 269.988 759.012 297 732 c 24
 305.91 723.09 289.68 713.7 285 702 c 25
 268.62 663.39 264.917 638.759 243 603 c 24
 219.985 565.449 204.834 544.195 171 516 c 24
 119.642 473.201 83.1602 459.27 27 423 c 25
 65.6104 479.16 91.5498 508.196 126 567 c 24
 159.592 624.338 176.32 658.3 201 720 c 24
 209.358 740.896 206.49 754.77 210 777 c 25
EndSplineSet
EndChar
