Width: 1000
Flags: HW
LayerCount: 2
Fore
SplineSet
375 243 m 25
 407 214 434 205 456 168 c 24
 462 157 441 155 432 147 c 25
 404 125 387 114 360 90 c 24
 324 58 305 39 270 6 c 25
 261 57 l 25
 291 103 310 127 339 174 c 24
 355 200 361 216 375 243 c 25
120 -105 m 24
 105 -109 95 -131 84 -120 c 24
 55 -91 57 -61 39 -24 c 25
 468 21 l 17
 429 -21 406 -28 360 -45 c 24
 269 -78 213 -80 120 -105 c 24
207 444 m 1
 297 444 l 1
 297 -36 l 1
 207 -36 l 1
 207 444 l 1
69 216 m 25
 106 197 135 197 165 168 c 24
 189 145 197 123 201 90 c 24
 204 67 201 47 183 33 c 24
 168 21 146 24 135 39 c 24
 115 65 128 90 117 120 c 24
 102 159 88 179 69 216 c 25
45 315 m 25
 360 315 l 25
 360 315 383 351 408 360 c 1
 434 356 422 327 453 294 c 1
 461 276 444 265 426 265 c 9
 45 265 l 25
 45 315 l 25
123 462 m 25
 330 462 l 25
 330 462 353 498 378 507 c 1
 404 503 392 474 423 441 c 1
 431 423 414 412 396 412 c 9
 123 412 l 25
 123 462 l 25
258 729 m 25
 305 710 336 709 378 681 c 24
 412 658 435 640 447 600 c 24
 454 577 440 552 417 546 c 24
 395 540 386 564 369 579 c 24
 350 596 343 610 324 627 c 24
 298 650 280 660 252 681 c 25
 258 729 l 25
222 771 m 25
 256 752 280 749 309 723 c 24
 316 717 302 710 297 702 c 25
 281 665 277 641 255 606 c 24
 220 550 201 516 153 471 c 24
 104 424 65 411 9 372 c 25
 37 409 57 428 81 468 c 24
 123 540 142 584 177 660 c 24
 197 702 204 728 222 771 c 25
849 738 m 25
 874 699 901 683 912 639 c 24
 916 625 890 635 876 633 c 25
 778 619 723 610 625 597 c 24
 576 591 548 590 499 585 c 25
 499 621 l 25
 606 651 667 664 772 699 c 24
 804 710 819 723 849 738 c 25
721 105 m 25
 757 90 779 85 813 66 c 24
 849 45 873 35 900 3 c 24
 925 -27 940 -48 942 -87 c 24
 944 -111 932 -134 909 -138 c 24
 880 -142 862 -124 843 -102 c 24
 812 -66 810 -35 786 6 c 24
 763 46 746 66 721 105 c 25
552 126 m 25
 585 93 617 84 636 42 c 24
 643 26 619 20 606 9 c 24
 572 -20 552 -34 516 -60 c 24
 481 -85 463 -101 425 -120 c 24
 396 -135 377 -136 346 -147 c 25
 378 -111 398 -92 429 -54 c 24
 464 -12 484 12 515 57 c 24
 532 82 537 99 552 126 c 25
720 438 m 25
 800 438 l 25
 800 177 l 25
 720 177 l 25
 720 438 l 25
379 189 m 25
 850 189 l 25
 850 189 885 249 907 258 c 1
 930 254 967 201 995 168 c 1
 1002 150 987 139 971 139 c 9
 378 139 l 25
 379 189 l 25
510 461 m 25
 775 461 l 25
 801 489 809 521 831 530 c 1
 854 526 891 473 919 440 c 1
 926 422 911 411 895 411 c 9
 509 411 l 25
 510 461 l 25
481 678 m 25
 520 658 553 661 580 627 c 24
 593 611 568 598 561 579 c 25
 561 165 l 25
 481 165 l 25
 481 678 l 25
EndSplineSet
EndChar
