Width: 1000
Flags: H
TeX: 117 0
LayerCount: 2
Fore
SplineSet
588 -66 m 1
 855 -66 l 1
 855 -116 l 1
 588 -116 l 1
 588 -66 l 1
579 225 m 25
 816 225 l 25
 832 238 838 263 858 258 c 24
 893 248 910 227 927 195 c 24
 934 182 914 177 906 165 c 25
 906 -96 l 17
 898 -125 892 -147 861 -150 c 1
 837 -148 826 -124 816 -96 c 9
 816 175 l 25
 579 175 l 25
 579 225 l 25
555 254 m 25
 598 234 634 238 666 203 c 24
 680 188 653 174 645 155 c 25
 645 -102 l 17
 637 -131 631 -153 600 -156 c 1
 576 -154 565 -130 555 -102 c 9
 555 254 l 25
549 486 m 25
 594 463 625 458 663 425 c 24
 690 403 703 383 709 348 c 24
 714 321 707 300 687 283 c 24
 673 273 657 286 645 298 c 24
 617 328 614 353 590 386 c 24
 569 414 554 427 531 452 c 25
 549 486 l 25
801 559 m 25
 579 559 l 25
 579 609 l 25
 798 609 l 25
 820 620 832 645 855 636 c 24
 888 624 900 600 912 567 c 24
 917 555 891 540 891 540 c 9
 870 500 861 476 837 438 c 24
 802 383 783 352 741 303 c 24
 693 247 667 214 609 168 c 24
 550 122 510 96 444 69 c 9
 497 130 525 165 579 225 c 24
 612 262 637 278 666 318 c 24
 705 372 720 407 753 465 c 24
 773 501 782 522 801 559 c 25
591 750 m 9
 633 731 665 733 699 702 c 24
 710 692 685 685 678 672 c 24
 658 633 652 608 630 570 c 24
 598 514 582 481 540 432 c 24
 506 393 489 375 438 348 c 9
 472 426 495 469 525 549 c 24
 554 626 570 669 591 750 c 9
117 -165 m 24
 90 -130 91 -101 75 -60 c 25
 170 -55 223 -53 318 -48 c 24
 403 -44 452 -41 537 -36 c 25
 464 -62 424 -79 351 -102 c 24
 273 -127 229 -138 150 -159 c 24
 137 -162 125 -175 117 -165 c 24
402 222 m 25
 435 196 461 189 486 156 c 24
 493 147 478 141 471 132 c 24
 446 102 434 83 405 57 c 24
 369 24 345 11 306 -18 c 25
 325 29 335 55 354 102 c 24
 373 149 383 175 402 222 c 25
99 207 m 17
 141 180 170 169 198 129 c 24
 222 95 226 68 225 27 c 24
 225 9 213 -5 195 -9 c 24
 177 -13 159 -7 150 9 c 24
 129 46 136 73 126 114 c 24
 117 151 110 171 99 207 c 17
239 447 m 1
 329 447 l 1
 329 -90 l 1
 239 -90 l 1
 239 447 l 1
81 309 m 25
 378 309 l 25
 378 309 400 340 424 349 c 1
 443 342 467 314 486 288 c 1
 494 270 478 259 460 259 c 9
 81 259 l 25
 81 309 l 25
144 474 m 25
 342 474 l 25
 342 474 364 505 388 514 c 1
 407 507 431 479 450 453 c 1
 458 435 442 424 424 424 c 9
 144 424 l 25
 144 474 l 25
281 709 m 25
 329 685 360 679 403 647 c 24
 437 622 466 606 473 565 c 24
 478 538 454 517 427 511 c 24
 406 506 397 528 381 543 c 24
 353 569 341 588 313 614 c 24
 291 635 276 644 252 663 c 25
 281 709 l 25
246 765 m 25
 275 739 302 733 321 699 c 24
 328 687 308 681 300 669 c 24
 259 613 239 580 195 526 c 24
 167 492 151 472 117 444 c 24
 80 413 60 399 14 376 c 9
 44 425 61 452 90 501 c 24
 127 562 147 596 183 657 c 24
 208 699 221 723 246 765 c 25
EndSplineSet
EndChar
