Width: 1000
Flags: H
TeX: 117 0
LayerCount: 2
Fore
SplineSet
498 206 m 1
 849 206 l 1
 849 156 l 1
 498 156 l 1
 498 206 l 1
813 492 m 25
 856 472 892 476 924 441 c 24
 938 426 911 412 903 393 c 25
 903 171 l 17
 895 142 889 120 858 117 c 1
 834 119 823 143 813 171 c 9
 813 492 l 25
474 471 m 25
 517 451 553 455 585 420 c 24
 599 405 572 391 564 372 c 25
 564 150 l 17
 556 121 550 99 519 96 c 1
 495 98 484 122 474 150 c 9
 474 471 l 25
843 660 m 25
 867.57 626.07 893.851 613.092 906 573 c 24
 909.972 559.895 886.209 564.615 873 561 c 24
 775.009 534.182 720.988 512.998 621 495 c 24
 544.783 481.281 500.22 485.85 423 480 c 25
 502.56 509.25 549.087 521.609 627 555 c 24
 713.093 591.896 758.76 619.05 843 660 c 25
642 -90 m 9
 642 771 l 25
 685.29 751.11 720.953 755.251 753 720 c 24
 766.745 704.881 740.19 690.72 732 672 c 25
 732 -27 l 17
 732 -48 736.376 -56.2744 756 -66 c 9
 828 -66 l 25
 844.38 -56.6396 859.106 -57.4024 870 -42 c 24
 894.491 -7.375 897.45 18.3896 915 57 c 25
 917.34 11.3701 910.535 -15.5244 921 -60 c 24
 925.186 -77.79 953.779 -77.9365 951 -96 c 24
 947.478 -118.896 925.38 -121.62 909 -138 c 25
 708 -138 l 17
 657.265 -138 651 -117 642 -90 c 9
159 -168 m 24
 130.871 -139.871 129.72 -113.1 111 -78 c 25
 162.48 -69.8096 191.77 -66.6299 243 -57 c 24
 347.41 -37.374 405.87 -24.0596 510 -3 c 25
 463.2 -36.9297 442.182 -65.1289 390 -90 c 24
 315.52 -125.5 267.172 -129.604 189 -156 c 24
 177.061 -160.031 167.91 -176.91 159 -168 c 24
240 402 m 1
 330 402 l 1
 330 -87 l 1
 240 -87 l 1
 240 402 l 1
303 9 m 25
 303 57 l 25
 393 195 l 25
 424.59 171.6 453.268 168.401 474 135 c 24
 481.854 122.348 458.988 116.834 447 108 c 24
 392.134 67.5723 359.16 47.6104 303 9 c 25
117 180 m 25
 153.27 156.6 185.576 155.589 210 120 c 24
 230.693 89.8467 234.171 61.4854 222 27 c 24
 215.661 9.04004 188.334 5.45801 174 18 c 24
 151.725 37.4912 159.824 62.0791 150 90 c 24
 137.592 125.266 129.87 144.9 117 180 c 25
117 278 m 25
 363 278 l 25
 363 278 386 314 411 323 c 1
 437 319 425 290 456 257 c 1
 464 239 447 228 429 228 c 9
 117 228 l 25
 117 278 l 25
162 429 m 25
 345 429 l 25
 345 429 368 465 393 474 c 1
 419 470 407 441 438 408 c 1
 446 390 429 379 411 379 c 9
 162 379 l 25
 162 429 l 25
270 687 m 25
 323.82 665.94 360.653 666.143 408 633 c 24
 434.632 614.357 450.878 593.496 450 561 c 24
 449.373 537.785 427.89 518.076 405 522 c 24
 373.188 527.453 369.931 558.501 345 579 c 24
 317.159 601.891 299.25 611.94 270 633 c 25
 270 687 l 25
204 735 m 25
 249.63 719.79 283.219 725.767 321 696 c 24
 334.158 685.633 309.125 672.592 303 657 c 24
 283.372 607.037 278.381 576.32 255 528 c 24
 225.544 467.124 212.071 429.296 168 378 c 24
 138.816 344.032 109.44 339.57 72 315 c 25
 96.5703 362.97 114.899 387.993 135 438 c 24
 163.013 507.689 178.003 547.84 195 621 c 24
 205.093 664.441 204 690.54 204 735 c 25
EndSplineSet
EndChar
