Width: 1000
Flags: H
TeX: 117 0
LayerCount: 2
Fore
SplineSet
717 729 m 25
 760 709 796 713 828 678 c 24
 842 663 815 649 807 630 c 25
 807 486 l 17
 799 457 793 435 762 432 c 1
 738 434 727 458 717 486 c 9
 717 729 l 25
531 735 m 25
 574 715 610 719 642 684 c 24
 656 669 629 655 621 636 c 25
 621 483 l 17
 613 454 607 432 576 429 c 1
 552 431 541 455 531 483 c 9
 531 735 l 25
429 615 m 25
 873 615 l 25
 873 615 896 651 921 660 c 1
 947 656 935 627 966 594 c 1
 974 576 957 565 939 565 c 9
 429 565 l 25
 429 615 l 25
642 288 m 25
 642 438 l 25
 685 418 721 422 753 387 c 24
 767 372 740 358 732 339 c 25
 732 288 l 25
 642 288 l 25
495 -81 m 9
 495 282 l 25
 585 282 l 25
 585 0 l 17
 581.164 -23.292 605.104 -38.0059 624 -42 c 9
 909 -42 l 17
 927 -57 945.213 -67.5107 942 -90 c 24
 938.821 -112.249 914.55 -111.96 897 -126 c 25
 549 -126 l 17
 519.932 -120.606 504 -108 495 -81 c 9
426 306 m 25
 801 306 l 25
 830 334 839 366 864 375 c 1
 890 371 932 318 963 285 c 1
 971 267 954 256 936 256 c 9
 426 256 l 25
 426 306 l 25
153 -129 m 24
 138.049 -133.485 123.231 -150.588 114 -138 c 24
 90.334 -105.728 97.5303 -77.6104 87 -39 c 25
 140.82 -31.9805 171.08 -27.2031 225 -21 c 24
 303.3 -11.9922 347.61 -8.19043 426 0 c 25
 374.52 -32.7598 349.171 -57.9307 294 -84 c 24
 241.811 -108.661 208.288 -112.413 153 -129 c 24
375 231 m 25
 403.08 204.09 432.191 197.963 447 162 c 24
 453.622 145.917 428.7 141.87 417 129 c 25
 294 15 l 1
 285 36 l 25
 306.06 80.46 318.384 105.332 339 150 c 24
 353.486 181.388 360.96 199.41 375 231 c 25
219 435 m 1
 309 435 l 1
 309 -48 l 1
 219 -48 l 1
 219 435 l 1
93 210 m 25
 126.93 187.77 152.426 182.751 180 153 c 24
 198.904 132.603 207 114.811 207 87 c 24
 207 63.4541 201.228 43.1895 180 33 c 24
 161.976 24.3486 143.727 34.8066 132 51 c 24
 115.849 73.3047 123.561 93.2539 117 120 c 24
 108.347 155.281 102.36 174.9 93 210 c 25
78 327 m 25
 354 327 l 25
 354 327 377 363 402 372 c 1
 428 368 416 339 447 306 c 1
 455 288 438 277 420 277 c 9
 78 277 l 25
 78 327 l 25
123 468 m 25
 336 468 l 25
 336 468 359 504 384 513 c 1
 410 509 398 480 429 447 c 1
 437 429 420 418 402 418 c 9
 123 418 l 25
 123 468 l 25
234 678 m 25
 287.82 666.3 321.1 669.039 372 648 c 24
 410.715 631.998 439.919 622.294 459 585 c 24
 471.303 560.953 460.607 533.782 438 519 c 24
 418.761 506.421 401.469 523.538 381 534 c 24
 348.055 550.839 335.124 569.644 303 588 c 24
 277.522 602.559 260.91 606.3 234 618 c 25
 234 678 l 25
180 720 m 25
 224.46 703.62 258.342 709.201 294 678 c 24
 307.411 666.265 283.02 652.38 276 636 c 25
 259.62 589.2 254.188 561.288 234 516 c 24
 210.77 463.889 195.176 435.422 165 387 c 24
 144.702 354.429 134.14 333.977 105 309 c 24
 75.5771 283.781 51.9297 279.72 18 261 c 25
 37.8896 298.44 52.3457 318.013 69 357 c 24
 103.913 438.729 124.012 485.011 150 570 c 24
 167.445 627.051 168.3 661.5 180 720 c 25
EndSplineSet
EndChar
