Width: 1000
Flags: HW
LayerCount: 2
Fore
SplineSet
144 -129 m 24
 129.856 -134.596 117.697 -155.718 108 -144 c 24
 81.1045 -111.501 86.04 -81.7803 72 -42 c 25
 126.99 -34.9805 158.458 -33.9167 213 -24 c 24
 325.881 -3.47656 388.68 12.5996 501 36 c 25
 454.2 7.91992 430.542 -13.1025 381 -36 c 24
 290.869 -77.6572 236.329 -92.4743 144 -129 c 24
228 438 m 25
 318 438 l 25
 318 -45 l 25
 228 -45 l 25
 228 438 l 25
294 18 m 25
 285 57 l 25
 387 231 l 25
 418.59 207.6 451.375 206.624 468 171 c 24
 476.115 153.611 443.411 153.672 429 141 c 24
 375.512 93.9668 346.65 65.9697 294 18 c 25
93 210 m 25
 117.57 188.94 136.133 181.544 156 156 c 24
 177.847 127.911 195.523 110.498 198 75 c 24
 199.581 52.3379 187.136 32.1083 165 27 c 24
 144.447 22.2568 129.787 38.3154 120 57 c 24
 102.217 90.9502 105.66 115.258 99 153 c 24
 95.1152 175.013 95.3398 187.77 93 210 c 25
69 308 m 25
 375 308 l 25
 375 308 398 344 423 353 c 1
 449 349 437 320 468 287 c 1
 476 269 459 258 441 258 c 9
 69 258 l 25
 69 308 l 25
147 468 m 25
 330 468 l 25
 330 468 353 504 378 513 c 1
 404 509 392 480 423 447 c 1
 431 429 414 418 396 418 c 9
 147 418 l 25
 147 468 l 25
264 687 m 25
 313.14 670.62 344.988 670.632 390 645 c 24
 431.035 621.633 458.539 606.063 480 564 c 24
 491.996 540.487 489.858 506.878 465 498 c 24
 436.416 487.791 420.841 516.559 396 534 c 24
 365.464 555.44 353.2 573.773 324 597 c 24
 301.646 614.781 287.4 622.62 264 639 c 25
 264 687 l 25
237 741 m 25
 273.27 722.28 300.578 721.29 330 693 c 24
 338.683 684.65 321.384 676.215 315 666 c 24
 286.274 620.038 271.843 592.86 240 549 c 24
 209.724 507.299 195.536 480.055 156 447 c 24
 122.68 419.142 95.6104 415.89 57 396 c 25
 82.7402 433.44 100.563 452.492 123 492 c 24
 154.524 547.511 168.426 580.957 195 639 c 24
 212.908 678.115 220.62 701.22 237 741 c 25
807 375 m 25
 837.42 338.73 868.247 326.275 885 282 c 24
 890.555 267.318 862.435 272.117 849 264 c 24
 806.219 238.153 785.482 217.797 741 195 c 24
 691.501 169.632 661.94 158.059 609 141 c 24
 556.329 124.028 524.82 120.87 471 108 c 25
 538.86 153.63 579.347 176.248 645 225 c 24
 697.679 264.117 725.855 288.421 774 333 c 24
 789.285 347.153 794.13 358.62 807 375 c 25
564 -93 m 9
 564 456 l 25
 607.29 436.11 642.953 440.251 675 405 c 24
 688.745 389.881 662.19 375.72 654 357 c 25
 654 -15 l 17
 663 -36 654 -45 684 -54 c 9
 849 -54 l 25
 858.36 -32.9404 864.518 -21.4288 873 0 c 24
 886.76 34.7607 893.13 54.9004 906 90 c 25
 909.51 49.0498 909.517 25.7324 915 -15 c 24
 917.726 -35.251 919.511 -46.9892 927 -66 c 24
 934.872 -85.9834 961.026 -93.7033 954 -114 c 24
 946.119 -136.767 927 -135 900 -144 c 9
 615 -144 l 17
 583 -144 568 -117 564 -93 c 9
642 555 m 25
 642 753 l 25
 685 733 721 737 753 702 c 24
 767 687 740 673 732 654 c 25
 732 555 l 25
 642 555 l 25
864 529 m 25
 507 529 l 25
 507 579 l 25
 885 579 l 25
 900.21 589.53 908.18 615.588 924 606 c 24
 959.248 584.638 973.735 558.918 984 519 c 24
 987.651 504.802 963.87 508.02 951 501 c 25
 843 432 l 25
 864 529 l 25
501 633 m 25
 518.55 599.07 540.951 583.865 546 546 c 24
 550.914 509.143 545.625 483.938 525 453 c 24
 511.62 432.931 491.252 422.586 468 429 c 24
 446.72 434.87 436.869 454.953 438 477 c 24
 439.555 507.312 462.634 517.855 474 546 c 24
 487.304 578.941 490.47 599.07 501 633 c 25
EndSplineSet
EndChar
