Width: 1000
Flags: H
TeX: 117 0
LayerCount: 2
Fore
SplineSet
762 97 m 25
 744 130 l 25
 776 162 795 178 825 211 c 24
 855 244 871 264 900 298 c 25
 927 261 954 232 969 202 c 0
 978 183 948 186 933 178 c 24
 867 145 829 129 762 97 c 25
657 325 m 25
 711 325 l 25
 736 256 740 212 774 147 c 24
 807 84 834 52 882 0 c 24
 916 -37 944 -49 984 -81 c 25
 955 -97 938 -106 909 -123 c 24
 895 -131 887 -158 876 -147 c 24
 814 -87 789 -42 747 33 c 24
 714 92 704 130 684 195 c 24
 669 244 668 274 657 325 c 25
459 -56 m 25
 798 10 l 25
 831 -29 l 25
 769 -54 734 -67 672 -92 c 24
 625 -111 600 -126 552 -143 c 24
 538 -148 524 -160 513 -149 c 24
 482 -120 480 -92 459 -56 c 25
562 353 m 25
 849 353 l 25
 849 303 l 25
 562 303 l 25
 562 353 l 25
558 538 m 25
 846 538 l 25
 846 488 l 25
 558 488 l 25
 558 538 l 25
549 697 m 25
 789 697 l 25
 805 710 811 735 831 730 c 24
 866 720 883 699 900 667 c 24
 907 654 887 649 879 637 c 25
 879 334 l 17
 871 305 865 283 834 280 c 1
 810 282 799 306 789 334 c 9
 789 647 l 25
 549 647 l 25
 549 697 l 25
526 -83 m 25
 526 732 l 25
 569 712 605 716 637 681 c 24
 651 666 624 652 616 633 c 25
 616 -83 l 25
 526 -83 l 25
318 -21 m 9
 341 29 355 57 378 108 c 24
 398 152 407 178 426 222 c 25
 458 194 485 186 507 150 c 24
 514 139 492 136 483 126 c 16
 483 126 445 79 417 54 c 24
 381 22 318 -21 318 -21 c 9
117 195 m 17
 171 168 190 161 221 123 c 24
 243 95 253 71 247 35 c 24
 244 13 224 -5 201 -2 c 24
 175 2 168 25 155 49 c 24
 144 69 147 85 141 108 c 24
 132 142 126 161 117 195 c 17
84 -66 m 25
 161 -54 205 -48 282 -36 c 24
 372 -22 423 -14 513 0 c 17
 453 -45 428 -55 369 -81 c 24
 291 -115 243 -127 162 -153 c 24
 148 -157 136 -170 126 -159 c 24
 99 -129 100 -102 84 -66 c 25
252 447 m 25
 342 447 l 25
 342 -54 l 25
 252 -54 l 25
 252 447 l 25
69 312 m 25
 429 312 l 25
 429 312 451 343 475 352 c 1
 494 345 518 317 537 291 c 1
 545 273 529 262 511 262 c 9
 69 262 l 25
 69 312 l 25
156 471 m 25
 375 471 l 25
 375 471 397 502 421 511 c 1
 440 504 464 476 483 450 c 1
 491 432 475 421 457 421 c 9
 156 421 l 25
 156 471 l 25
297 720 m 25
 338 700 365 695 402 669 c 24
 443 641 477 628 495 582 c 24
 505 556 487 525 459 519 c 0
 444 516 421 542 399 561 c 24
 369 587 356 606 327 633 c 24
 307 651 294 659 273 675 c 25
 297 720 l 25
249 780 m 25
 291 755 324 753 357 717 c 24
 367 707 340 702 332 691 c 24
 301 648 289 621 258 579 c 24
 212 517 190 479 135 425 c 24
 102 392 87 378 35 358 c 9
 67 414 88 444 118 501 c 24
 156 571 176 612 210 684 c 24
 227 721 234 743 249 780 c 25
EndSplineSet
EndChar
