Width: 1000
Flags: HW
LayerCount: 2
Fore
SplineSet
635 309 m 9
 679 342 706 358 749 393 c 24
 795 430 819 453 863 492 c 25
 895 464 927 459 944 420 c 24
 951 404 921 404 905 396 c 24
 854 369 828 348 773 330 c 24
 721 313 683 306 635 309 c 9
814 652 m 25
 843 616 877 604 889 559 c 24
 894 540 860 548 844 538 c 24
 819 522 809 508 784 493 c 24
 746 470 724 455 682 439 c 24
 652 428 633 430 601 424 c 25
 645 467 673 490 715 535 c 24
 756 579 775 606 814 652 c 25
746 783 m 25
 780 753 812 745 833 705 c 24
 840 691 813 690 800 681 c 24
 757 651 736 628 689 606 c 24
 646 586 618 588 572 576 c 25
 595 601 609 614 632 639 c 24
 663 673 682 690 710 726 c 24
 726 747 732 761 746 783 c 25
410 450 m 25
 445 434 472 434 500 408 c 24
 526 384 545 362 542 327 c 24
 539 300 515 288 488 282 c 24
 474 279 470 296 464 309 c 24
 452 338 454 358 443 387 c 24
 433 413 423 425 410 450 c 25
179 282 m 24
 162 278 149 251 137 264 c 24
 109 294 115 324 101 363 c 25
 152 365 182 367 233 369 c 24
 322 373 372 374 461 378 c 25
 476 348 l 25
 360 322 294 311 179 282 c 24
230 468 m 1
 320 468 l 1
 278 333 l 1
 188 333 l 1
 230 468 l 1
218 576 m 25
 404 576 l 25
 404 576 427 612 452 621 c 1
 478 617 466 588 497 555 c 1
 505 537 488 526 470 526 c 9
 218 526 l 25
 218 576 l 25
208 654 m 25
 407 654 l 25
 407 654 430 690 455 699 c 1
 481 695 469 666 500 633 c 1
 508 615 491 604 473 604 c 9
 208 604 l 25
 208 654 l 25
212 735 m 25
 431 735 l 25
 431 735 454 771 479 780 c 1
 505 776 493 747 524 714 c 1
 532 696 515 685 497 685 c 9
 212 685 l 25
 212 735 l 25
179 465 m 25
 179 774 l 25
 222 754 258 758 290 723 c 24
 304 708 277 694 269 675 c 25
 269 465 l 25
 179 465 l 25
44 492 m 25
 419 492 l 25
 448 520 457 552 482 561 c 1
 508 557 550 504 581 471 c 1
 589 453 572 442 554 442 c 9
 44 442 l 25
 44 492 l 25
554 -127 m 25
 554 333 l 25
 597 313 633 317 665 282 c 24
 679 267 652 253 644 234 c 25
 644 -127 l 25
 554 -127 l 25
392 -132 m 25
 392 335 l 25
 435 315 471 319 503 284 c 24
 517 269 490 255 482 236 c 25
 482 -132 l 25
 392 -132 l 25
285 -111 m 25
 775 -111 l 25
 775 -161 l 25
 285 -161 l 25
 285 -111 l 25
287 80 m 25
 777 80 l 25
 777 30 l 25
 287 30 l 25
 287 80 l 25
252 224 m 25
 732 224 l 25
 748.38 236.87 753.891 262.435 774 257 c 24
 809.178 247.492 826.287 226.381 843 194 c 24
 849.55 181.309 830.19 175.7 822 164 c 25
 822 -123 l 17
 814 -152 808 -174 777 -177 c 1
 753 -175 742 -151 732 -123 c 9
 732 174 l 25
 252 174 l 25
 252 224 l 25
219 252 m 25
 262 232 298 236 330 201 c 24
 344 186 317 172 309 153 c 25
 309 -136 l 17
 301 -165 295 -187 264 -190 c 1
 240 -188 229 -164 219 -136 c 9
 219 252 l 25
EndSplineSet
EndChar
