Width: 1000
Flags: H
TeX: 117 0
LayerCount: 2
Fore
SplineSet
777 -54 m 25
 777 34 l 25
 183 34 l 25
 183 84 l 25
 777 84 l 25
 793 97 799 122 819 117 c 24
 854 107 871 86 888 54 c 24
 895 41 875 36 867 24 c 25
 867 -78 l 17
 852 -114 836 -148 795 -156 c 24
 767 -162 768 -120 747 -102 c 24
 721 -80 703 -73 675 -54 c 25
 777 -54 l 25
516 393 m 25
 559 373 595 377 627 342 c 24
 641 327 614 313 606 294 c 25
 606 -135 l 17
 598 -164 592 -186 561 -189 c 1
 537 -187 526 -163 516 -135 c 9
 516 393 l 25
336 24 m 25
 336 378 l 25
 379 358 415 362 447 327 c 24
 461 312 434 298 426 279 c 25
 426 0 l 17
 420 -30 399 -63 366 -87 c 8
 326 -121 298 -135 249 -153 c 24
 197 -172 165 -169 111 -180 c 25
 159 -153 190 -144 234 -111 c 24
 269 -85 286 -65 312 -30 c 24
 326 -12 327 3 336 24 c 25
177 202 m 25
 735 202 l 25
 735 152 l 25
 177 152 l 25
 177 202 l 25
147 231 m 25
 190 211 226 215 258 180 c 24
 272 165 245 151 237 132 c 25
 237 30 l 17
 229 1 223 -21 192 -24 c 1
 168 -22 157 2 147 30 c 9
 147 231 l 25
156 306 m 25
 690 306 l 25
 706 319 712 344 732 339 c 24
 767 329 784 308 801 276 c 24
 808 263 788 258 780 246 c 25
 780 174 l 17
 772 145 766 123 735 120 c 1
 711 122 700 146 690 174 c 9
 690 256 l 25
 156 256 l 25
 156 306 l 25
846 594 m 25
 876.42 557.73 905.793 544.696 924 501 c 24
 929.438 487.95 903.274 493.014 891 486 c 24
 837.689 455.537 811.767 430.69 756 405 c 24
 706.934 382.396 676.665 375.038 624 363 c 24
 594.257 356.201 576.42 359.34 546 357 c 25
 599.82 389.76 631.969 405.467 684 441 c 24
 728.064 471.093 753.206 488.361 792 525 c 24
 816.843 548.463 824.94 567.09 846 594 c 25
771 696 m 25
 795.57 670.26 823.076 663.865 834 630 c 24
 839.105 614.174 813.87 613.53 801 603 c 24
 775.26 581.94 762.378 567.881 735 549 c 24
 694.364 520.976 672.586 501.936 627 483 c 24
 595.203 469.792 573.93 473.85 540 468 c 25
 591.48 514.8 622.484 539.127 672 588 c 24
 712.666 628.139 732.39 653.88 771 696 c 25
678 801 m 25
 709.59 778.77 737.831 776.311 759 744 c 24
 767.211 731.467 746.323 723.813 735 714 c 24
 693.436 677.978 671.377 654.94 624 627 c 24
 579.27 600.62 552 582 501 576 c 9
 529.08 609.93 545.252 628.799 573 663 c 24
 595.564 690.812 608.314 706.498 630 735 c 24
 649.272 760.329 659.28 775.26 678 801 c 25
354 486 m 25
 389.1 464.94 415.848 461.716 444 432 c 24
 460.802 414.265 465.03 396.241 462 372 c 24
 459.733 353.865 449.947 339.451 432 336 c 24
 411.935 332.142 395.984 340.45 384 357 c 24
 368.519 378.38 374.979 397.29 369 423 c 24
 363.279 447.601 359.85 461.43 354 486 c 25
66 414 m 25
 133 416 171 414 237 420 c 24
 295 425 327 433 384 441 c 25
 390 402 l 25
 343 389 316 383 270 369 c 24
 223 354 198 340 150 327 c 24
 134 323 119 312 108 324 c 24
 81 352 82 379 66 414 c 25
186 495 m 1
 276 495 l 1
 255 387 l 1
 165 387 l 1
 186 495 l 1
39 516 m 25
 405 516 l 25
 405 516 428 552 453 561 c 1
 479 557 467 528 498 495 c 1
 506 477 489 466 471 466 c 9
 39 466 l 25
 39 516 l 25
183 594 m 25
 354 594 l 25
 354 594 377 630 402 639 c 1
 428 635 416 606 447 573 c 1
 455 555 438 544 420 544 c 9
 183 544 l 25
 183 594 l 25
174 678 m 25
 348 678 l 25
 348 678 371 714 396 723 c 1
 422 719 410 690 441 657 c 1
 449 639 432 628 414 628 c 9
 174 628 l 25
 174 678 l 25
177 753 m 25
 387 753 l 25
 387 753 410 789 435 798 c 1
 461 794 449 765 480 732 c 1
 488 714 471 703 453 703 c 9
 177 703 l 25
 177 753 l 25
144 501 m 25
 144 780 l 25
 187 760 223 764 255 729 c 24
 269 714 242 700 234 681 c 25
 234 501 l 25
 144 501 l 25
EndSplineSet
EndChar
