Width: 1000
Flags: HW
LayerCount: 2
Fore
SplineSet
309 204 m 25
 335 183 358 179 375 150 c 24
 391 124 400 100 387 72 c 24
 378 53 349 49 333 63 c 24
 311 82 320 106 315 135 c 24
 310 162 311 177 309 204 c 25
231 186 m 25
 256 160 281 153 294 120 c 24
 305 92 307 66 288 42 c 24
 275 26 246 27 234 45 c 24
 215 73 229 98 228 132 c 24
 228 153 230 165 231 186 c 25
153 168 m 25
 173 141 196 131 204 99 c 24
 212 68 215 41 192 18 c 24
 175 1 148 9 132 27 c 24
 118 43 132 60 135 81 c 24
 140 115 146 134 153 168 c 25
87 165 m 25
 96 123 116 100 111 57 c 24
 107 22 99 -9 66 -21 c 24
 42 -30 21 -4 15 21 c 24
 9 46 31 58 42 81 c 24
 59 114 69 132 87 165 c 25
249 687 m 25
 339 687 l 25
 339 246 l 25
 249 246 l 25
 249 687 l 25
387 129 m 1
 387 220 l 25
 126 220 l 25
 126 270 l 25
 387 270 l 25
 403 283 409 308 429 303 c 24
 464 293 481 272 498 240 c 24
 505 227 485 222 477 210 c 25
 477 63 l 1
 462 -3 458 -31 423 -78 c 24
 400 -109 375 -127 336 -126 c 24
 309 -125 310 -94 291 -75 c 24
 271 -55 258 -46 237 -27 c 25
 336 -27 l 25
 350 -12 363 -7 372 12 c 0
 387 42 390 72 387 129 c 1
114 417 m 25
 348 417 l 25
 348 417 370 448 394 457 c 1
 413 450 437 422 456 396 c 1
 464 378 448 367 430 367 c 9
 114 367 l 25
 114 417 l 25
120 552 m 25
 342 552 l 25
 342 552 364 583 388 592 c 1
 407 585 431 557 450 531 c 1
 458 513 442 502 424 502 c 9
 120 502 l 25
 120 552 l 25
108 714 m 25
 360 714 l 25
 360 714 382 745 406 754 c 1
 425 747 449 719 468 693 c 1
 476 675 460 664 442 664 c 9
 108 664 l 25
 108 714 l 25
96 750 m 25
 139 730 175 734 207 699 c 24
 221 684 194 670 186 651 c 25
 186 249 l 17
 178 220 172 198 141 195 c 1
 117 197 106 221 96 249 c 9
 96 750 l 25
852 792 m 25
 887 773 917 775 942 744 c 24
 953 730 929 720 921 705 c 25
 898 673 888 652 861 623 c 24
 838 598 819 591 792 570 c 25
 807 623 817 652 831 705 c 24
 840 739 844 758 852 792 c 25
642 786 m 25
 671 763 691 753 717 726 c 24
 736 706 750 693 756 666 c 24
 762 640 764 619 747 597 c 24
 735 581 715 581 696 588 c 24
 680 594 677 608 672 624 c 24
 664 648 668 663 663 687 c 24
 656 726 650 747 642 786 c 25
474 780 m 25
 507 755 532 749 558 717 c 24
 582 688 595 667 597 630 c 24
 598 609 585 592 564 587 c 24
 541 582 525 594 510 611 c 24
 495 628 500 644 495 666 c 24
 486 710 482 736 474 780 c 25
741 545 m 25
 741 -99 l 17
 733 -128 727 -150 696 -153 c 1
 672 -151 661 -127 651 -99 c 9
 651 545 l 25
 741 545 l 25
471 96 m 25
 887 96 l 25
 887 96 909 127 933 136 c 1
 952 129 976 101 995 75 c 1
 1003 57 987 46 969 46 c 9
 471 46 l 25
 471 96 l 25
501 263 m 25
 882 263 l 25
 882 213 l 25
 501 213 l 25
 501 263 l 25
510 410 m 25
 879 410 l 25
 879 360 l 25
 510 360 l 25
 510 410 l 25
501 576 m 25
 831 576 l 25
 847 589 853 614 873 609 c 24
 908 599 925 578 942 546 c 24
 949 533 929 528 921 516 c 25
 921 241 l 17
 913 212 907 190 876 187 c 1
 852 189 841 213 831 241 c 9
 831 526 l 25
 501 526 l 25
 501 576 l 25
483 608 m 25
 526 588 562 592 594 557 c 24
 608 542 581 528 573 509 c 25
 573 231 l 17
 565 202 559 180 528 177 c 1
 504 179 493 203 483 231 c 9
 483 608 l 25
EndSplineSet
EndChar
