Width: 1000
Flags: H
TeX: 117 0
LayerCount: 2
Fore
SplineSet
735 81 m 1
 825 81 l 1
 825 -123 l 1
 735 -123 l 1
 735 81 l 1
618 84 m 1
 708 84 l 1
 708 -132 l 1
 618 -132 l 1
 618 84 l 1
849 -117 m 25
 849 55 l 25
 534 55 l 25
 534 105 l 25
 849 105 l 25
 865.38 117.87 870.891 143.435 891 138 c 24
 926.178 128.492 943.287 107.381 960 75 c 24
 966.55 62.3086 947.19 56.7002 939 45 c 25
 939 -117 l 25
 849 -117 l 25
411 -108 m 25
 838 -108 l 25
 838 -108 876 -48 901 -39 c 1
 927 -43 969 -96 1000 -129 c 1
 1008 -147 991 -158 973 -158 c 9
 411 -158 l 25
 411 -108 l 25
498 -132 m 25
 498 132 l 25
 541.29 112.11 576.953 116.251 609 81 c 24
 622.745 65.8809 596.19 51.7197 588 33 c 25
 588 -132 l 25
 498 -132 l 25
651 342 m 1
 741 342 l 1
 741 162 l 1
 651 162 l 1
 651 342 l 1
543 182 m 1
 846 182 l 1
 846 132 l 1
 543 132 l 1
 543 182 l 1
549 269 m 1
 837 269 l 1
 837 219 l 1
 549 219 l 1
 549 269 l 1
534 363 m 25
 783 363 l 25
 799.38 375.87 804.891 401.435 825 396 c 24
 860.178 386.492 877.287 365.381 894 333 c 24
 900.55 320.309 881.19 314.7 873 303 c 25
 873 165 l 17
 865 136 859 114 828 111 c 1
 804 113 793 137 783 165 c 9
 783 313 l 25
 534 313 l 25
 534 363 l 25
513 399 m 9
 556.29 379.11 591.953 383.251 624 348 c 24
 637.745 332.881 611.19 318.72 603 300 c 25
 603 165 l 17
 595 136 589 114 558 111 c 1
 534 113 523 137 513 165 c 1
 513 399 l 9
483 495 m 25
 720 534 l 25
 738.72 549.21 744.122 576.411 768 573 c 24
 798.314 568.67 814.008 547.581 825 519 c 24
 830.058 505.851 808.53 504.36 798 495 c 25
 486 441 l 25
 483 495 l 25
609 707 m 25
 813 707 l 25
 813 707 836 743 861 752 c 1
 887 748 875 719 906 686 c 1
 914 668 897 657 879 657 c 9
 609 657 l 25
 609 707 l 25
582 417 m 9
 582 789 l 25
 625.29 769.11 660.953 773.251 693 738 c 24
 706.745 722.881 680.19 708.72 672 690 c 25
 672 492 l 17
 672 468 672 450 699 447 c 9
 828 447 l 25
 888 522 l 25
 889.17 495.09 884.467 479.131 891 453 c 24
 895.331 435.674 916.37 431.807 915 414 c 24
 913.528 394.867 896.7 390.21 885 375 c 25
 624 375 l 17
 606.451 378.131 584.96 386.861 582 417 c 9
828 568 m 25
 429 568 l 25
 429 618 l 25
 828 618 l 25
 846.72 628.53 855.912 652.601 876 645 c 24
 910.081 632.104 923.59 609.021 939 576 c 24
 943.898 565.504 926.19 563.19 918 555 c 25
 819 498 l 25
 828 568 l 25
396 117 m 25
 396 660 l 25
 439.29 640.11 474.953 644.251 507 609 c 24
 520.745 593.881 494.19 579.72 486 561 c 25
 486 105 l 25
 478.98 76.9199 477.134 67.709 468 33 c 0
 453 -24 423.701 -61.1823 381 -111 c 24
 358.801 -136.899 335.25 -138.45 306 -156 c 25
 330.57 -101.01 350.142 -72.2011 369 -15 c 24
 385.452 34.9043 385.47 65.5195 396 117 c 25
234 225 m 25
 260.91 203.94 285.329 200.248 303 171 c 24
 321.51 140.362 325.333 116.532 321 81 c 24
 318.797 62.9326 306.048 50.3541 288 48 c 24
 271.268 45.8174 258.709 56.5176 252 72 c 24
 241.755 95.6426 252.011 112.41 249 138 c 24
 244.978 172.194 239.85 191.07 234 225 c 25
156 231 m 25
 185.25 201.75 213.292 193.384 231 156 c 24
 247.059 122.098 245.866 96.4502 237 60 c 24
 233.658 46.2637 217.98 42.9029 204 45 c 24
 190.067 47.0898 181.337 55.5956 177 69 c 24
 167.608 98.0283 174.922 116.743 171 147 c 24
 166.722 180.002 161.85 198.24 156 231 c 25
111 204 m 25
 129.72 177.09 147.415 165.666 159 135 c 24
 168.105 110.896 169.759 93.5702 162 69 c 24
 154.736 45.999 146.291 27.2706 123 21 c 24
 105.137 16.1904 88.4868 30.0528 84 48 c 24
 77.3213 74.7158 94.3036 89.8653 99 117 c 24
 104.841 150.749 106.32 170.07 111 204 c 25
36 207 m 25
 50.04 176.58 65.4293 161.853 72 129 c 24
 79.8018 89.9922 85.8725 64.2824 72 27 c 24
 64.5098 6.87012 45.46 -0.894166 24 0 c 24
 9.0293 0.624023 0.730041 15.0342 0 30 c 24
 -1.7998 66.8994 10.6368 86.7978 18 123 c 24
 24.6777 155.831 28.9805 174.24 36 207 c 25
81 419 m 25
 279 419 l 25
 279 419 302 455 327 464 c 1
 353 460 341 431 372 398 c 1
 380 380 363 369 345 369 c 9
 81 369 l 25
 81 419 l 25
78 572 m 25
 288 572 l 25
 288 572 311 608 336 617 c 1
 362 613 350 584 381 551 c 1
 389 533 372 522 354 522 c 9
 78 522 l 25
 78 572 l 25
180 705 m 1
 270 705 l 1
 270 240 l 1
 180 240 l 1
 180 705 l 1
291 0 m 25
 291 223 l 25
 66 223 l 25
 66 273 l 25
 291 273 l 25
 307.38 285.87 312.89 311.435 333 306 c 24
 368.178 296.492 385.287 275.381 402 243 c 24
 408.55 230.309 389.19 224.7 381 213 c 25
 381 -42 l 17
 375 -69 363.141 -86.8594 342 -108 c 24
 321.99 -128.01 306.778 -149.401 279 -144 c 24
 251.198 -138.594 254.625 -106.411 234 -87 c 24
 214.386 -68.5391 199.23 -63.21 177 -48 c 25
 249 -48 l 25
 263.04 -40.9805 274.663 -41.8135 285 -30 c 24
 292.857 -21.0205 288.66 -11.7002 291 0 c 25
63 720 m 25
 327 720 l 25
 327 720 350 756 375 765 c 1
 401 761 389 732 420 699 c 1
 428 681 411 670 393 670 c 9
 63 670 l 25
 63 720 l 25
36 744 m 25
 79 724 115 728 147 693 c 24
 161 678 134 664 126 645 c 25
 126 252 l 17
 118 223 112 201 81 198 c 1
 57 200 46 224 36 252 c 9
 36 744 l 25
EndSplineSet
EndChar
