Width: 1000
Flags: HW
LayerCount: 2
Fore
SplineSet
648 210 m 25
 699 210 l 25
 720 175 728 153 753 120 c 24
 787 75 808 51 849 12 c 24
 887 -23 913 -37 954 -69 c 25
 928 -83 913 -90 888 -105 c 24
 873 -114 866 -143 852 -132 c 24
 800 -93 786 -54 750 0 c 24
 719 48 706 78 681 129 c 24
 666 160 661 178 648 210 c 25
603 201 m 9
 603 498 l 25
 693 498 l 25
 693 186 l 25
 678 124 684 83 654 27 c 24
 620 -37 593 -72 534 -114 c 24
 488 -147 462 -144 396 -156 c 1
 456 -108 485 -89 537 -21 c 0
 576 30 600 111 603 201 c 9
465 216 m 1
 846 216 l 1
 846 166 l 1
 465 166 l 1
 465 216 l 1
474 384 m 25
 783 384 l 25
 799 397 805 422 825 417 c 24
 860 407 877 386 894 354 c 24
 901 341 881 336 873 324 c 25
 873 200 l 17
 865 171 859 149 828 146 c 1
 804 148 793 172 783 200 c 9
 783 334 l 25
 474 334 l 25
 474 384 l 25
444 417 m 25
 487 397 523 401 555 366 c 24
 569 351 542 337 534 318 c 25
 534 191 l 17
 526 162 520 140 489 137 c 1
 465 139 454 163 444 191 c 9
 444 417 l 25
207 711 m 25
 297 711 l 25
 297 246 l 25
 207 246 l 25
 207 711 l 25
489 537 m 25
 714 537 l 25
 714 537 736 568 760 577 c 1
 779 570 803 542 822 516 c 1
 830 498 814 487 796 487 c 9
 489 487 l 25
 489 537 l 25
642 735 m 25
 683 705 704 684 747 657 c 24
 795 627 824 612 876 588 c 24
 911 572 933 568 969 555 c 25
 944 539 931 529 906 513 c 24
 888 502 879 483 858 486 c 24
 823 491 808 509 780 531 c 24
 745 559 731 581 699 612 c 24
 670 640 653 656 624 684 c 25
 642 735 l 25
618 777 m 25
 651 751 676 744 702 711 c 24
 708 703 691 700 684 693 c 24
 621 636 589 601 522 549 c 24
 485 521 460 512 420 489 c 25
 452 533 470 558 501 603 c 24
 534 650 553 676 585 723 c 24
 599 743 605 756 618 777 c 25
282 225 m 25
 310 192 341 182 354 141 c 24
 363 114 353 88 330 72 c 24
 316 62 301 83 294 99 c 24
 283 123 290 139 288 165 c 24
 286 188 284 202 282 225 c 25
216 204 m 25
 239 174 265 163 276 126 c 24
 286 93 283 67 264 39 c 24
 254 25 230 33 222 48 c 24
 206 79 214 103 213 138 c 24
 212 164 215 178 216 204 c 25
153 177 m 25
 174 136 199 117 207 72 c 24
 212 43 210 17 186 0 c 24
 170 -12 149 6 141 24 c 24
 129 49 139 68 141 96 c 24
 143 128 148 145 153 177 c 25
75 162 m 25
 91 105 119 75 117 15 c 24
 116 -18 98 -43 66 -54 c 24
 46 -61 28 -39 24 -18 c 24
 18 11 37 26 45 54 c 24
 57 96 63 120 75 162 c 25
339 42 m 25
 339 214 l 25
 96 214 l 25
 96 264 l 25
 339 264 l 25
 355 277 361 302 381 297 c 24
 416 287 433 266 450 234 c 24
 457 221 437 216 429 204 c 25
 429 -21 l 25
 407 -55 402 -81 372 -108 c 24
 351 -127 330 -140 303 -132 c 24
 281 -125 292 -96 276 -78 c 24
 259 -59 243 -56 222 -42 c 25
 303 -42 l 25
 314 -31 324 -29 330 -15 c 24
 339 6 335 20 339 42 c 25
102 429 m 25
 336 429 l 25
 336 429 358 460 382 469 c 1
 401 462 425 434 444 408 c 1
 452 390 436 379 418 379 c 9
 102 379 l 25
 102 429 l 25
96 575 m 25
 324 575 l 25
 324 575 346 606 370 615 c 1
 389 608 413 580 432 554 c 1
 440 536 424 525 406 525 c 9
 96 525 l 25
 96 575 l 25
105 729 m 25
 333 729 l 25
 333 729 355 760 379 769 c 1
 398 762 422 734 441 708 c 1
 449 690 433 679 415 679 c 9
 105 679 l 25
 105 729 l 25
57 762 m 25
 100 742 136 746 168 711 c 24
 182 696 155 682 147 663 c 25
 147 234 l 17
 139 205 133 183 102 180 c 1
 78 182 67 206 57 234 c 9
 57 762 l 25
EndSplineSet
EndChar
