Width: 1000
Flags: H
TeX: 117 0
LayerCount: 2
Fore
SplineSet
690 0 m 25
 690 76 l 25
 411 76 l 25
 411 126 l 25
 690 126 l 25
 706.38 138.87 711.891 164.435 732 159 c 24
 767.178 149.492 784.287 128.381 801 96 c 24
 807.55 83.3086 788.19 77.7002 780 66 c 25
 780 -54 l 17
 759 -102 735.097 -126.504 693 -159 c 24
 665.761 -180.026 642.332 -194.547 609 -186 c 24
 584.118 -179.62 591.689 -149.338 576 -129 c 24
 559.829 -108.038 546.72 -99.7197 528 -81 c 25
 612 -81 l 25
 631.89 -73.9805 648.369 -78.1935 663 -63 c 24
 681.542 -43.7451 679.47 -24.5703 690 0 c 25
366 120 m 9
 366 228 l 25
 456 228 l 25
 456 105 l 25
 445.47 64.0498 450.206 36.5802 429 0 c 24
 402.001 -46.5732 378.693 -69.2072 336 -102 c 24
 296.579 -132.279 269.902 -145.726 222 -159 c 24
 171.062 -173.115 139.65 -166.32 87 -171 c 25
 131.46 -148.77 159.397 -141.202 201 -114 c 24
 251.162 -81.2012 286.462 -66.9807 321 -18 c 24
 353.622 28.2646 360 72 366 120 c 9
72 249 m 25
 780 249 l 25
 809 277 818 309 843 318 c 1
 869 314 911 261 942 228 c 1
 950 210 933 199 915 199 c 9
 72 199 l 25
 72 249 l 25
468 234 m 25
 468 393 l 25
 511.29 373.11 546.953 377.251 579 342 c 24
 592.745 326.881 566.19 312.72 558 294 c 25
 558 234 l 25
 468 234 l 25
888 573 m 25
 918.42 547.26 948.179 542.642 966 507 c 24
 973.399 492.2 947.7 488.7 936 477 c 25
 888.03 447.75 863.387 426.857 813 402 c 24
 775.168 383.336 751.471 377.903 711 366 c 24
 651.924 348.625 617.67 342.21 558 327 c 25
 615.33 365.61 648.919 385.598 705 426 c 24
 757.787 464.029 786.279 487.257 837 528 c 24
 857.68 544.611 868.11 555.45 888 573 c 25
813 699 m 25
 841.08 672.09 867.132 664.545 885 630 c 24
 890.814 618.759 868.53 619.02 858 612 c 25
 828.75 587.43 814.182 571.067 783 549 c 24
 737.951 517.119 713.305 496.698 663 474 c 24
 616.416 452.98 586.14 452.04 537 438 c 25
 584.97 478.95 612.492 501.514 660 543 c 24
 695.569 574.061 716.935 590.286 750 624 c 24
 776.748 651.272 788.43 669.75 813 699 c 25
702 801 m 9
 737.1 781.11 766.051 780.892 792 750 c 24
 801.062 739.212 775.53 735.36 765 726 c 25
 735.75 696.75 721.24 678.114 690 651 c 24
 659.074 624.158 642.353 606.85 606 588 c 24
 578.033 573.498 558.42 575.19 528 567 c 25
 557.25 604.44 573.93 625.421 603 663 c 24
 621.9 687.432 632.994 700.901 651 726 c 24
 671.618 754.741 681 768 702 801 c 9
162 585 m 25
 345 585 l 25
 345 585 368 621 393 630 c 1
 419 626 407 597 438 564 c 1
 446 546 429 535 411 535 c 9
 162 535 l 25
 162 585 l 25
174 666 m 25
 357 666 l 25
 357 666 380 702 405 711 c 1
 431 707 419 678 450 645 c 1
 458 627 441 616 423 616 c 9
 174 616 l 25
 174 666 l 25
180 744 m 25
 399 744 l 25
 399 744 422 780 447 789 c 1
 473 785 461 756 492 723 c 1
 500 705 483 694 465 694 c 9
 180 694 l 25
 180 744 l 25
369 462 m 25
 399.42 444.45 421.538 441.189 447 417 c 24
 469.84 395.302 485.865 379.347 489 348 c 24
 491.296 325.038 480.732 304.761 459 297 c 24
 437.72 289.4 420.635 301.686 405 318 c 24
 390.655 332.969 395.028 348.887 390 369 c 24
 380.981 405.073 377.19 425.73 369 462 c 25
60 375 m 25
 99.7803 376.17 122.203 378 162 378 c 24
 259.117 378 313.89 376.17 411 375 c 25
 432 330 l 25
 317.34 315.96 252.161 311.643 138 294 c 24
 122.969 291.677 112.551 268.044 102 279 c 24
 73.6533 308.437 76.3799 337.56 60 375 c 25
219 483 m 25
 318 483 l 25
 298.11 454.92 287.169 438.881 267 411 c 24
 247.387 383.888 235.89 368.91 216 342 c 25
 156 342 l 25
 168.87 368.91 176.831 383.765 189 411 c 24
 201.409 438.773 207.3 454.92 219 483 c 25
42 513 m 25
 432 513 l 25
 432 513 455 549 480 558 c 1
 506 554 494 525 525 492 c 1
 533 474 516 463 498 463 c 9
 42 463 l 25
 42 513 l 25
147 495 m 25
 147 789 l 25
 190.29 769.11 225.953 773.251 258 738 c 24
 271.745 722.881 245.19 708.72 237 690 c 25
 237 495 l 25
 147 495 l 25
EndSplineSet
EndChar
