Width: 1000
Flags: H
TeX: 117 0
LayerCount: 2
Fore
SplineSet
486 163 m 1
 735 163 l 1
 735 113 l 1
 486 113 l 1
 486 163 l 1
489 269 m 9
 714 269 l 25
 730 282 736 307 756 302 c 24
 791 292 808 271 825 239 c 24
 832 226 812 221 804 209 c 25
 804 141 l 17
 796 112 790 90 759 87 c 1
 735 89 724 113 714 141 c 9
 714 219 l 25
 489 219 l 17
 489 269 l 9
453 306 m 25
 496 286 532 290 564 255 c 24
 578 240 551 226 543 207 c 25
 543 117 l 17
 535 88 529 66 498 63 c 1
 474 65 463 89 453 117 c 9
 453 306 l 25
708 111 m 25
 738 92 763 90 786 63 c 24
 807 38 818 18 816 -15 c 24
 815 -37 801 -52 780 -57 c 24
 763 -61 749 -49 741 -33 c 24
 728 -8 738 11 732 39 c 24
 725 68 717 83 708 111 c 25
477 -78 m 24
 469 -81 460 -95 456 -87 c 24
 437 -54 440 -30 429 6 c 25
 493 10 530 10 594 15 c 24
 664 21 704 26 774 33 c 25
 774 -15 l 25
 713 -23 678 -23 618 -36 c 24
 562 -48 532 -61 477 -78 c 24
591 3 m 25
 591 402 l 25
 634 382 670 386 702 351 c 24
 716 336 689 322 681 303 c 25
 681 3 l 25
 591 3 l 25
852 6 m 25
 852 379 l 25
 552 379 l 17
 552 429 l 9
 852 429 l 25
 868 442 874 467 894 462 c 24
 929 452 946 431 963 399 c 24
 970 386 950 381 942 369 c 25
 942 -39 l 17
 933 -75 921 -95 897 -123 c 24
 877 -147 862 -168 831 -168 c 24
 809 -168 812 -138 795 -123 c 24
 769 -99 751 -90 723 -69 c 17
 816 -69 l 9
 828 -55 838 -49 846 -33 c 24
 853 -19 850 -9 852 6 c 25
570 525 m 25
 605 509 634 512 660 483 c 24
 670 472 644 467 633 456 c 25
 603 422 589 399 555 369 c 24
 533 350 517 344 492 330 c 24
 465 315 448 310 420 297 c 25
 453 339 475 360 504 405 c 24
 533 450 544 478 570 525 c 25
702 696 m 1
 792 696 l 1
 792 546 l 1
 702 546 l 1
 702 696 l 1
576 696 m 1
 666 696 l 1
 666 546 l 1
 576 546 l 1
 576 696 l 1
495 574 m 1
 846 574 l 1
 846 524 l 1
 495 524 l 1
 495 574 l 1
492 714 m 25
 810 714 l 25
 826 727 832 752 852 747 c 24
 887 737 904 716 921 684 c 24
 928 671 908 666 900 654 c 25
 900 552 l 17
 892 523 886 501 855 498 c 1
 831 500 820 524 810 552 c 9
 810 664 l 25
 492 664 l 25
 492 714 l 25
465 747 m 25
 508 727 544 731 576 696 c 24
 590 681 563 667 555 648 c 25
 555 525 l 17
 547 496 541 474 510 471 c 1
 486 473 475 497 465 525 c 9
 465 747 l 25
162 125 m 1
 363 125 l 1
 363 75 l 1
 162 75 l 1
 162 125 l 1
162 239 m 1
 345 239 l 1
 345 189 l 1
 162 189 l 1
 162 239 l 1
285 -33 m 25
 285 298 l 25
 168 298 l 25
 168 348 l 25
 285 348 l 25
 301 361 307 386 327 381 c 24
 362 371 379 350 396 318 c 24
 403 305 383 300 375 288 c 25
 375 -90 l 17
 363 -117 352 -140 324 -141 c 24
 301 -142 306 -110 291 -93 c 24
 268 -68 253 -56 228 -33 c 25
 285 -33 l 25
129 387 m 25
 172 367 208 371 240 336 c 24
 254 321 227 307 219 288 c 25
 219 -102 l 17
 211 -131 205 -153 174 -156 c 1
 150 -154 139 -130 129 -102 c 9
 129 387 l 25
234 620 m 1
 357 620 l 1
 357 570 l 1
 234 570 l 1
 234 620 l 1
195 432 m 25
 195 648 l 25
 238 628 274 632 306 597 c 24
 320 582 293 568 285 549 c 25
 285 432 l 25
 195 432 l 25
306 435 m 25
 306 670 l 25
 144 670 l 25
 144 720 l 25
 306 720 l 25
 322 733 328 758 348 753 c 24
 383 743 400 722 417 690 c 24
 424 677 404 672 396 660 c 25
 396 435 l 25
 306 435 l 25
390 415 m 25
 74 415 l 25
 74 465 l 25
 390 465 l 25
 412 471 427 491 447 480 c 24
 472 466 474 442 480 414 c 24
 482 405 471 403 465 396 c 25
 381 330 l 25
 390 415 l 25
96 441 m 25
 96 756 l 25
 139 736 175 740 207 705 c 24
 221 690 194 676 186 657 c 25
 186 441 l 25
 96 441 l 25
60 486 m 25
 81 442 106 420 114 372 c 24
 119 342 110 322 93 297 c 24
 82 280 68 270 48 273 c 24
 30 276 18 291 18 309 c 24
 17 341 38 356 45 387 c 24
 54 425 54 447 60 486 c 25
EndSplineSet
EndChar
