Width: 1000
Flags: H
TeX: 117 0
LayerCount: 2
Fore
SplineSet
745 -69 m 24
 687.535 -37.6562 656.547 -17.2734 598 12 c 24
 574.483 23.7588 559.57 26.6396 535 36 c 25
 553 75 l 25
 616.18 55.1104 651.801 43.8271 715 24 c 24
 771.141 6.3877 809.686 11.0938 859 -21 c 24
 888.436 -40.1562 903.051 -63.8936 904 -99 c 24
 904.562 -119.823 882.471 -135.862 862 -132 c 24
 811.074 -122.392 790.496 -93.8164 745 -69 c 24
757 147 m 25
 853 147 l 25
 829.6 106.05 823.651 77.8467 793 42 c 24
 753.659 -4.00879 726.482 -26.5928 676 -60 c 24
 645.737 -80.0264 624.298 -84.5771 589 -93 c 24
 520.897 -109.252 493 -120 412 -123 c 9
 470.5 -93.75 506.12 -81.9893 562 -48 c 24
 619.986 -12.7305 655.009 6.00879 703 54 c 24
 732.656 83.6562 735.94 110.73 757 147 c 25
592 234 m 25
 679 234 l 25
 670.81 202.41 670.591 183.107 658 153 c 24
 643.443 118.189 635.786 96.5449 610 69 c 24
 582.943 40.0986 565.361 16.2549 526 12 c 24
 505.652 9.7998 495.08 36.9121 499 57 c 24
 505.961 92.6729 533.095 102.825 550 135 c 24
 569.508 172.128 575.62 195.39 592 234 c 25
427 168 m 25
 814 168 l 25
 843 196 852 228 877 237 c 1
 903 233 945 180 976 147 c 1
 984 129 967 118 949 118 c 9
 427 118 l 25
 427 168 l 25
511 257 m 1
 850 257 l 1
 850 207 l 1
 511 207 l 1
 511 257 l 1
508 377 m 25
 784 377 l 25
 800.38 389.87 805.891 415.435 826 410 c 24
 861.178 400.492 878.287 379.381 895 347 c 24
 901.55 334.309 882.19 328.7 874 317 c 25
 874 264 l 17
 866 235 860 213 829 210 c 1
 805 212 794 236 784 264 c 9
 784 327 l 25
 508 327 l 25
 508 377 l 25
481 401 m 25
 524.29 381.11 559.953 385.251 592 350 c 24
 605.745 334.881 579.19 320.72 571 302 c 25
 571 246 l 17
 563 217 557 195 526 192 c 1
 502 194 491 218 481 246 c 9
 481 401 l 25
619 234 m 25
 619 771 l 25
 662 751 698 755 730 720 c 24
 744 705 717 691 709 672 c 25
 709 234 l 25
 619 234 l 25
529 484 m 1
 811 484 l 1
 811 434 l 1
 529 434 l 1
 529 484 l 1
430 561 m 25
 836 561 l 25
 865 589 874 621 899 630 c 1
 925 626 967 573 998 540 c 1
 1006 522 989 511 971 511 c 9
 430 511 l 25
 430 561 l 25
517 660 m 25
 766 660 l 25
 782.38 672.87 787.891 698.435 808 693 c 24
 843.178 683.492 860.287 662.381 877 630 c 24
 883.55 617.309 864.19 611.7 856 600 c 25
 856 465 l 17
 848 436 842 414 811 411 c 1
 787 413 776 437 766 465 c 9
 766 610 l 25
 517 610 l 25
 517 660 l 25
487 699 m 25
 530.29 679.11 565.953 683.251 598 648 c 24
 611.745 632.881 585.19 618.72 577 600 c 25
 577 465 l 17
 569 436 563 414 532 411 c 1
 508 413 497 437 487 465 c 9
 487 699 l 25
154 224 m 1
 346 224 l 1
 346 174 l 1
 154 174 l 1
 154 224 l 1
148 115 m 1
 358 115 l 1
 358 65 l 1
 148 65 l 1
 148 115 l 1
289 -39 m 25
 289 286 l 25
 151 286 l 25
 151 336 l 25
 289 336 l 25
 305.38 348.87 310.891 374.435 331 369 c 24
 366.178 359.492 383.287 338.381 400 306 c 24
 406.55 293.309 387.19 287.7 379 276 c 25
 379 -78 l 17
 370 -111 356.6 -121.234 331 -123 c 24
 309.541 -124.479 308.188 -98.165 292 -84 c 24
 270.685 -65.3496 257.23 -56.5498 235 -39 c 25
 289 -39 l 25
115 375 m 25
 158 355 194 359 226 324 c 24
 240 309 213 295 205 276 c 25
 205 -78 l 17
 197 -107 191 -129 160 -132 c 1
 136 -130 125 -106 115 -78 c 9
 115 375 l 25
382 394 m 25
 61 394 l 25
 61 444 l 25
 379 444 l 25
 400.06 455.7 410.631 482.947 433 474 c 24
 464.949 461.22 473.736 434.845 484 402 c 24
 487.71 390.129 471.19 387.36 463 378 c 25
 370 321 l 25
 382 394 l 25
49 471 m 25
 67.7197 446.43 89.6416 438 97 408 c 24
 105.958 371.479 103.026 346.472 88 312 c 24
 80.6826 295.212 64.0645 287.989 46 291 c 24
 28.8438 293.859 18.0322 306.726 16 324 c 24
 12.751 351.62 27.9082 365.865 34 393 c 24
 40.7852 423.226 43.1504 440.58 49 471 c 25
226 623 m 1
 325 623 l 1
 325 573 l 1
 226 573 l 1
 226 623 l 1
184 429 m 25
 184 654 l 25
 227.29 634.11 262.953 638.251 295 603 c 24
 308.745 587.881 282.19 573.72 274 555 c 25
 274 429 l 25
 184 429 l 25
301 432 m 25
 301 670 l 25
 133 670 l 25
 133 720 l 25
 301 720 l 25
 317.38 732.87 322.891 758.435 343 753 c 24
 378.178 743.492 395.287 722.381 412 690 c 24
 418.55 677.309 399.19 671.7 391 660 c 25
 391 432 l 25
 301 432 l 25
82 426 m 25
 82 759 l 25
 125.29 739.11 160.953 743.251 193 708 c 24
 206.745 692.881 180.19 678.72 172 660 c 25
 172 426 l 25
 82 426 l 25
EndSplineSet
EndChar
