Width: 1000
Flags: H
TeX: 117 0
LayerCount: 2
Fore
SplineSet
324 96 m 25
 699 96 l 25
 699 46 l 25
 324 46 l 25
 324 96 l 25
314 230 m 25
 720 230 l 25
 720 180 l 25
 314 180 l 25
 314 230 l 25
639 -77 m 17
 667 -76 664 -50 663 -26 c 1
 663 308 l 9
 315 308 l 25
 315 358 l 25
 663 358 l 25
 679 371 685 396 705 391 c 24
 740 381 757 360 774 328 c 24
 781 315 761 310 753 298 c 25
 753 -83 l 17
 753 -116 744 -134 723 -158 c 24
 706 -177 688 -190 664 -184 c 24
 641 -178 646 -151 630 -134 c 24
 606 -109 588 -99 561 -77 c 25
 639 -77 l 17
270 389 m 25
 313 369 349 373 381 338 c 24
 395 323 368 309 360 290 c 25
 360 -128 l 17
 352 -157 346 -179 315 -182 c 1
 291 -180 280 -156 270 -128 c 9
 270 389 l 25
495 626 m 25
 708 626 l 25
 708 576 l 25
 495 576 l 25
 495 626 l 25
450 436 m 25
 450 646 l 25
 493 626 529 630 561 595 c 24
 575 580 548 566 540 547 c 25
 540 436 l 25
 450 436 l 25
849 413 m 25
 156 413 l 25
 156 463 l 25
 849 463 l 25
 868 476 876 504 897 496 c 24
 937 480 954 454 972 415 c 24
 978 402 956 400 945 391 c 25
 834 313 l 25
 849 413 l 25
165 505 m 25
 170 459 180 434 177 388 c 24
 174 353 172 329 150 301 c 24
 131 276 111 255 81 262 c 24
 55 268 46 298 51 325 c 24
 58 367 85 382 108 418 c 24
 130 452 143 471 165 505 c 25
657 439 m 25
 657 692 l 25
 291 692 l 25
 291 742 l 25
 657 742 l 25
 673 755 679 780 699 775 c 24
 734 765 751 744 768 712 c 24
 775 699 755 694 747 682 c 25
 747 439 l 25
 657 439 l 25
249 463 m 25
 249 775 l 25
 292 755 328 759 360 724 c 24
 374 709 347 695 339 676 c 25
 339 463 l 25
 249 463 l 25
EndSplineSet
EndChar
