Width: 1000
Flags: H
TeX: 117 0
LayerCount: 2
Fore
SplineSet
747 777 m 25
 773.91 751.26 799.811 744.535 816 711 c 24
 821.8 698.986 799.53 698.19 789 690 c 25
 702 609 l 25
 666 660 l 25
 747 777 l 25
705 -90 m 25
 666 -90 l 25
 678 123 l 25
 720.12 105.45 750.946 107.212 786 78 c 24
 796.482 69.2646 775.02 59.7002 768 48 c 25
 705 -90 l 25
498 111 m 25
 520.23 96.96 536.408 93.5918 555 75 c 24
 580.486 49.5137 597.397 34.124 609 0 c 24
 618.423 -27.7148 616.192 -47.5586 606 -75 c 24
 599.637 -92.1328 588.262 -105.73 570 -105 c 24
 550.092 -104.204 538.962 -90.2646 531 -72 c 24
 517.776 -41.6641 524.873 -20.5674 519 12 c 24
 511.996 50.8428 506.19 72.3896 498 111 c 25
366 -63 m 25
 789 -63 l 25
 818 -35 827 -3 852 6 c 1
 878 2 920 -51 951 -84 c 1
 959 -102 942 -113 924 -113 c 9
 366 -113 l 25
 366 -63 l 25
474 187 m 1
 783 187 l 1
 783 137 l 1
 474 137 l 1
 474 187 l 1
477 339 m 25
 717 339 l 25
 733 352 739 377 759 372 c 24
 794 362 811 341 828 309 c 24
 835 296 815 291 807 279 c 25
 807 162 l 17
 799 133 793 111 762 108 c 1
 738 110 727 134 717 162 c 9
 717 289 l 25
 477 289 l 25
 477 339 l 25
453 366 m 25
 496.29 346.11 531.953 350.251 564 315 c 24
 577.745 299.881 551.19 285.72 543 267 c 25
 543 150 l 17
 535 121 529 99 498 96 c 1
 474 98 463 122 453 150 c 9
 453 366 l 25
480 465 m 25
 690 465 l 25
 690 465 713 501 738 510 c 1
 764 506 752 477 783 444 c 1
 791 426 774 415 756 415 c 9
 480 415 l 25
 480 465 l 25
870 717 m 25
 898.08 693.6 923.865 688.736 942 657 c 24
 948.567 645.507 927.36 642.36 918 633 c 25
 837 588 l 25
 762 549 l 25
 732 579 l 25
 762.42 603.57 782.35 614.35 810 642 c 24
 836.487 668.487 846.6 687.75 870 717 c 25
774 486 m 24
 736.34 528.956 719.58 557.128 690 606 c 24
 665.616 646.287 657.06 671.88 636 714 c 25
 672 714 l 25
 695.4 680.07 704.748 657.921 732 627 c 24
 765.933 588.499 783.65 562.824 828 537 c 24
 878.199 507.771 914.01 507.72 969 489 c 25
 949.11 471.45 935.214 464.182 918 444 c 24
 900.938 423.996 907.241 379.638 882 387 c 24
 827.146 402.999 811.668 443.035 774 486 c 24
399 672 m 25
 435.27 654.45 464.23 656.194 492 627 c 24
 513.936 603.939 516 580.827 516 549 c 24
 516 533.086 507.438 519.86 492 516 c 24
 472.973 511.243 456.117 515.578 444 531 c 24
 426.818 552.868 434.456 573.506 426 600 c 24
 416.882 628.569 409.53 643.92 399 672 c 25
534 673 m 25
 360 673 l 25
 360 723 l 25
 522 723 l 25
 541.89 737.04 548.952 762.797 573 759 c 24
 604.965 753.953 620.284 733.288 636 705 c 24
 642.146 693.938 625.02 688.53 618 678 c 25
 596.94 630.03 587.7 601.722 564 555 c 24
 546.662 520.82 535.153 502.274 513 471 c 24
 495.248 445.939 486.441 429.596 462 411 c 24
 431.6 387.869 408.93 383.55 375 366 c 25
 397.23 401.1 411.556 419.83 432 456 c 24
 457.232 500.643 470.186 526.591 492 573 c 24
 509.994 611.282 517.62 634 534 673 c 25
324 243 m 25
 355.59 219.6 383.193 215.71 405 183 c 24
 412.399 171.9 388.53 170.19 378 162 c 25
 358.11 140.94 347.208 128.755 327 108 c 24
 303.914 84.29 290.4 71.4004 267 48 c 25
 249 81 l 1
 324 243 l 25
66 231 m 25
 90.5703 215.79 109.832 213.625 129 192 c 24
 156.819 160.613 175.423 140.251 183 99 c 24
 187.254 75.8418 177.06 55.5299 156 45 c 24
 137.456 35.7285 116.033 42.4472 105 60 c 24
 86.0635 90.127 97.9125 115.307 90 150 c 24
 82.6738 182.123 75.3604 199.41 66 231 c 25
114 -117 m 24
 93.9834 -121.105 76.942 -143.938 63 -129 c 24
 34.4727 -98.4346 42.8701 -66.7803 30 -27 c 25
 77.9697 -24.6602 105.084 -24.267 153 -21 c 24
 259.537 -13.7363 319.53 -8.19043 426 0 c 25
 389.73 -23.4004 372.698 -43.0556 333 -60 c 24
 275.796 -84.417 240.192 -89.3335 180 -105 c 24
 154.682 -111.59 139.628 -111.743 114 -117 c 24
180 477 m 1
 270 477 l 1
 270 -60 l 1
 180 -60 l 1
 180 477 l 1
42 357 m 25
 312 357 l 25
 312 357 335 393 360 402 c 1
 386 398 374 369 405 336 c 1
 413 318 396 307 378 307 c 9
 42 307 l 25
 42 357 l 25
99 504 m 25
 276 504 l 25
 276 504 299 540 324 549 c 1
 350 545 338 516 369 483 c 1
 377 465 360 454 342 454 c 9
 99 454 l 25
 99 504 l 25
180 738 m 25
 224.46 722.79 252.503 721.045 294 699 c 24
 328.532 680.654 354.156 670.795 372 636 c 24
 382.13 616.247 372.223 594.677 354 582 c 24
 337.56 570.563 320.417 578.115 303 588 c 24
 274.93 603.932 269.537 626.628 243 645 c 24
 223.169 658.729 208.23 659.64 186 669 c 25
 180 738 l 25
129 777 m 25
 168.78 761.79 195.176 761.03 231 738 c 24
 238.687 733.059 220.02 728.85 213 723 c 25
 195.45 660.99 191.177 624.134 168 564 c 24
 147.677 511.269 134.665 481.115 102 435 c 24
 74.2646 395.844 48.9297 381.93 15 348 c 25
 30.21 385.44 42.4211 405.283 54 444 c 24
 79.9365 530.727 91.1105 580.69 111 669 c 24
 120.382 710.657 121.98 734.88 129 777 c 25
EndSplineSet
EndChar
