Width: 1000
Flags: H
TeX: 117 0
LayerCount: 2
Fore
SplineSet
774 759 m 25
 803.25 737.94 823.839 730.806 849 705 c 24
 870.299 683.155 891.782 669.5 891 639 c 24
 890.32 612.483 871.505 595.287 846 588 c 24
 828.213 582.918 815.058 598.348 807 615 c 24
 795.742 638.266 806.773 655.807 801 681 c 24
 793.81 712.378 784.53 728.58 774 759 c 25
837 435 m 25
 874.44 417.45 904.318 419.785 933 390 c 24
 943.889 378.693 922.02 368.04 915 354 c 25
 892.77 296.67 883.977 262.732 858 207 c 24
 819.531 124.468 798.651 76.9707 750 0 c 24
 719.825 -47.7393 701.717 -76.5041 657 -111 c 24
 617.588 -141.403 585.63 -142.11 540 -162 c 25
 579.78 -119.88 608.891 -101.542 642 -54 c 24
 700.72 30.3145 731.483 80.463 774 174 c 24
 802.197 236.034 806.011 275.761 822 342 c 24
 830.62 377.713 831.15 398.73 837 435 c 25
687 303 m 25
 687 789 l 25
 730.29 769.11 765.953 773.251 798 738 c 24
 811.745 722.881 785.19 708.72 777 690 c 25
 777 303 l 25
 782.85 250.35 782.688 220.149 792 168 c 24
 800.281 121.627 798.629 91.8994 822 51 c 24
 838.139 22.7568 862.26 19.8896 888 0 c 25
 945 81 l 25
 934.47 35.3701 920.461 10.7646 918 -36 c 24
 916.833 -58.1689 942.793 -68.8662 936 -90 c 24
 929.546 -110.081 910.555 -127.905 891 -120 c 24
 844.155 -101.062 823.359 -74.8183 795 -33 c 24
 752.987 28.9502 736.906 69.7384 714 141 c 24
 694.399 201.979 697.53 239.82 687 303 c 25
474 189 m 1
 564 189 l 1
 564 -39 l 1
 474 -39 l 1
 474 189 l 1
405 -111 m 24
 387.21 -102.104 390.659 -83.3867 381 -66 c 24
 373.106 -51.791 368.19 -44.04 360 -30 c 25
 407.97 -26.4902 435.273 -26.9658 483 -21 c 24
 566.412 -10.5732 612.93 -0.870117 696 12 c 25
 651.54 -13.7402 629.306 -33.9647 582 -54 c 24
 529.166 -76.377 495.615 -78.412 441 -96 c 24
 426.522 -100.662 418.604 -117.802 405 -111 c 24
387 105 m 25
 591 105 l 25
 591 105 614 141 639 150 c 1
 665 146 653 117 684 84 c 1
 692 66 675 55 657 55 c 9
 387 55 l 25
 387 105 l 25
381 213 m 25
 603 213 l 25
 603 213 626 249 651 258 c 1
 677 254 665 225 696 192 c 1
 704 174 687 163 669 163 c 9
 381 163 l 25
 381 213 l 25
447 320 m 1
 615 320 l 1
 615 270 l 1
 447 270 l 1
 447 320 l 1
459 432 m 25
 564 432 l 25
 580.38 444.87 585.891 470.435 606 465 c 24
 641.178 455.492 658.287 434.381 675 402 c 24
 681.55 389.309 662.19 383.7 654 372 c 25
 654 309 l 17
 646 280 640 258 609 255 c 1
 585 257 574 281 564 309 c 9
 564 382 l 25
 459 382 l 25
 459 432 l 25
402 477 m 25
 445.29 457.11 480.953 461.251 513 426 c 24
 526.745 410.881 500.19 396.72 492 378 c 25
 492 288 l 17
 484 259 478 237 447 234 c 1
 423 236 412 260 402 288 c 9
 402 477 l 25
384 537 m 9
 786 537 l 25
 786 537 824 597 849 606 c 1
 875 602 917 549 948 516 c 1
 956 498 939 487 921 487 c 9
 384 487 l 17
 384 537 l 9
492 522 m 25
 492 774 l 25
 535 754 571 758 603 723 c 24
 617 708 590 694 582 675 c 25
 582 522 l 25
 492 522 l 25
399 657 m 25
 594 657 l 25
 594 657 617 693 642 702 c 1
 668 698 656 669 687 636 c 1
 695 618 678 607 660 607 c 9
 399 607 l 25
 399 657 l 25
315 273 m 25
 353.61 255.45 387.08 260.773 414 228 c 24
 426.181 213.172 395.7 204.21 384 189 c 25
 366.45 167.94 358.851 153.906 339 135 c 24
 309.492 106.897 289.59 94.7402 258 69 c 25
 258 126 l 25
 270.87 151.74 280.596 165.168 291 192 c 24
 302.911 222.719 305.64 241.41 315 273 c 25
33 240 m 25
 75.1201 217.77 106.97 216.321 141 183 c 24
 166.467 158.064 177 134.631 177 99 c 24
 177 79.082 163.566 63.7627 144 60 c 24
 124.468 56.2441 110.497 67.7693 99 84 c 24
 88.0957 99.3945 100.351 114.626 93 132 c 24
 74.2256 176.375 56.4004 197.88 33 240 c 25
123 -111 m 24
 102.547 -103.562 101.28 -84.6123 90 -66 c 24
 77.7959 -45.8633 73.5303 -33.0596 63 -12 c 25
 147.24 -1.46973 194.813 4.04891 279 15 c 24
 338.727 22.7695 372.33 27.8096 432 36 c 25
 365.31 0.900391 329.557 -22.7024 261 -54 c 24
 221.619 -71.9775 196.012 -73.4734 156 -90 c 24
 141.9 -95.8232 137.337 -116.213 123 -111 c 24
195 426 m 1
 285 426 l 1
 285 -12 l 1
 195 -12 l 1
 195 426 l 1
90 344 m 25
 327 344 l 25
 327 344 350 380 375 389 c 1
 401 385 389 356 420 323 c 1
 428 305 411 294 393 294 c 9
 90 294 l 25
 90 344 l 25
117 465 m 25
 297 465 l 25
 297 465 320 501 345 510 c 1
 371 506 359 477 390 444 c 1
 398 426 381 415 363 415 c 9
 117 415 l 25
 117 465 l 25
207 726 m 25
 256.14 702.6 294.839 704.808 333 666 c 24
 368.654 629.742 384 596.701 384 546 c 24
 384 525.361 365.526 512.677 345 510 c 24
 329.392 507.964 322.561 523.194 315 537 c 24
 295.068 573.397 302.708 604.239 276 636 c 24
 256.12 659.642 235.08 656.13 207 669 c 25
 207 726 l 25
162 774 m 25
 199.44 755.28 233.058 759.617 258 726 c 24
 270.195 709.563 241.53 698.55 231 681 c 25
 213.45 629.52 206.537 599.364 186 549 c 24
 157.336 478.705 146.271 435.717 105 372 c 24
 78.46 331.025 50.0996 318.93 15 285 c 25
 45.4199 371.58 64.1643 419.879 93 507 c 24
 119.164 586.05 135.166 630.381 156 711 c 24
 162.176 734.896 162 749.43 162 774 c 25
EndSplineSet
EndChar
