Width: 1000
Flags: HW
TeX: 117 0
LayerCount: 2
Fore
SplineSet
674 18 m 17
 735 12 765 4 819 -19 c 24
 856 -35 880 -47 902 -80 c 24
 919 -105 924 -130 912 -158 c 24
 905 -176 883 -176 864 -173 c 24
 847 -171 838 -161 828 -146 c 0
 808 -115 796 -100 771 -74 c 24
 735 -36 712 -18 674 18 c 17
567 18 m 25
 567 18 625 -5 651 -33 c 24
 658 -41 639 -41 630 -51 c 0
 609 -74 598 -89 573 -108 c 24
 547 -128 530 -138 499 -148 c 24
 446 -164 412 -168 359 -174 c 1
 406 -146 435 -126 477 -87 c 24
 517 -50 567 18 567 18 c 25
627 372 m 1
 717 372 l 1
 717 39 l 1
 627 39 l 1
 627 372 l 1
504 70 m 1
 843 70 l 1
 843 20 l 1
 504 20 l 1
 504 70 l 1
515 185 m 1
 827 185 l 1
 827 135 l 1
 515 135 l 1
 515 185 l 1
501 293 m 25
 777 293 l 25
 793 306 799 331 819 326 c 24
 854 316 871 295 888 263 c 24
 895 250 875 245 867 233 c 25
 867 153 l 2
 867 132 876 48 870 15 c 0
 862 -27 827 -39 807 -39 c 0
 787 -39 769 -32 768 -10 c 0
 767 10 777 102 777 138 c 2
 777 243 l 25
 501 243 l 25
 501 293 l 25
477 314 m 25
 477 314 556 298 588 263 c 24
 602 248 575 234 567 215 c 25
 567 200 l 2
 567 179 576 60 570 27 c 0
 562 -15 527 -27 507 -27 c 0
 487 -27 469 -20 468 2 c 0
 467 22 477 114 477 150 c 2
 477 314 l 25
462 393 m 25
 837 393 l 25
 837 393 859 424 883 433 c 1
 902 426 926 398 945 372 c 1
 953 354 937 343 919 343 c 9
 462 343 l 25
 462 393 l 25
583 475 m 1
 735 475 l 1
 735 425 l 1
 583 425 l 1
 583 475 l 1
807 662 m 25
 807 597 l 2
 807 576 816 492 810 459 c 0
 802 417 767 405 747 405 c 0
 727 405 714 417 713 439 c 0
 712 459 717 546 717 582 c 2
 717 662 l 25
 807 662 l 25
630 667 m 25
 630 595 l 2
 630 574 639 490 633 457 c 0
 625 415 590 403 570 403 c 0
 550 403 532 410 531 432 c 0
 530 452 540 544 540 580 c 2
 540 667 l 25
 630 667 l 25
444 573 m 25
 819 573 l 25
 819 573 841 604 865 613 c 1
 884 606 908 578 927 552 c 1
 935 534 919 523 901 523 c 9
 444 523 l 25
 444 573 l 25
630 672 m 25
 630 795 l 25
 630 795 709 779 741 744 c 24
 755 729 728 715 720 696 c 25
 720 672 l 25
 630 672 l 25
429 684 m 25
 795 684 l 25
 824 712 833 744 858 753 c 1
 884 749 926 696 957 663 c 1
 965 645 948 634 930 634 c 9
 429 634 l 25
 429 684 l 25
381 283 m 26
 381 713 l 25
 381 713 460 697 492 662 c 24
 506 647 479 633 471 614 c 25
 471 286 l 26
 471 183 460 123 423 27 c 24
 397 -39 365 -74 313 -118 c 0
 276 -149 251 -159 207 -180 c 1
 246 -141 297 -86 325 -10 c 24
 366 99 381 167 381 283 c 26
87 -81 m 24
 56 -36 27 45 27 45 c 25
 368 64 l 25
 368 64 298 23 252 0 c 24
 196 -29 163 -41 106 -69 c 24
 98 -73 92 -88 87 -81 c 24
162 498 m 1
 252 498 l 1
 252 24 l 1
 162 24 l 1
 162 498 l 1
306 300 m 25
 306 300 364 279 387 249 c 24
 395 238 374 233 366 222 c 24
 348 197 342 180 321 157 c 24
 291 123 266 101 236 78 c 1
 256 132 267 165 285 222 c 24
 294 252 306 300 306 300 c 25
33 257 m 1
 76 245 99 238 125 207 c 24
 148 180 153 155 150 119 c 24
 148 97 136 80 115 74 c 24
 99 69 87 83 79 98 c 24
 66 120 71 137 64 162 c 0
 53 201 47 220 33 257 c 1
33 380 m 25
 273 380 l 25
 273 380 295 411 319 420 c 1
 338 413 362 385 381 359 c 1
 389 341 373 330 355 330 c 9
 33 330 l 25
 33 380 l 25
96 519 m 25
 246 519 l 25
 246 519 268 550 292 559 c 1
 311 552 335 524 354 498 c 1
 362 480 346 469 328 469 c 9
 96 469 l 25
 96 519 l 25
210 753 m 25
 210 753 294 734 339 705 c 24
 362 690 376 672 376 644 c 24
 376 623 359 610 338 606 c 24
 320 603 309 615 299 630 c 0
 287 648 288 660 273 672 c 24
 248 693 200 712 200 712 c 25
 210 753 l 25
243 712 m 24
 219 665 209 635 180 591 c 24
 152 549 135 525 97 491 c 24
 66 464 46 453 7 436 c 1
 39 478 57 510 84 561 c 0
 112 614 122 639 141 691 c 24
 155 728 168 789 168 789 c 25
 168 789 232 775 259 747 c 24
 269 736 250 725 243 712 c 24
EndSplineSet
EndChar
