Width: 1000
Flags: H
TeX: 117 0
LayerCount: 2
Fore
SplineSet
672 234 m 1
 762 234 l 1
 762 -102 l 1
 672 -102 l 1
 672 234 l 1
522 140 m 25
 792 140 l 25
 792 140 815 176 840 185 c 1
 866 181 854 152 885 119 c 1
 893 101 876 90 858 90 c 9
 522 90 l 25
 522 140 l 25
531 32 m 25
 813 32 l 25
 813 32 836 68 861 77 c 1
 887 73 875 44 906 11 c 1
 914 -7 897 -18 879 -18 c 9
 531 -18 l 25
 531 32 l 25
519 -84 m 25
 876 -84 l 25
 876 -84 899 -48 924 -39 c 1
 950 -43 938 -72 969 -105 c 1
 977 -123 960 -134 942 -134 c 9
 519 -134 l 25
 519 -84 l 25
578 228 m 25
 578 -126 l 17
 570 -155 564 -177 533 -180 c 1
 509 -178 498 -154 488 -126 c 9
 488 228 l 25
 578 228 l 25
672 378 m 25
 709 364 737 367 768 342 c 24
 778 334 759 324 753 312 c 25
 714 234 l 25
 666 234 l 25
 672 378 l 25
516 261 m 25
 861 261 l 25
 861 261 884 297 909 306 c 1
 935 302 923 273 954 240 c 1
 962 222 945 211 927 211 c 9
 516 211 l 25
 516 261 l 25
513 369 m 25
 552 355 582 361 612 333 c 24
 624 322 601 309 594 294 c 25
 576 268 567 254 549 228 c 24
 524 192 513 167 483 135 c 24
 457 107 435 98 405 75 c 25
 432 131 453 161 474 219 c 24
 495 276 498 310 513 369 c 25
708 430 m 1
 867 430 l 1
 867 380 l 1
 708 380 l 1
 708 430 l 1
702 543 m 25
 822 543 l 25
 838 556 844 581 864 576 c 24
 899 566 916 545 933 513 c 24
 940 500 920 495 912 483 c 25
 912 414 l 17
 904 385 898 363 867 360 c 1
 843 362 832 386 822 414 c 9
 822 493 l 25
 702 493 l 25
 702 543 l 25
669 570 m 25
 712 550 748 554 780 519 c 24
 794 504 767 490 759 471 c 25
 759 408 l 17
 751 379 745 357 714 354 c 1
 690 356 679 380 669 408 c 9
 669 570 l 25
468 427 m 1
 603 427 l 1
 603 377 l 1
 468 377 l 1
 468 427 l 1
471 534 m 25
 573 534 l 25
 589 547 595 572 615 567 c 24
 650 557 667 536 684 504 c 24
 691 491 671 486 663 474 c 25
 663 420 l 17
 655 391 649 369 618 366 c 1
 594 368 583 392 573 420 c 9
 573 484 l 25
 471 484 l 25
 471 534 l 25
432 573 m 25
 475 553 511 557 543 522 c 24
 557 507 530 493 522 474 c 25
 522 417 l 17
 514 388 508 366 477 363 c 1
 453 365 442 389 432 417 c 9
 432 573 l 25
687 765 m 25
 730 745 766 749 798 714 c 24
 812 699 785 685 777 666 c 25
 777 600 l 17
 769 571 763 549 732 546 c 1
 708 548 697 572 687 600 c 9
 687 765 l 25
537 765 m 25
 580 745 616 749 648 714 c 24
 662 699 635 685 627 666 c 25
 627 594 l 17
 619 565 613 543 582 540 c 1
 558 542 547 566 537 594 c 9
 537 765 l 25
432 666 m 25
 801 666 l 25
 830 694 839 726 864 735 c 1
 890 731 932 678 963 645 c 1
 971 627 954 616 936 616 c 9
 432 616 l 25
 432 666 l 25
84 -27 m 25
 495 0 l 25
 370 -44 299 -70 174 -114 c 24
 159 -119 146 -137 135 -126 c 24
 104 -96 104 -66 84 -27 c 25
363 264 m 25
 392 244 418 242 438 213 c 24
 446 201 425 195 417 183 c 25
 397 154 391 133 366 108 c 24
 341 82 320 75 291 54 c 25
 309 96 321 119 336 162 c 24
 349 201 352 224 363 264 c 25
102 240 m 25
 125 220 145 214 162 189 c 24
 188 151 203 127 210 81 c 24
 213 62 204 45 186 39 c 24
 166 32 147 37 135 54 c 24
 118 78 128 100 123 129 c 24
 115 172 110 197 102 240 c 25
228 474 m 1
 318 474 l 1
 318 -33 l 1
 228 -33 l 1
 228 474 l 1
93 363 m 25
 351 363 l 25
 351 363 374 399 399 408 c 1
 425 404 413 375 444 342 c 1
 452 324 435 313 417 313 c 9
 93 313 l 25
 93 363 l 25
171 495 m 25
 315 495 l 25
 315 495 338 531 363 540 c 1
 389 536 377 507 408 474 c 1
 416 456 399 445 381 445 c 9
 171 445 l 25
 171 495 l 25
225 726 m 25
 269 717 297 720 339 702 c 24
 381 684 410 674 435 636 c 24
 449 615 437 594 423 573 c 24
 417 563 403 567 393 573 c 24
 367 590 362 612 336 630 c 24
 296 658 268 667 225 690 c 25
 225 726 l 25
192 759 m 25
 233 743 263 745 297 717 c 24
 308 707 290 695 285 681 c 25
 259 615 253 575 219 513 c 24
 191 462 171 434 129 393 c 24
 96 361 69 355 30 330 c 25
 63 386 84 416 114 474 c 24
 137 519 152 545 165 594 c 24
 182 657 181 695 192 759 c 25
EndSplineSet
EndChar
