Width: 1000
Flags: H
TeX: 117 0
LayerCount: 2
Fore
SplineSet
660 174 m 1
 750 174 l 1
 750 -108 l 1
 660 -108 l 1
 660 174 l 1
543 -62 m 1
 897 -62 l 1
 897 -112 l 1
 543 -112 l 1
 543 -62 l 1
546 75 m 1
 882 75 l 1
 882 25 l 1
 546 25 l 1
 546 75 l 1
537 198 m 25
 831 198 l 25
 847 211 853 236 873 231 c 24
 908 221 925 200 942 168 c 24
 949 155 929 150 921 138 c 25
 921 -90 l 17
 913 -119 907 -141 876 -144 c 1
 852 -142 841 -118 831 -90 c 9
 831 148 l 25
 537 148 l 25
 537 198 l 25
501 231 m 25
 544 211 580 215 612 180 c 24
 626 165 599 151 591 132 c 25
 591 -102 l 17
 583 -131 577 -153 546 -156 c 1
 522 -154 511 -130 501 -102 c 9
 501 231 l 25
576 322 m 1
 816 322 l 1
 816 272 l 1
 576 272 l 1
 576 322 l 1
570 441 m 25
 753 441 l 25
 769 454 775 479 795 474 c 24
 830 464 847 443 864 411 c 24
 871 398 851 393 843 381 c 25
 843 309 l 17
 835 280 829 258 798 255 c 1
 774 257 763 281 753 309 c 9
 753 391 l 25
 570 391 l 25
 570 441 l 25
549 474 m 25
 592 454 628 458 660 423 c 24
 674 408 647 394 639 375 c 25
 639 309 l 17
 631 280 625 258 594 255 c 1
 570 257 559 281 549 309 c 9
 549 474 l 25
792 726 m 25
 828 706 859 707 885 675 c 24
 895 662 872 653 864 639 c 25
 825 543 l 1
 780 543 l 25
 792 726 l 25
477 708 m 25
 510 697 533 701 561 681 c 24
 588 663 605 647 612 615 c 24
 617 588 611 563 588 549 c 24
 570 538 551 553 537 570 c 24
 522 589 532 608 522 630 c 24
 508 662 495 678 477 708 c 25
645 531 m 25
 645 771 l 25
 688 751 724 755 756 720 c 24
 770 705 743 691 735 672 c 25
 735 531 l 25
 645 531 l 25
891 511 m 25
 471 511 l 25
 471 561 l 25
 894 561 l 25
 910 570 919 593 936 585 c 24
 971 568 986 546 1000 510 c 24
 1005 497 983 497 972 489 c 25
 891 441 l 25
 891 511 l 25
471 597 m 25
 489 561 511 544 516 504 c 24
 520 469 511 446 492 417 c 24
 483 404 468 403 453 408 c 24
 437 414 426 424 423 441 c 24
 420 461 435 470 441 489 c 24
 454 531 459 555 471 597 c 25
174 -120 m 24
 157 -126 144 -151 132 -138 c 24
 101 -104 106 -70 90 -27 c 25
 179 -16 229 -12 318 0 c 24
 383 9 419 16 483 27 c 25
 458 9 446 -3 420 -18 c 24
 377 -44 352 -59 306 -78 c 24
 256 -99 225 -102 174 -120 c 24
399 270 m 25
 435 244 466 240 492 204 c 24
 501 192 472 193 459 186 c 25
 431 159 417 142 387 117 c 24
 357 92 338 82 306 60 c 25
 306 114 l 25
 327 142 342 156 360 186 c 24
 378 217 384 237 399 270 c 25
114 258 m 25
 140 232 161 223 180 192 c 24
 204 155 220 131 222 87 c 24
 223 62 209 44 186 33 c 24
 171 26 156 39 150 54 c 24
 136 87 144 109 138 144 c 24
 130 189 123 214 114 258 c 25
240 480 m 1
 330 480 l 1
 330 -39 l 1
 240 -39 l 1
 240 480 l 1
84 366 m 25
 354 366 l 25
 354 366 377 402 402 411 c 1
 428 407 416 378 447 345 c 1
 455 327 438 316 420 316 c 9
 84 316 l 25
 84 366 l 25
165 510 m 25
 342 510 l 25
 342 510 365 546 390 555 c 1
 416 551 404 522 435 489 c 1
 443 471 426 460 408 460 c 9
 165 460 l 25
 165 510 l 25
255 732 m 25
 289 720 310 718 342 702 c 24
 376 686 398 679 423 651 c 24
 438 634 447 615 438 594 c 24
 429 574 408 565 387 570 c 24
 360 576 355 601 333 618 c 24
 303 642 284 653 252 675 c 25
 255 732 l 25
219 765 m 25
 258 747 286 748 318 720 c 24
 327 712 309 704 303 693 c 25
 283 653 275 629 252 591 c 24
 221 541 207 509 165 468 c 24
 140 444 116 444 84 429 c 25
 107 472 122 496 144 540 c 24
 166 585 179 610 195 657 c 24
 209 698 210 723 219 765 c 25
EndSplineSet
EndChar
