Width: 1000
Flags: HW
TeX: 117 0
LayerCount: 2
Fore
SplineSet
636 120 m 25
 673 107 699 110 732 87 c 24
 763 66 792 49 792 12 c 24
 792 -17 760 -41 732 -33 c 24
 699 -24 702 13 684 42 c 24
 665 72 655 90 636 120 c 25
462 135 m 25
 494 106 524 99 543 60 c 24
 550 46 526 41 513 33 c 24
 479 13 460 2 423 -12 c 24
 378 -29 350 -32 303 -45 c 25
 345 -2 371 21 411 66 c 24
 433 91 442 108 462 135 c 25
612 147 m 25
 612 420 l 25
 655 400 691 404 723 369 c 24
 737 354 710 340 702 321 c 25
 702 147 l 25
 612 147 l 25
435 147 m 25
 435 438 l 25
 478 418 514 422 546 387 c 24
 560 372 533 358 525 339 c 25
 525 147 l 25
 435 147 l 25
291 177 m 25
 723 177 l 25
 752 205 761 237 786 246 c 1
 812 242 854 189 885 156 c 1
 893 138 876 127 858 127 c 9
 291 127 l 25
 291 177 l 25
303 333 m 25
 699 333 l 25
 728 361 737 393 762 402 c 1
 788 398 830 345 861 312 c 1
 869 294 852 283 834 283 c 9
 303 283 l 25
 303 333 l 25
936 -30 m 25
 915 -55 905 -70 882 -93 c 24
 867 -108 856 -113 840 -126 c 25
 363 -126 l 1
 289 -114 201 -51 201 -51 c 25
 162 -81 146 -108 102 -129 c 24
 79 -140 59 -141 36 -129 c 24
 21 -121 19 -103 24 -87 c 24
 33 -60 48 -49 69 -30 c 24
 101 -1 124 10 159 36 c 25
 159 307 l 25
 15 307 l 25
 15 357 l 25
 159 357 l 25
 175 370 181 395 201 390 c 24
 236 380 253 359 270 327 c 24
 277 314 257 309 249 297 c 25
 249 21 l 25
 272 6 283 -7 309 -18 c 24
 332 -28 347 -25 372 -30 c 25
 936 -30 l 25
81 726 m 25
 129 704 166 706 204 669 c 24
 232 642 245 614 237 576 c 24
 231 551 199 537 177 549 c 24
 143 568 147 602 129 636 c 24
 110 671 100 691 81 726 c 25
615 622 m 25
 828 622 l 25
 828 572 l 25
 615 572 l 25
 615 622 l 25
582 750 m 25
 759 750 l 25
 775 763 781 788 801 783 c 24
 836 773 853 752 870 720 c 24
 877 707 857 702 849 690 c 25
 849 603 l 17
 841 574 835 552 804 549 c 1
 780 551 769 575 759 603 c 9
 759 700 l 25
 582 700 l 25
 582 750 l 25
897 423 m 25
 651 423 l 17
 623 428 599 446 594 471 c 9
 594 647 l 25
 637 627 673 631 705 596 c 24
 719 581 692 567 684 548 c 25
 684 540 l 25
 684 539 l 17
 684 518 704 504 720 503 c 9
 843 503 l 25
 885 588 l 25
 893 555 895 536 906 504 c 24
 912 487 929 480 927 462 c 24
 925 443 909 438 897 423 c 25
321 607 m 25
 486 607 l 25
 486 557 l 25
 321 557 l 25
 321 607 l 25
267 741 m 25
 435 741 l 25
 451 754 457 779 477 774 c 24
 512 764 529 743 546 711 c 24
 553 698 533 693 525 681 c 25
 525 603 l 17
 517 574 511 552 480 549 c 1
 456 551 445 575 435 603 c 9
 435 691 l 25
 267 691 l 25
 267 741 l 25
531 413 m 17
 342 413 l 17
 314 418 290 436 285 461 c 9
 285 637 l 25
 328 617 364 621 396 586 c 24
 410 571 383 557 375 538 c 25
 375 538 l 25
 375 529 l 17
 375 508 395 494 411 493 c 9
 504 493 l 25
 534 536 l 25
 536 513 534 499 540 476 c 24
 544 463 560 460 558 446 c 24
 556 430 542 426 531 413 c 17
EndSplineSet
EndChar
