Width: 1000
Flags: HW
LayerCount: 2
Fore
SplineSet
675 -26 m 24
 657 -7 648 4 630 24 c 25
 699 24 l 25
 712 38 720 45 732 60 c 24
 742 73 747 81 756 94 c 25
 557 94 l 25
 557 144 l 25
 762 144 l 25
 776 152 782 170 798 165 c 24
 829 156 848 142 864 114 c 24
 871 102 851 96 843 84 c 25
 816 45 807 19 774 -15 c 24
 752 -37 736 -53 705 -56 c 24
 689 -58 686 -38 675 -26 c 24
546 198 m 25
 627 198 l 25
 608 161 601 139 579 104 c 24
 563 78 554 62 531 42 c 24
 498 14 477 -0 438 -18 c 16
 369 -30 l 9
 411 14 439 36 477 84 c 24
 509 125 519 154 546 198 c 25
429 227 m 25
 708 227 l 25
 708 227 730 258 754 267 c 1
 773 260 797 232 816 206 c 1
 824 188 808 177 790 177 c 9
 429 177 l 25
 429 227 l 25
600 195 m 25
 600 351 l 25
 643 331 679 335 711 300 c 24
 725 285 698 271 690 252 c 25
 690 195 l 25
 600 195 l 25
687 374 m 25
 750 374 l 25
 777 342 788 320 819 291 c 24
 838 274 853 268 876 258 c 24
 909 243 929 239 963 227 c 25
 940 213 927 204 903 191 c 24
 892 185 886 174 873 177 c 24
 842 184 825 193 801 213 c 24
 772 237 763 257 741 288 c 24
 718 320 708 340 687 374 c 25
402 200 m 24
 370 183 312 173 312 173 c 1
 312 173 404 260 459 320 c 24
 476 339 481 353 495 374 c 25
 591 374 l 25
 561 337 548 311 513 278 c 24
 474 242 449 224 402 200 c 24
867 342 m 25
 382 342 l 25
 382 392 l 25
 867 392 l 25
 882 403 889 427 906 419 c 24
 938 404 949 380 963 347 c 24
 967 338 952 337 945 330 c 25
 861 267 l 25
 867 342 l 25
393 425 m 25
 401 395 414 379 414 347 c 24
 414 318 412 297 393 275 c 24
 379 258 360 251 339 258 c 24
 321 264 314 281 315 300 c 24
 316 322 330 331 342 350 c 24
 361 380 373 396 393 425 c 25
597 368 m 25
 597 491 l 25
 640 471 676 475 708 440 c 24
 722 425 695 411 687 392 c 25
 687 368 l 25
 597 368 l 25
450 510 m 1
 804 510 l 1
 804 460 l 1
 450 460 l 1
 450 510 l 1
432 608 m 1
 813 608 l 1
 813 558 l 1
 432 558 l 1
 432 608 l 1
564 800 m 25
 600 791 626 797 657 776 c 24
 668 769 652 756 648 744 c 25
 615 686 l 25
 552 686 l 25
 564 800 l 25
445 710 m 25
 759 710 l 25
 775 723 781 748 801 743 c 24
 836 733 853 712 870 680 c 24
 877 667 857 662 849 650 c 25
 849 482 l 17
 841 453 835 431 804 428 c 1
 780 430 769 454 759 482 c 9
 759 660 l 25
 445 660 l 25
 445 710 l 25
414 740 m 25
 457 720 493 724 525 689 c 24
 539 674 512 660 504 641 c 25
 504 494 l 17
 496 465 490 443 459 440 c 1
 435 442 424 466 414 494 c 9
 414 740 l 25
186 35 m 25
 186 225 l 25
 39 225 l 25
 39 275 l 25
 186 275 l 25
 202 288 208 313 228 308 c 24
 263 298 280 277 297 245 c 24
 304 232 284 227 276 215 c 25
 276 38 l 25
 294 23 302 13 321 -1 c 24
 355 -26 376 -38 411 -61 c 25
 975 -61 l 25
 952 -80 937 -89 915 -109 c 24
 899 -124 893 -135 879 -151 c 25
 420 -151 l 25
 387 -138 367 -135 336 -118 c 24
 295 -95 276 -76 237 -49 c 25
 217 -69 209 -84 186 -100 c 24
 158 -119 142 -135 108 -139 c 24
 85 -142 59 -140 51 -118 c 24
 39 -87 47 -59 69 -34 c 24
 104 6 140 8 186 35 c 25
108 566 m 25
 141 550 163 547 192 524 c 24
 228 496 252 479 270 437 c 24
 280 414 274 391 255 374 c 24
 238 359 217 363 198 374 c 24
 178 386 178 404 168 425 c 24
 156 449 151 463 141 488 c 24
 128 518 121 536 108 566 c 25
183 758 m 25
 224 744 253 747 288 722 c 24
 316 703 327 682 336 650 c 24
 342 630 339 613 324 599 c 24
 311 587 293 585 279 596 c 24
 254 615 253 638 237 665 c 24
 216 701 204 722 183 758 c 25
EndSplineSet
EndChar
