Width: 1000
Flags: HW
LayerCount: 2
Fore
SplineSet
162 12 m 25
 162 226 l 25
 39 226 l 25
 39 276 l 25
 162 276 l 25
 178 289 184 314 204 309 c 24
 239 299 256 278 273 246 c 24
 280 233 260 228 252 216 c 25
 252 39 l 25
 279 17 291 0 321 -18 c 24
 354 -38 376 -44 411 -60 c 25
 975 -60 l 25
 952 -79 937 -88 915 -108 c 24
 899 -123 893 -134 879 -150 c 25
 420 -150 l 25
 387 -137 367 -135 336 -117 c 24
 286 -89 263 -66 216 -33 c 25
 184 -75 179 -113 135 -141 c 24
 112 -156 84 -149 66 -129 c 24
 50 -112 56 -88 69 -69 c 24
 96 -29 126 -20 162 12 c 25
141 471 m 24
 121.62 504.414 106.23 520.41 84 552 c 25
 126.12 541.47 153.446 544.965 192 525 c 24
 221.386 509.782 240.63 496.078 252 465 c 24
 260.678 441.28 256.936 417.506 237 402 c 24
 216.682 386.197 191.901 386.977 171 402 c 24
 147.173 419.126 155.722 445.617 141 471 c 24
183 759 m 25
 223.95 746.13 251.726 748.949 288 726 c 24
 312.139 710.729 324.26 693.98 330 666 c 24
 334.685 643.163 331.635 621.566 312 609 c 24
 293.044 596.868 271.419 602.607 255 618 c 24
 229.422 641.979 231.945 667.774 216 699 c 24
 203.854 722.784 195.87 735.6 183 759 c 25
835 8 m 25
 835 175 l 25
 334 175 l 25
 334 225 l 25
 835 225 l 25
 851 238 857 263 877 258 c 24
 912 248 929 227 946 195 c 24
 953 182 933 177 925 165 c 25
 925 -6 l 17
 915 -39 908 -63 878 -72 c 24
 857 -79 854 -48 837 -35 c 24
 811 -16 794 -9 766 8 c 25
 835 8 l 25
309 266 m 25
 352 246 388 250 420 215 c 24
 434 200 407 186 399 167 c 25
 399 6 l 17
 391 -23 385 -45 354 -48 c 1
 330 -46 319 -22 309 6 c 9
 309 266 l 25
711 176 m 25
 740.25 155.33 765.205 152.161 786 123 c 24
 801.858 100.762 802.68 80.9101 798 54 c 24
 794.256 32.4697 787.334 12.7409 766 8 c 24
 744.514 3.22559 726.929 16.3572 717 36 c 24
 705.903 57.9521 721.053 74.4248 720 99 c 24
 718.705 129.207 714.51 145.97 711 176 c 25
431 105 m 25
 746 120 l 25
 751 80 l 25
 657.01 60.5 603.284 52.6351 510 30 c 24
 496.778 26.792 488.867 4.6326 479 14 c 24
 449.9 41.626 449.72 69.5098 431 105 c 25
567 531 m 1
 657 531 l 1
 657 90 l 1
 567 90 l 1
 567 531 l 1
397 355 m 1
 819 355 l 1
 819 305 l 1
 397 305 l 1
 397 355 l 1
407 460 m 1
 840 460 l 1
 840 410 l 1
 407 410 l 1
 407 460 l 1
392 554 m 25
 767 554 l 25
 783 567 789 592 809 587 c 24
 844 577 861 556 878 524 c 24
 885 511 865 506 857 494 c 25
 857 334 l 17
 849 305 843 283 812 280 c 1
 788 282 777 306 767 334 c 9
 767 504 l 25
 392 504 l 25
 392 554 l 25
364 586 m 25
 407 566 443 570 475 535 c 24
 489 520 462 506 454 487 c 25
 454 339 l 17
 446 310 440 288 409 285 c 1
 385 287 374 311 364 339 c 9
 364 586 l 25
660 782 m 25
 703 762 739 766 771 731 c 24
 785 716 758 702 750 683 c 25
 750 609 l 17
 742 580 736 558 705 555 c 1
 681 557 670 581 660 609 c 9
 660 782 l 25
468 784 m 25
 511 764 547 768 579 733 c 24
 593 718 566 704 558 685 c 25
 558 611 l 17
 550 582 544 560 513 557 c 1
 489 559 478 583 468 611 c 9
 468 784 l 25
256 683 m 25
 814 683 l 25
 843 711 852 743 877 752 c 1
 903 748 945 695 976 662 c 1
 984 644 967 633 949 633 c 9
 256 633 l 25
 256 683 l 25
EndSplineSet
EndChar
