Width: 1000
Flags: H
TeX: 117 0
LayerCount: 2
Fore
SplineSet
120 -108 m 24
 101 -120 81 -127 63 -114 c 24
 39 -97 16 -71 30 -45 c 24
 59 8 105 12 153 48 c 25
 153 280 l 25
 21 280 l 25
 21 330 l 25
 153 330 l 25
 169 343 175 368 195 363 c 24
 230 353 247 332 264 300 c 24
 271 287 251 282 243 270 c 25
 243 27 l 25
 273 7 288 -9 321 -24 c 24
 353 -38 374 -38 408 -47 c 25
 852 -47 l 25
 1000 -30 l 25
 966 -57 944 -70 912 -99 c 24
 898 -112 894 -123 882 -138 c 25
 372 -138 l 17
 330 -120 316 -105 282 -81 c 24
 253 -60 238 -46 210 -24 c 25
 175 -57 161 -83 120 -108 c 24
81 651 m 25
 122 640 149 644 186 624 c 24
 218 607 238 592 252 558 c 24
 260 537 253 516 234 504 c 24
 214 492 193 496 174 510 c 24
 148 530 150 555 132 582 c 24
 114 610 101 624 81 651 c 25
339 81 m 25
 783 81 l 25
 812 109 821 141 846 150 c 1
 872 146 914 93 945 60 c 1
 953 42 936 31 918 31 c 9
 339 31 l 25
 339 81 l 25
621 306 m 25
 667 288 698 289 738 261 c 24
 748 254 729 245 723 234 c 25
 642 63 l 25
 594 63 l 25
 621 306 l 25
447 312 m 25
 481 276 509 262 534 219 c 24
 550 191 556 169 549 138 c 24
 544 115 530 98 507 96 c 24
 485 94 472 110 462 129 c 24
 448 156 453 176 450 207 c 24
 447 248 448 271 447 312 c 25
399 351 m 1
 774 351 l 1
 774 301 l 1
 399 301 l 1
 399 351 l 1
405 558 m 9
 729 558 l 25
 745 571 751 596 771 591 c 24
 806 581 823 560 840 528 c 24
 847 515 827 510 819 498 c 25
 819 330 l 17
 811 301 805 279 774 276 c 1
 750 278 739 302 729 330 c 9
 729 508 l 25
 405 508 l 17
 405 558 l 9
372 585 m 25
 415 565 451 569 483 534 c 24
 497 519 470 505 462 486 c 25
 462 315 l 17
 454 286 448 264 417 261 c 1
 393 263 382 287 372 315 c 9
 372 585 l 25
288 693 m 25
 753 693 l 25
 782 721 791 753 816 762 c 1
 842 758 884 705 915 672 c 1
 923 654 906 643 888 643 c 9
 288 643 l 25
 288 693 l 25
EndSplineSet
EndChar
