Width: 1000
Flags: H
TeX: 117 0
LayerCount: 2
Fore
SplineSet
135 12 m 25
 135 220 l 25
 0 220 l 25
 0 270 l 25
 135 270 l 25
 151.38 282.87 156.89 308.435 177 303 c 24
 212.178 293.492 229.287 272.381 246 240 c 24
 252.55 227.309 233.19 221.7 225 210 c 25
 225 0 l 25
 243.72 -14.04 252.319 -25.0515 273 -36 c 24
 312.375 -56.8457 342 -69 378 -81 c 9
 855 -81 l 25
 966 -51 l 25
 935.58 -89.6104 922.325 -114.817 888 -150 c 24
 874.825 -163.504 862.38 -164.64 846 -174 c 25
 384 -174 l 25
 353.58 -163.47 333.176 -164.255 306 -147 c 24
 258.322 -116.729 238.29 -90.2695 195 -54 c 25
 175.11 -82.0801 170.269 -103.773 144 -126 c 24
 122.77 -143.964 105.183 -158.877 78 -153 c 24
 52.0732 -147.395 24.3387 -127.072 33 -102 c 24
 52.4795 -45.6113 95.2197 -32.46 135 12 c 25
75 666 m 25
 114.78 650.79 144.125 654.074 177 627 c 24
 207.36 601.998 223.839 579.109 228 540 c 24
 230.678 514.831 216.689 491.575 192 486 c 24
 166.944 480.342 151.915 499.669 135 519 c 24
 117.397 539.117 118.102 557.251 108 582 c 24
 94.6992 614.588 87.8701 633.24 75 666 c 25
438 148 m 1
 657 148 l 1
 657 98 l 1
 438 98 l 1
 438 148 l 1
426 270 m 25
 612 270 l 25
 628.38 282.87 633.891 308.435 654 303 c 24
 689.178 293.492 706.287 272.381 723 240 c 24
 729.55 227.309 710.19 221.7 702 210 c 25
 702 129 l 17
 694 100 688 78 657 75 c 1
 633 77 622 101 612 129 c 9
 612 220 l 25
 426 220 l 25
 426 270 l 25
411 0 m 1
 411 174 l 25
 454.29 154.11 489.953 158.251 522 123 c 24
 535.745 107.881 509.19 93.7197 501 75 c 25
 501 60 l 17
 510 33 507 27 534 30 c 9
 711 30 l 25
 722.7 44.04 730.973 50.7206 741 66 c 24
 755.652 88.3271 761.13 102.6 774 126 c 25
 778.68 90.9004 776.37 70.0761 786 36 c 24
 791.841 15.3311 819.573 8.44813 813 -12 c 24
 805.255 -36.0967 780.06 -33.96 759 -48 c 25
 459 -48 l 17
 434.364 -40.6064 411 -30.8936 411 0 c 1
663 339 m 25
 720 339 l 25
 767.97 300.39 789.497 270.484 843 240 c 24
 891.551 212.337 925.35 210.72 978 192 c 25
 962.79 174.45 954.803 164.018 939 147 c 24
 924.363 131.237 921.266 104.764 900 108 c 24
 855.366 114.792 835.942 139.411 801 168 c 24
 758.095 203.104 736.815 226.859 702 270 c 24
 682.587 294.055 678.21 312.09 663 339 c 25
465 438 m 25
 561 438 l 25
 546.96 407.58 542.536 388.548 525 360 c 24
 492.038 306.342 471.661 276.915 432 228 c 24
 401.254 190.08 384.631 166.507 345 138 c 24
 316.427 117.447 293.76 117.87 261 105 c 25
 289.08 138.93 308.27 155.556 333 192 c 24
 375.138 254.098 396.518 290.874 432 357 c 24
 448.128 387.058 452.13 406.41 465 438 c 25
228 363 m 25
 801 363 l 25
 830 391 839 423 864 432 c 1
 890 428 932 375 963 342 c 1
 971 324 954 313 936 313 c 9
 228 313 l 25
 228 363 l 25
624 693 m 1
 714 693 l 1
 714 444 l 1
 624 444 l 1
 624 693 l 1
468 684 m 1
 558 684 l 1
 558 447 l 1
 468 447 l 1
 468 684 l 1
342 475 m 1
 849 475 l 1
 849 425 l 1
 342 425 l 1
 342 475 l 1
345 591 m 25
 777 591 l 25
 793 604 799 629 819 624 c 24
 854 614 871 593 888 561 c 24
 895 548 875 543 867 531 c 25
 867 450 l 17
 859 421 853 399 822 396 c 1
 798 398 787 422 777 450 c 9
 777 541 l 25
 345 541 l 25
 345 591 l 25
315 615 m 25
 358 595 394 599 426 564 c 24
 440 549 413 535 405 516 c 25
 405 450 l 17
 397 421 391 399 360 396 c 1
 336 398 325 422 315 450 c 9
 315 615 l 25
264 714 m 25
 756 714 l 25
 756 714 794 774 819 783 c 1
 845 779 887 726 918 693 c 1
 926 675 909 664 891 664 c 9
 264 664 l 25
 264 714 l 25
EndSplineSet
EndChar
