Width: 1000
Flags: H
TeX: 117 0
LayerCount: 2
Fore
SplineSet
174 21 m 25
 174 190 l 25
 54 190 l 25
 54 240 l 25
 174 240 l 25
 190.38 252.87 195.89 278.435 216 273 c 24
 251.178 263.492 268.287 242.381 285 210 c 24
 291.55 197.309 272.19 191.7 264 180 c 25
 264 0 l 25
 286.23 -11.7002 297.839 -20.2723 321 -30 c 24
 356.483 -44.9033 377.73 -50.1299 414 -63 c 25
 945 -63 l 25
 926.28 -84.0596 916.559 -96.7169 897 -117 c 24
 884.927 -129.521 876.87 -135.3 864 -147 c 25
 426 -147 l 17
 395.634 -142.258 372.034 -135.948 336 -111 c 9
 292.266 -86.1055 271.95 -65.25 231 -36 c 25
 211.11 -57.0596 202.446 -71.6885 180 -90 c 24
 157.608 -108.267 145.896 -129 117 -129 c 24
 91.0215 -129 69.4697 -115.16 63 -90 c 24
 56.0742 -63.0654 70.335 -43.665 90 -24 c 24
 116.279 2.2793 141.24 3.4502 174 21 c 25
87 483 m 25
 124.44 472.47 150.133 476.794 183 456 c 24
 210.49 438.608 228.525 422.065 234 390 c 24
 238.228 365.237 226.288 344.59 204 333 c 24
 187.229 324.279 171.862 337.148 159 351 c 24
 139.418 372.089 139.781 391.736 126 417 c 24
 111.684 443.247 102.21 457.26 87 483 c 25
135 723 m 25
 177.12 706.62 206.42 707.538 243 681 c 24
 269.004 662.134 282.462 643.646 288 612 c 24
 291.789 590.347 282.85 572.31 264 561 c 24
 246.827 550.696 226.942 552.622 213 567 c 24
 184.95 595.926 186.02 623.961 168 660 c 24
 155.596 684.809 147.87 698.43 135 723 c 25
468 234 m 25
 511.29 207.09 533.77 188.502 579 165 c 24
 653.324 126.381 696.182 105.983 774 75 c 24
 822.831 55.5576 852.69 51.21 903 36 c 25
 877.26 25.4697 859.631 25.1649 837 9 c 24
 817.373 -5.01953 822.093 -37.8527 798 -39 c 24
 760.365 -40.792 743.437 -16.1675 711 3 c 24
 666.021 29.5791 642.091 47.0504 600 78 c 24
 562.461 105.603 542.28 122.563 507 153 c 24
 482.562 174.084 470.4 187.77 447 210 c 25
 468 234 l 25
705 247 m 9
 468 247 l 25
 468 297 l 25
 705 297 l 25
 724.89 308.7 734.614 335.67 756 327 c 24
 790.714 312.927 800.88 286.272 816 252 c 24
 820.862 240.979 806.85 235.53 801 225 c 25
 754.2 175.86 732.804 142.834 681 99 c 24
 640.857 65.0332 613.771 51.0349 567 27 c 24
 529.12 7.53418 506.39 -1.96613 465 -12 c 24
 428.454 -20.8594 406.44 -17.4902 369 -21 c 25
 425.16 10.5898 459.48 24.1175 513 60 c 24
 562.78 93.375 590.065 114.184 633 156 c 24
 665.42 187.575 687 216 705 247 c 9
477 396 m 25
 512.1 379.62 537.922 379.589 567 354 c 24
 575.286 346.708 557.85 339.36 552 330 c 25
 528.6 290.22 518.771 265.594 492 228 c 24
 463.584 188.098 447.995 164.109 411 132 c 24
 384.907 109.354 363.42 106.38 333 90 c 25
 356.4 135.63 371.165 160.601 393 207 c 24
 427.346 279.984 444.24 322.29 477 396 c 25
573 402 m 9
 573 585 l 25
 663 585 l 25
 663 468 l 17
 663 447.476 670.793 431.844 696 435 c 9
 810 435 l 25
 817.02 449.04 822.573 456.27 828 471 c 24
 839.003 500.865 842.64 518.58 852 549 c 25
 860.19 512.73 860.625 491.063 873 456 c 24
 881.889 430.816 912.068 422.007 906 396 c 24
 900.525 372.538 879 372 852 366 c 9
 648 366 l 17
 619.422 363.018 582 369.985 573 402 c 9
444 570 m 25
 480.27 566.49 504.168 576.808 537 561 c 24
 548.354 555.533 529.68 542.7 525 531 c 25
 512.13 506.43 507.938 490.7 492 468 c 24
 469.102 435.388 457.807 414.005 426 390 c 24
 394.234 366.025 369.27 364.38 333 348 c 25
 355.23 383.1 371.42 400.839 390 438 c 24
 414.875 487.749 422.94 518.52 444 570 c 25
705 711 m 25
 744.78 689.94 774.184 687.807 807 657 c 24
 834.096 631.563 849.528 610.082 852 573 c 24
 853.619 548.708 840.288 523.675 816 522 c 24
 789.537 520.175 779.059 544.506 765 567 c 24
 748.723 593.043 752.812 613.651 741 642 c 24
 729.326 670.018 719.04 684.09 705 711 c 25
312 606 m 25
 777 636 l 25
 804 597 l 25
 647.22 567.75 558.668 551.842 402 522 c 24
 386.666 519.079 374.411 502.35 363 513 c 24
 332.76 541.225 331.89 569.73 312 606 c 25
522 777 m 25
 562.95 754.77 595.967 754.757 627 720 c 24
 637.483 708.259 608.7 703.53 597 693 c 25
 504 576 l 25
 456 576 l 25
 470.04 615.78 478.839 637.92 492 678 c 24
 504.586 716.33 510.3 738.39 522 777 c 25
EndSplineSet
EndChar
