Width: 1000
Flags: H
TeX: 117 0
LayerCount: 2
Fore
SplineSet
672 504 m 25
 672 41 l 17
 664 12 658 -10 627 -13 c 1
 603 -11 592 13 582 41 c 9
 582 504 l 25
 672 504 l 25
414 382 m 25
 825 382 l 25
 825 332 l 25
 414 332 l 25
 414 382 l 25
414 239 m 25
 825 239 l 25
 825 189 l 25
 414 189 l 25
 414 239 l 25
789 68 m 25
 789 467 l 25
 420 467 l 25
 420 517 l 25
 789 517 l 25
 805 530 811 555 831 550 c 24
 866 540 883 519 900 487 c 24
 907 474 887 469 879 457 c 25
 879 71 l 26
 879 26 852 -24 822 -28 c 0
 789 -32 788 4 765 23 c 24
 741 42 727 50 702 68 c 25
 789 68 l 25
381 550 m 25
 381 550 460 534 492 499 c 24
 506 484 479 470 471 451 c 25
 471 34 l 17
 463 5 457 -17 426 -20 c 1
 402 -18 391 6 381 34 c 9
 381 550 l 25
501 657 m 17
 576 639 589 633 633 598 c 24
 659 578 674 548 671 524 c 0
 668 500 650 488 628 489 c 24
 605 491 598 509 584 530 c 0
 570 551 563 566 548 588 c 24
 530 615 519 630 501 657 c 17
642 553 m 25
 612 592 l 25
 696 677 l 25
 363 677 l 25
 363 727 l 25
 723 727 l 25
 741 742 746 774 768 766 c 24
 811 749 829 721 849 679 c 24
 855 667 831 668 819 661 c 25
 642 553 l 25
201 31 m 25
 201 305 l 25
 42 305 l 25
 42 355 l 25
 201 355 l 25
 217 368 223 393 243 388 c 24
 278 378 295 357 312 325 c 24
 319 312 299 307 291 295 c 25
 291 34 l 17
 291 34 414 -50 513 -50 c 10
 804 -50 l 26
 975 -38 l 25
 943 -61 925 -73 894 -97 c 24
 879 -109 858 -130 858 -130 c 25
 501 -130 l 2
 417 -130 270 -36 270 -36 c 25
 238 -65 225 -88 189 -110 c 24
 160 -128 139 -140 105 -137 c 24
 85 -136 71 -121 69 -101 c 24
 66 -75 74 -57 93 -38 c 24
 128 -3 159 4 201 31 c 25
111 727 m 17
 167 707 192 697 234 664 c 24
 264 641 285 623 291 586 c 24
 296 560 282 537 258 526 c 24
 236 516 217 529 201 546 c 24
 174 575 173 601 155 637 c 24
 138 672 128 692 111 727 c 17
EndSplineSet
EndChar
