Width: 1000
Flags: HW
TeX: 117 0
LayerCount: 2
Fore
SplineSet
390 12 m 24
 348.917 43.417 340.59 76.0498 309 117 c 25
 326.55 121.68 336.815 123.121 354 129 c 24
 470.241 168.767 535.17 193.05 651 234 c 25
 681 186 l 25
 575.7 128.67 513.902 100.529 411 39 c 24
 399.551 32.1543 400.597 3.89659 390 12 c 24
30 372 m 25
 147 372 l 25
 159.87 383.7 162.828 404.77 180 402 c 24
 208.877 397.343 224.67 381.911 240 357 c 24
 247.178 345.337 232.68 336.87 228 324 c 25
 228 33 l 25
 257.25 20.1299 273.472 12.2186 303 0 c 24
 341.345 -15.8672 363.39 -23.79 402 -39 c 25
 792 -39 l 25
 966 -15 l 25
 937.92 -40.7402 917.438 -50.9707 894 -81 c 24
 879.159 -100.015 891.714 -138 870 -138 c 9
 387 -138 l 17
 303 -102 216 -30 216 -30 c 25
 186.75 -45.21 171.054 -55.4464 141 -69 c 24
 111.289 -82.3994 95.5059 -99 63 -99 c 24
 39.8379 -99 21.4791 -82.962 18 -60 c 24
 14.0811 -34.1328 26.1504 -14.3887 48 0 c 24
 79.0547 20.4502 104.73 12.8096 141 21 c 25
 141 312 l 25
 30 312 l 25
 30 372 l 25
66 711 m 25
 130.35 689.94 180.814 702.451 231 657 c 24
 257.074 633.386 250.778 590.937 225 567 c 24
 202.446 546.057 171.094 559.849 147 579 c 24
 119.554 600.816 126.337 630.117 108 660 c 24
 94.5234 681.961 82.3799 691.11 66 711 c 25
795 393 m 25
 827.76 354.39 864.57 342.536 879 294 c 24
 884.823 274.414 846.795 290.016 828 282 c 24
 766.873 255.932 734.67 236.25 675 207 c 25
 636 228 l 25
 680.46 267.78 708.603 287.041 750 330 c 24
 770.951 351.742 777.45 368.43 795 393 c 25
522 411 m 25
 585 411 l 25
 610.74 361.86 621.599 332.041 651 285 c 24
 674.441 247.494 686.786 224.206 720 195 c 24
 755.863 163.465 782.564 153.903 825 132 c 24
 855.312 116.355 874.41 111.87 906 99 c 25
 867.39 83.79 843.951 78.8861 807 60 c 24
 790.727 51.6826 788.262 23.9959 771 30 c 24
 723.701 46.4521 700.073 68.7278 669 108 c 24
 614.34 177.084 593.452 223.742 555 303 c 24
 535.775 342.625 534.87 368.88 522 411 c 25
399 441 m 25
 747 441 l 25
 747 391 l 25
 399 391 l 25
 399 441 l 25
402 591 m 25
 738 591 l 25
 738 541 l 25
 402 541 l 25
 402 591 l 25
393 735 m 25
 690 735 l 25
 706.38 747.87 711.891 773.435 732 768 c 24
 767.178 758.492 784.287 737.381 801 705 c 24
 807.55 692.309 788.19 686.7 780 675 c 25
 780 426 l 17
 772 397 766 372 735 372 c 1
 711 372 700 398 690 426 c 9
 690 685 l 25
 393 685 l 25
 393 735 l 25
366 87 m 25
 366 759 l 25
 409 739 445 743 477 708 c 24
 491 693 464 679 456 660 c 25
 456 87 l 25
 366 87 l 25
EndSplineSet
EndChar
