Width: 1000
Flags: H
TeX: 117 0
LayerCount: 2
Fore
SplineSet
555 141 m 25
 699 141 l 25
 699 91 l 25
 555 91 l 25
 555 141 l 25
531 307 m 25
 663 307 l 25
 679 320 685 345 705 340 c 24
 740 330 757 309 774 277 c 24
 781 264 761 259 753 247 c 25
 753 106 l 17
 745 77 739 55 708 52 c 1
 684 54 673 78 663 106 c 9
 663 257 l 25
 531 257 l 25
 531 307 l 25
498 333 m 25
 498 333 577 317 609 282 c 24
 623 267 596 253 588 234 c 25
 588 88 l 17
 580 59 574 37 543 34 c 1
 519 36 508 60 498 88 c 9
 498 333 l 25
597 584 m 25
 774 584 l 25
 774 534 l 25
 597 534 l 25
 597 584 l 25
573 387 m 25
 573 612 l 25
 573 612 652 596 684 561 c 24
 698 546 671 532 663 513 c 25
 663 387 l 25
 573 387 l 25
783 60 m 18
 796 60 810 67 810 99 c 2
 810 361 l 9
 393 361 l 25
 393 411 l 25
 810 411 l 25
 826 424 832 449 852 444 c 24
 887 434 904 413 921 381 c 24
 928 368 908 363 900 351 c 25
 900 90 l 18
 900 42 897 30 876 0 c 24
 859 -24 839 -40 810 -36 c 24
 785 -32 788 -3 771 15 c 24
 752 35 738 42 717 60 c 25
 783 60 l 18
348 438 m 25
 348 438 427 422 459 387 c 24
 473 372 446 358 438 339 c 25
 438 24 l 17
 430 -5 424 -27 393 -30 c 1
 369 -28 358 -4 348 24 c 9
 348 438 l 25
729 405 m 25
 729 691 l 25
 450 691 l 25
 450 741 l 25
 729 741 l 25
 745 754 751 779 771 774 c 24
 806 764 823 743 840 711 c 24
 847 698 827 693 819 681 c 25
 819 405 l 25
 729 405 l 25
429 399 m 25
 429 774 l 25
 429 774 508 758 540 723 c 24
 554 708 527 694 519 675 c 25
 519 399 l 25
 429 399 l 25
1000 -60 m 25
 980 -74 968 -82 948 -96 c 24
 923 -113 924 -140 885 -140 c 2
 483 -140 l 18
 426 -140 378 -122 315 -96 c 24
 271 -78 213 -30 213 -30 c 25
 213 -30 171 -91 135 -120 c 24
 114 -137 96 -147 69 -144 c 24
 48 -142 35 -128 30 -108 c 24
 25 -87 34 -73 48 -57 c 24
 86 -15 116 -0 159 36 c 25
 159 283 l 25
 18 283 l 25
 18 333 l 25
 159 333 l 25
 175 346 181 371 201 366 c 24
 236 356 253 335 270 303 c 24
 277 290 257 285 249 273 c 25
 249 45 l 25
 249 45 308 1 351 -18 c 24
 401 -40 445 -60 486 -60 c 2
 1000 -60 l 25
108 723 m 1
 156 710 185 701 225 672 c 24
 256 649 273 630 285 594 c 24
 292 572 289 550 270 537 c 24
 251 523 228 525 210 540 c 24
 178 566 173 593 156 630 c 0
 139 668 131 685 108 723 c 1
EndSplineSet
EndChar
