Width: 1000
Flags: HW
LayerCount: 2
Fore
SplineSet
764 143 m 25
 741 184 l 17
 764 208 775 222 795 247 c 24
 813 269 822 282 839 304 c 25
 870 278 897 272 918 237 c 24
 925 226 898 230 886 226 c 25
 764 143 l 25
722 203 m 24
 702 247 704 276 693 322 c 25
 748 322 l 25
 763 278 764 251 786 210 c 24
 810 166 828 142 865 107 c 24
 903 71 932 60 975 30 c 25
 957 22 945 21 929 10 c 24
 912 -2 912 -31 892 -28 c 24
 859 -23 845 -0 825 27 c 24
 778 91 754 130 722 203 c 24
667 187 m 25
 693 117 l 25
 665 94 653 75 622 57 c 24
 575 30 546 21 495 3 c 24
 454 -12 429 -15 387 -26 c 25
 434 4 461 19 507 51 c 24
 542 75 562 89 594 117 c 24
 624 143 639 160 667 187 c 25
540 114 m 24
 495 92 464 97 415 86 c 25
 450 110 470 122 504 147 c 24
 533 169 550 180 577 205 c 24
 592 218 597 229 610 244 c 25
 656 205 l 25
 611 170 592 139 540 114 c 24
608 280 m 25
 636 259 657 253 679 226 c 24
 704 195 714 173 727 135 c 24
 737 105 743 86 738 55 c 24
 733 22 724 1 702 -24 c 24
 683 -46 666 -59 637 -60 c 24
 621 -60 625 -37 614 -26 c 24
 595 -7 580 1 559 18 c 25
 625 18 l 25
 637 33 651 38 656 57 c 24
 663 82 662 99 656 125 c 24
 648 158 641 177 622 205 c 24
 608 225 592 229 573 244 c 25
 608 280 l 25
587 332 m 25
 681 332 l 25
 660 303 654 281 627 257 c 24
 593 226 569 214 529 192 c 24
 494 172 472 166 435 150 c 25
 474 190 498 209 534 252 c 24
 558 281 566 301 587 332 c 25
458 361 m 25
 850 361 l 25
 850 361 873 397 898 406 c 1
 924 402 912 373 943 340 c 1
 951 322 934 311 916 311 c 9
 458 311 l 25
 458 361 l 25
454 491 m 25
 727 540 l 25
 741 556 748 574 764 581 c 1
 788 583 800 548 812 540 c 9
 818 531 809 524 807 514 c 25
 454 444 l 25
 454 491 l 25
628 709 m 25
 802 709 l 25
 802 709 825 745 850 754 c 1
 876 750 864 721 895 688 c 1
 903 670 886 659 868 659 c 9
 628 659 l 25
 628 709 l 25
594 431 m 9
 594 786 l 25
 637 766 673 770 705 735 c 24
 719 720 692 706 684 687 c 25
 684 491 l 17
 692 478 699 474 712 470 c 9
 812 470 l 25
 822 483 829 490 837 504 c 24
 847 521 850 532 858 550 c 25
 867 518 867 498 882 467 c 24
 889 452 915 449 911 433 c 17
 909 415 905 415 865 400 c 9
 642 400 l 17
 609 405 597 417 594 431 c 9
843 578 m 25
 444 578 l 25
 444 628 l 25
 843 628 l 25
 860 637 868 658 886 651 c 24
 922 637 942 618 957 582 c 24
 963 568 937 569 924 561 c 25
 828 516 l 25
 843 578 l 25
412 267 m 25
 412 651 l 25
 455 631 491 635 523 600 c 24
 537 585 510 571 502 552 c 25
 502 249 l 25
 501 225 496 211 486 187 c 24
 469 146 464 122 440 83 c 24
 418 47 404 26 369 -2 c 24
 336 -30 307 -37 267 -60 c 25
 300 -17 325 4 352 49 c 24
 377 91 386 116 398 161 c 24
 409 202 406 226 412 267 c 25
162 12 m 25
 162 226 l 25
 39 226 l 25
 39 276 l 25
 162 276 l 25
 178 289 184 314 204 309 c 24
 239 299 256 278 273 246 c 24
 280 233 260 228 252 216 c 25
 252 39 l 25
 279 17 290 -1 321 -18 c 24
 363 -41 393 -54 435 -60 c 9
 975 -60 l 25
 952 -79 937 -88 915 -108 c 24
 899 -123 893 -134 879 -150 c 25
 444 -150 l 17
 393 -144 376 -135 336 -117 c 24
 289 -96 266 -77 222 -51 c 25
 188 -86 179 -119 135 -141 c 24
 111 -153 84 -149 66 -129 c 24
 50 -112 56 -88 69 -69 c 24
 96 -29 126 -20 162 12 c 25
150 465 m 24
 128 501 110 518 84 552 c 25
 126 541 154 546 192 525 c 24
 225 507 247 491 261 456 c 24
 271 433 266 409 246 393 c 24
 226 377 201 378 180 393 c 24
 156 411 166 439 150 465 c 24
183 759 m 25
 224 746 251 748 288 726 c 24
 319 707 339 691 351 657 c 24
 359 635 353 612 333 600 c 24
 312 587 290 595 270 609 c 24
 250 624 253 644 240 666 c 24
 219 703 205 723 183 759 c 25
EndSplineSet
EndChar
