Width: 1000
Flags: H
TeX: 117 0
LayerCount: 2
Fore
SplineSet
747 181 m 25
 642 181 l 25
 642 231 l 25
 741 231 l 25
 760.89 240.36 771.201 262.115 792 255 c 24
 824.877 243.753 840.698 223.668 855 192 c 24
 860.878 178.984 840.261 174.836 834 162 c 24
 816.757 126.651 813.069 103.934 795 69 c 24
 777.85 35.8428 769.426 15.3329 744 -12 c 24
 721.673 -36.002 707.654 -57.1187 675 -60 c 24
 655.152 -61.751 655.848 -35.3252 642 -21 c 24
 621.867 -0.172852 609.06 10.1104 588 30 c 25
 654 30 l 25
 672.72 45.21 689.351 48.463 702 69 c 24
 726.687 109.082 729.45 137.32 747 181 c 25
459 291 m 25
 549 291 l 25
 541.98 253.56 541.328 231.665 531 195 c 24
 517.855 148.335 510.947 121.229 489 78 c 24
 471.944 44.4043 461.626 23.2775 432 0 c 24
 409.882 -17.3789 389.91 -12.8096 363 -21 c 25
 382.89 14.0996 398.639 31.6951 414 69 c 24
 431.623 111.799 437.805 137.638 447 183 c 24
 455.419 224.534 454.32 248.88 459 291 c 25
618 265 m 25
 387 265 l 25
 387 315 l 25
 609 315 l 25
 630.06 330.21 637.579 359.352 663 354 c 24
 696.202 347.01 709.878 322.29 723 291 c 24
 728.523 277.829 707.938 273.989 702 261 c 24
 689.075 232.727 693.247 211.169 675 186 c 24
 657.831 162.319 643.824 145.97 615 141 c 24
 599.488 138.325 588.982 155.29 588 171 c 24
 586.315 197.959 600.787 211.267 609 237 c 24
 612.487 247.927 614.49 254.08 618 265 c 25
570 522 m 25
 660 522 l 25
 696.27 498.6 714.697 481.898 753 462 c 24
 805.079 434.946 837.18 425.4 891 402 c 25
 864.09 387.96 842.683 388.215 822 366 c 24
 808.076 351.045 814.68 334.89 810 315 c 25
 759.69 354.78 729.568 375.111 681 417 c 24
 635.876 455.92 613.29 481.05 570 522 c 25
465 516 m 25
 540 516 l 25
 540 459 l 25
 510.75 440.28 495.487 427.629 465 411 c 24
 418.145 385.442 391.095 371.937 342 351 c 24
 311.37 337.938 292.59 334.53 261 324 c 25
 313.65 370.8 344.703 395.721 396 444 c 24
 424.321 470.655 438.09 487.92 465 516 c 25
615 666 m 25
 615 399 l 17
 607 370 601 348 570 345 c 1
 546 347 535 371 525 399 c 9
 525 666 l 25
 615 666 l 25
294 552 m 25
 732 552 l 25
 732 552 770 612 795 621 c 1
 821 617 863 564 894 531 c 1
 902 513 885 502 867 502 c 9
 294 502 l 25
 294 552 l 25
186 0 m 25
 186 214 l 25
 42 214 l 25
 42 264 l 25
 186 264 l 25
 202.38 276.87 207.89 302.435 228 297 c 24
 263.178 287.492 280.287 266.381 297 234 c 24
 303.55 221.309 284.19 215.7 276 204 c 25
 276 21 l 25
 366 -36 l 25
 465 -72 l 25
 828 -72 l 25
 963 -42 l 25
 922.05 -75.9297 896.97 -92.8132 858 -129 c 24
 847.534 -138.718 845.19 -147.3 837 -159 c 25
 450 -159 l 25
 405.54 -139.11 378.637 -131.546 336 -108 c 24
 299.92 -88.0752 282.93 -71.4004 249 -48 c 25
 229.11 -74.9102 221.326 -93.0076 198 -117 c 24
 179.892 -135.626 169.168 -149.562 144 -156 c 24
 115.572 -163.272 88.8282 -171.631 69 -150 c 24
 51.4463 -130.85 62.0223 -104.484 78 -84 c 24
 110.818 -41.9258 143.88 -32.7598 186 0 c 25
96 654 m 25
 140.46 635.28 174.212 638.347 210 606 c 24
 239.524 579.314 260.736 551.826 252 513 c 24
 245.657 484.808 208.985 473.358 183 486 c 24
 151.002 501.566 157.363 535.401 141 567 c 24
 123.434 600.922 113.55 620.07 96 654 c 25
729 762 m 25
 744.21 725.73 764.329 708.158 768 669 c 24
 769.098 657.293 749.61 667.858 738 666 c 24
 691.086 658.494 665.121 651.08 618 645 c 24
 556.227 637.029 521.274 631.164 459 630 c 24
 395.733 628.817 360.18 635.49 297 639 c 25
 376.56 660.06 421.846 670.463 501 693 c 24
 590.352 718.44 640.08 735.09 729 762 c 25
EndSplineSet
EndChar
