Width: 1000
Flags: H
TeX: 117 0
LayerCount: 2
Fore
SplineSet
600 738 m 25
 600 738 679 722 711 687 c 24
 725 672 698 658 690 639 c 25
 690 -105 l 17
 682 -134 676 -156 645 -159 c 1
 621 -157 610 -133 600 -105 c 9
 600 738 l 25
807 655 m 25
 636 655 l 25
 636 705 l 25
 816 705 l 25
 834 718 840 743 861 738 c 24
 894 730 910 709 924 678 c 24
 930 664 910 659 903 645 c 24
 878 595 867 566 843 516 c 24
 825 479 795 423 795 423 c 1
 795 423 840 371 861 333 c 24
 894 273 914 239 933 174 c 24
 944 136 949 111 939 72 c 24
 929 31 915 9 885 -21 c 24
 867 -39 849 -46 825 -42 c 24
 808 -39 813 -18 801 -6 c 24
 777 18 761 29 735 51 c 25
 807 51 l 17
 834 57 845 79 852 105 c 24
 861 138 853 159 846 192 c 24
 840 222 833 239 819 267 c 24
 789 326 766 357 732 414 c 25
 746 450 756 470 768 507 c 24
 786 564 792 597 807 655 c 25
204 243 m 10
 204 684 l 25
 294 684 l 25
 294 233 l 18
 294 173 289 146 273 93 c 24
 259 46 245 21 216 -19 c 24
 190 -54 171 -73 135 -97 c 24
 106 -117 84 -125 51 -130 c 1
 98 -77 112 -55 141 -1 c 24
 163 40 171 66 183 111 c 24
 196 161 204 195 204 243 c 10
72 302 m 25
 441 302 l 25
 441 252 l 25
 72 252 l 25
 72 302 l 25
93 506 m 25
 441 506 l 25
 441 456 l 25
 93 456 l 25
 93 506 l 25
363 -39 m 18
 398 -40 399 -16 399 6 c 2
 399 664 l 9
 54 664 l 25
 54 714 l 25
 399 714 l 25
 415 727 421 752 441 747 c 24
 476 737 493 716 510 684 c 24
 517 671 497 666 489 654 c 25
 489 -24 l 18
 489 -73 455 -108 408 -129 c 24
 382 -140 374 -100 351 -84 c 24
 323 -65 305 -57 276 -39 c 25
 363 -39 l 18
EndSplineSet
EndChar
