Width: 1000
Flags: H
TeX: 117 0
LayerCount: 2
Fore
SplineSet
180 9 m 25
 180 274 l 25
 39 274 l 25
 39 324 l 25
 180 324 l 25
 196 337 202 362 222 357 c 24
 257 347 274 326 291 294 c 24
 298 281 278 276 270 264 c 25
 270 16 l 25
 270 16 323 -20 360 -36 c 24
 404 -56 441 -76 477 -76 c 2
 858 -76 l 26
 978 -60 l 25
 955 -81 941 -93 918 -114 c 24
 900 -130 889 -156 873 -156 c 2
 492 -156 l 2
 405 -156 237 -54 237 -54 c 9
 237 -54 206 -89 183 -108 c 24
 159 -129 148 -150 117 -156 c 24
 88 -162 59 -161 45 -135 c 24
 31 -108 45 -82 66 -60 c 24
 102 -22 180 9 180 9 c 25
94 704 m 17
 154 698 199 681 235 654 c 0
 264 633 278 603 268 568 c 24
 260 541 227 527 202 540 c 24
 163 559 164 595 140 630 c 24
 121 660 112 676 94 704 c 17
612 297 m 25
 657 297 l 25
 657 297 714 226 756 186 c 24
 792 151 813 131 855 105 c 24
 894 81 963 57 963 57 c 25
 963 57 907 43 873 27 c 24
 858 20 856 -6 840 0 c 24
 799 15 784 41 753 72 c 24
 720 105 703 126 678 165 c 24
 650 208 612 297 612 297 c 25
531 315 m 25
 579 306 l 25
 591 231 l 25
 591 231 534 156 492 114 c 24
 464 86 447 69 411 51 c 24
 371 30 344 24 300 15 c 1
 347 57 374 82 417 129 c 24
 443 158 456 176 477 210 c 24
 501 249 531 315 531 315 c 25
396 331 m 25
 792 331 l 25
 792 281 l 25
 396 281 l 25
 396 331 l 25
390 516 m 25
 762 516 l 25
 778 529 784 554 804 549 c 24
 839 539 856 518 873 486 c 24
 880 473 860 468 852 456 c 25
 852 300 l 17
 844 271 838 249 807 246 c 1
 783 248 772 272 762 300 c 9
 762 466 l 25
 390 466 l 25
 390 516 l 25
351 547 m 25
 351 547 430 531 462 496 c 24
 476 481 449 467 441 448 c 25
 441 291 l 17
 433 262 427 240 396 237 c 1
 372 239 361 263 351 291 c 9
 351 547 l 25
555 792 m 25
 555 792 634 776 666 741 c 24
 680 726 653 712 645 693 c 25
 645 -36 l 17
 637 -65 631 -87 600 -90 c 1
 576 -88 565 -64 555 -36 c 9
 555 792 l 25
300 654 m 25
 765 654 l 25
 794 682 803 714 828 723 c 1
 854 719 896 666 927 633 c 1
 935 615 918 604 900 604 c 9
 300 604 l 25
 300 654 l 25
EndSplineSet
EndChar
