Width: 1000
Flags: HW
LayerCount: 2
Fore
SplineSet
869 620 m 25
 872 596 868 581 877 559 c 24
 883 542 907 541 906 523 c 24
 905 505 885 505 872 493 c 25
 646 493 l 17
 624 500 617 507 598 534 c 9
 598 671 l 25
 688 671 l 25
 688 585 l 17
 688 565 701 566 713 564 c 9
 822 564 l 25
 869 620 l 25
421 590 m 25
 421 671 l 25
 511 671 l 25
 511 590 l 25
 504 569 507 553 493 536 c 24
 470 508 453 495 420 480 c 24
 374 459 344 460 296 447 c 25
 320 467 334 477 357 498 c 24
 372 512 381 520 393 537 c 24
 406 556 410 569 421 590 c 25
537 684 m 25
 537 800 l 25
 580 780 616 784 648 749 c 24
 662 734 635 720 627 701 c 25
 627 684 l 25
 537 684 l 25
840 651 m 25
 329 651 l 25
 329 701 l 25
 841 701 l 25
 854 712 859 736 874 729 c 24
 917 710 940 689 963 648 c 24
 970 635 940 642 926 638 c 25
 822 579 l 25
 840 651 l 25
327 737 m 25
 335 702 349 684 348 648 c 24
 347 617 345 594 322 572 c 24
 302 553 278 549 252 557 c 24
 234 561 225 580 231 597 c 24
 242 628 269 633 288 661 c 24
 307 688 312 707 327 737 c 25
678 367 m 25
 712 314 729 282 765 231 c 24
 788 198 799 178 830 152 c 24
 867 121 895 112 936 87 c 25
 920 75 910 68 894 56 c 24
 877 43 870 12 852 23 c 0
 816 47 787 63 762 102 c 24
 701 199 676 248 634 367 c 9
 678 367 l 25
670 517 m 25
 707 500 736 502 765 474 c 24
 775 465 750 459 740 450 c 25
 649 374 l 1
 592 374 l 25
 616 415 630 437 653 478 c 24
 661 493 663 502 670 517 c 25
374 511 m 25
 418 500 448 507 486 483 c 24
 513 466 525 446 530 415 c 24
 533 398 518 388 502 382 c 24
 484 376 470 378 455 389 c 24
 441 399 448 416 438 430 c 24
 416 464 399 479 374 511 c 25
824 319 m 25
 855 293 882 286 903 252 c 24
 910 241 888 239 876 234 c 24
 829 213 802 204 754 184 c 25
 740 208 l 25
 824 319 l 25
620 217 m 25
 654 135 l 25
 626 116 612 103 582 87 c 24
 535 62 509 45 458 29 c 24
 416 16 389 20 345 15 c 25
 400 50 432 69 486 105 c 24
 524 131 548 143 583 173 c 24
 600 187 606 200 620 217 c 25
579 315 m 25
 614 245 l 25
 580 222 563 207 528 185 c 24
 492 162 472 146 432 131 c 24
 391 115 364 115 321 105 c 25
 371 139 402 155 450 192 c 24
 479 214 493 230 519 255 c 24
 543 278 556 292 579 315 c 25
581 365 m 25
 606 330 622 312 645 276 c 24
 661 249 670 234 680 205 c 24
 692 171 703 151 702 115 c 24
 700 71 695 44 672 7 c 17
 650 -29 644 -26 594 -57 c 9
 570 -62 565 -32 546 -17 c 24
 526 -3 514 4 494 18 c 25
 586 18 l 25
 596 32 607 37 612 53 c 24
 621 84 625 103 621 134 c 24
 614 180 603 205 584 248 c 24
 568 286 553 304 533 339 c 25
 581 365 l 25
502 377 m 25
 595 377 l 25
 574 352 566 333 540 312 c 24
 498 278 472 261 423 237 c 24
 384 218 359 217 318 205 c 25
 352 230 374 242 404 269 c 0
 424 287 441 304 463 328 c 24
 479 346 487 358 502 377 c 25
298 390 m 25
 746 390 l 25
 775 418 784 450 809 459 c 1
 835 455 877 402 908 369 c 1
 916 351 899 340 881 340 c 9
 298 340 l 25
 298 390 l 25
174 21 m 25
 174 286 l 25
 45 286 l 25
 45 336 l 25
 174 336 l 25
 190 349 196 374 216 369 c 24
 251 359 268 338 285 306 c 24
 292 293 272 288 264 276 c 25
 264 24 l 17
 303 -12 369 -51 423 -57 c 9
 825 -57 l 25
 927 -36 l 25
 904 -61 889 -73 867 -99 c 24
 849 -121 841 -136 825 -159 c 25
 432 -159 l 17
 378 -147 362 -132 321 -108 c 24
 278 -83 257 -64 216 -36 c 25
 195 -65 189 -87 162 -111 c 24
 135 -134 116 -162 81 -153 c 24
 53 -146 40 -109 54 -84 c 24
 83 -29 127 -20 174 21 c 25
84 687 m 25
 114 678 135 679 162 663 c 24
 197 642 224 631 240 594 c 24
 250 571 234 561 219 534 c 0
 207 513 177 516 159 531 c 24
 133 553 141 581 126 612 c 24
 111 642 100 658 84 687 c 25
EndSplineSet
EndChar
