Width: 1000
Flags: H
TeX: 117 0
LayerCount: 2
Fore
SplineSet
291 120 m 25
 729 120 l 25
 758 148 767 180 792 189 c 1
 818 185 860 132 891 99 c 1
 899 81 882 70 864 70 c 9
 291 70 l 25
 291 120 l 25
390 246 m 25
 762 246 l 25
 762 196 l 25
 390 196 l 25
 390 246 l 25
393 390 m 25
 753 390 l 25
 753 340 l 25
 393 340 l 25
 393 390 l 25
384 528 m 25
 708 528 l 25
 724 541 730 566 750 561 c 24
 785 551 802 530 819 498 c 24
 826 485 806 480 798 468 c 25
 798 234 l 17
 790 205 784 183 753 180 c 1
 729 182 718 206 708 234 c 9
 708 478 l 25
 384 478 l 25
 384 528 l 25
339 558 m 25
 339 558 418 542 450 507 c 24
 464 492 437 478 429 459 c 25
 429 222 l 17
 421 193 415 171 384 168 c 1
 360 170 349 194 339 222 c 9
 339 558 l 25
150 30 m 25
 150 271 l 25
 18 271 l 25
 18 321 l 25
 150 321 l 25
 166 334 172 359 192 354 c 24
 227 344 244 323 261 291 c 24
 268 278 248 273 240 261 c 25
 240 30 l 1
 240 30 293 -12 333 -27 c 24
 389 -48 421 -61 483 -61 c 10
 939 -61 l 25
 916 -78 901 -86 879 -105 c 24
 864 -118 857 -127 843 -141 c 25
 477 -141 l 26
 410 -141 366 -132 309 -105 c 0
 257 -80 216 -33 216 -33 c 25
 216 -33 167 -114 117 -141 c 24
 90 -156 55 -155 39 -129 c 24
 23 -103 49 -82 66 -57 c 24
 93 -18 117 -4 150 30 c 25
69 723 m 17
 124 703 153 691 195 654 c 24
 222 631 235 610 240 575 c 24
 243 554 233 534 213 529 c 24
 190 523 172 534 155 552 c 24
 129 579 128 603 111 636 c 24
 94 670 85 689 69 723 c 17
279 654 m 25
 696 654 l 25
 725 682 734 714 759 723 c 1
 785 719 827 666 858 633 c 1
 866 615 849 604 831 604 c 9
 279 604 l 25
 279 654 l 25
525 792 m 25
 525 792 604 776 636 741 c 24
 650 726 623 712 615 693 c 25
 615 -15 l 17
 607 -44 601 -66 570 -69 c 1
 546 -67 535 -43 525 -15 c 9
 525 792 l 25
EndSplineSet
EndChar
