Width: 1000
Flags: H
TeX: 117 0
LayerCount: 2
Fore
SplineSet
549 708 m 25
 592 688 628 692 660 657 c 24
 674 642 647 628 639 609 c 25
 639 -24 l 17
 631 -53 625 -75 594 -78 c 1
 570 -76 559 -52 549 -24 c 9
 549 708 l 25
282 111 m 25
 801 111 l 25
 830 139 839 171 864 180 c 1
 890 176 932 123 963 90 c 1
 971 72 954 61 936 61 c 9
 282 61 l 25
 282 111 l 25
402 237 m 25
 780 237 l 25
 780 187 l 25
 402 187 l 25
 402 237 l 25
405 350 m 25
 762 350 l 25
 762 300 l 25
 405 300 l 25
 405 350 l 25
405 474 m 25
 729 474 l 25
 745 487 751 512 771 507 c 24
 806 497 823 476 840 444 c 24
 847 431 827 426 819 414 c 25
 819 206 l 17
 811 177 805 155 774 152 c 1
 750 154 739 178 729 206 c 9
 729 424 l 25
 405 424 l 25
 405 474 l 25
369 501 m 25
 412 481 448 485 480 450 c 24
 494 435 467 421 459 402 c 25
 459 194 l 17
 451 165 445 143 414 140 c 1
 390 142 379 166 369 194 c 9
 369 501 l 25
369 588 m 25
 768 588 l 25
 768 588 790 619 814 628 c 1
 833 621 857 593 876 567 c 1
 884 549 868 538 850 538 c 9
 369 538 l 25
 369 588 l 25
819 676 m 25
 375 676 l 25
 375 726 l 25
 810 726 l 25
 831 737 842 763 864 753 c 24
 904 735 922 710 939 669 c 24
 945 654 921 652 909 642 c 24
 872 611 850 594 813 564 c 25
 819 676 l 25
372 768 m 25
 388 729 410 711 414 669 c 24
 418 626 422 590 390 561 c 24
 369 542 330 551 321 582 c 0
 312 615 333 633 342 666 c 24
 353 706 360 728 372 768 c 25
171 27 m 25
 171 292 l 25
 15 292 l 25
 15 342 l 25
 171 342 l 25
 187 355 193 380 213 375 c 24
 248 365 265 344 282 312 c 24
 289 299 269 294 261 282 c 25
 261 24 l 17
 261 24 328 -16 375 -33 c 24
 420 -50 456 -60 495 -62 c 1
 972 -62 l 25
 949 -79 935 -88 912 -105 c 24
 893 -119 891 -138 864 -141 c 1
 486 -141 l 1
 429 -134 391 -121 333 -99 c 24
 287 -81 265 -62 222 -39 c 25
 190 -69 179 -95 141 -117 c 24
 111 -135 87 -150 54 -138 c 24
 31 -130 19 -98 33 -78 c 24
 72 -23 117 -14 171 27 c 25
84 696 m 17
 126 690 161 684 201 657 c 24
 232 636 255 615 258 579 c 0
 260 548 229 522 201 531 c 24
 160 544 160 583 135 618 c 24
 114 648 104 666 84 696 c 17
EndSplineSet
EndChar
