Width: 1000
Flags: HW
TeX: 117 0
LayerCount: 2
Fore
SplineSet
591 714 m 25
 634.29 694.11 669.953 698.251 702 663 c 24
 715.745 647.881 689.19 633.72 681 615 c 25
 681 -96 l 17
 673 -125 667 -147 636 -150 c 1
 612 -148 601 -124 591 -96 c 9
 591 714 l 25
813 631 m 25
 624 631 l 25
 624 681 l 25
 810 681 l 25
 829.89 692.7 839.393 719.102 861 711 c 24
 898.215 697.044 912.225 671.55 930 636 c 24
 935.18 625.641 914.59 625.145 909 615 c 24
 882.733 567.331 871.724 538.457 849 489 c 24
 831.938 451.865 807 393 807 393 c 1
 807 393 881.899 306.396 909 240 c 24
 929.949 188.675 933.876 154.008 927 99 c 24
 921.678 56.4229 908.225 31.4172 879 0 c 24
 858.281 -22.2734 836.512 -37.3779 807 -30 c 24
 781.492 -23.623 788.468 7.34869 771 27 c 24
 750.597 49.9541 734.4 58.1104 711 78 c 25
 792 78 l 25
 803.7 89.7002 815.985 92.5858 822 108 c 24
 835.431 142.415 844.145 164.29 840 201 c 24
 835.588 240.082 819.025 259.043 801 294 c 24
 780.31 334.127 764.4 354.39 741 393 c 25
 755.04 437.46 763.499 462.373 777 507 c 24
 791.581 555.199 798.96 582.64 813 631 c 25
90 123 m 25
 194.13 132.36 252.895 137.361 357 147 c 24
 442.437 154.911 490.59 159.81 576 168 c 17
 519 132 470.331 116.078 399 93 c 24
 310.714 64.4365 257.522 60.4152 168 36 c 24
 154.361 32.2803 144.437 10.4736 135 21 c 24
 105.976 53.373 107.55 83.2197 90 123 c 25
279 -45 m 25
 279 222 l 25
 322.29 202.11 357.953 206.251 390 171 c 24
 403.745 155.881 377.19 141.72 369 123 c 25
 369 -75 l 17
 363 -114 348 -147 312 -150 c 0
 288.857 -151.929 273.066 -113.594 246 -93 c 24
 219.143 -72.5645 202.08 -63.7197 174 -45 c 25
 279 -45 l 25
393 265 m 25
 117 265 l 25
 117 315 l 25
 411 315 l 25
 432.06 322.02 446.613 345.438 465 333 c 24
 497.098 311.287 506.266 284.162 513 246 c 24
 515.273 233.118 494.069 237.97 483 231 c 24
 430.825 198.149 351 144 351 144 c 1
 309 183 l 25
 393 265 l 25
177 413 m 25
 462 413 l 25
 462 363 l 25
 177 363 l 25
 177 413 l 25
159 558 m 25
 411 558 l 25
 427 571 433 596 453 591 c 24
 488 581 505 560 522 528 c 24
 529 515 509 510 501 498 c 25
 501 399 l 17
 493 370 487 348 456 345 c 1
 432 347 421 371 411 399 c 9
 411 508 l 25
 159 508 l 25
 159 558 l 25
141 588 m 25
 184 568 220 572 252 537 c 24
 266 522 239 508 231 489 c 25
 231 402 l 17
 223 373 217 351 186 348 c 1
 162 350 151 374 141 402 c 9
 141 588 l 25
78 666 m 25
 453 666 l 25
 453 666 475 697 499 706 c 1
 518 699 542 671 561 645 c 1
 569 627 553 616 535 616 c 9
 78 616 l 25
 78 666 l 25
276 648 m 25
 276 786 l 25
 319 766 355 770 387 735 c 24
 401 720 374 706 366 687 c 25
 366 648 l 25
 276 648 l 25
EndSplineSet
EndChar
