Width: 1000
Flags: HW
TeX: 117 0
LayerCount: 2
Fore
SplineSet
438 257 m 1
 780 257 l 1
 780 207 l 1
 438 207 l 1
 438 257 l 1
435 394 m 1
 777 394 l 1
 777 344 l 1
 435 344 l 1
 435 394 l 1
708 102 m 25
 708 465 l 25
 441 465 l 25
 441 515 l 25
 708 515 l 25
 724.38 527.87 729.891 553.435 750 548 c 24
 785.178 538.492 802.287 517.381 819 485 c 24
 825.55 472.309 806.19 466.7 798 455 c 25
 798 42 l 17
 783 27 770.631 -1.61399 744 0 c 24
 718.387 1.55273 717.145 29.8555 699 48 c 24
 677.347 69.6533 664.23 80.9404 642 102 c 25
 708 102 l 25
405 539 m 25
 448.29 519.11 483.953 523.251 516 488 c 24
 529.745 472.881 503.19 458.72 495 440 c 25
 495 42 l 17
 487 13 481 -9 450 -12 c 1
 426 -10 415 14 405 42 c 9
 405 539 l 25
714 693 m 25
 763.14 676.62 796.221 678.684 840 651 c 24
 878.516 626.645 901.363 606.425 918 564 c 24
 927.74 539.161 924.039 509.574 900 498 c 24
 875.915 486.403 856.166 506.366 837 525 c 24
 811.819 549.481 812.746 574.663 792 603 c 24
 764.562 640.477 744.42 657.9 714 693 c 25
549 486 m 25
 549 765 l 25
 592 745 628 749 660 714 c 24
 674 699 647 685 639 666 c 25
 639 486 l 25
 549 486 l 25
381 696 m 25
 417.27 678.45 447.777 681.593 474 651 c 24
 485.242 637.884 461.19 627.21 453 612 c 25
 434.28 585.09 424.85 569.088 405 543 c 24
 383.864 515.222 375.191 495.886 348 474 c 24
 325.974 456.271 307.74 455.7 282 444 c 25
 304.23 493.14 319.279 519.801 339 570 c 24
 357.94 618.211 364.62 646.86 381 696 c 25
162 39 m 25
 162 238 l 25
 21 238 l 25
 21 288 l 25
 162 288 l 25
 178.38 300.87 183.89 326.435 204 321 c 24
 239.178 311.492 256.287 290.381 273 258 c 24
 279.55 245.309 260.19 239.7 252 228 c 25
 252 66 l 25
 276.57 40.2598 285.084 19.2678 315 0 c 24
 355.557 -26.1211 387 -33 429 -48 c 9
 819 -48 l 25
 963 -15 l 25
 943.11 -36.0596 928.894 -45.4686 912 -69 c 24
 895.824 -91.5312 891.87 -107.43 879 -132 c 25
 444 -132 l 25
 403.05 -121.47 377.391 -122.719 339 -105 c 24
 285.062 -80.1055 260.31 -55.5898 210 -24 c 25
 192.45 -46.2305 187.592 -63.9182 165 -81 c 24
 138.275 -101.206 117.795 -130.198 87 -117 c 24
 56.3936 -103.883 45.5719 -66.0105 60 -36 c 24
 81.3945 8.5 122.22 9.75 162 39 c 25
72 528 m 25
 116.46 515.13 146.75 519.531 186 495 c 24
 215.765 476.397 234.093 457.6 240 423 c 24
 243.987 399.647 228.94 380.938 207 372 c 24
 188.484 364.457 173.714 376.464 159 390 c 24
 142.438 405.237 144.002 421.962 132 441 c 24
 110.02 475.866 95.4004 494.07 72 528 c 25
126 735 m 25
 169.29 722.13 198.702 725.936 237 702 c 24
 267.37 683.019 294 665.814 294 630 c 24
 294 598.562 267.764 566.523 237 573 c 24
 199.201 580.958 201.834 622.135 180 654 c 24
 158.54 685.319 147.06 703.41 126 735 c 25
EndSplineSet
EndChar
