Width: 1000
Flags: HW
TeX: 117 0
LayerCount: 2
Fore
SplineSet
174 17 m 25
 174 267 l 25
 33 267 l 25
 33 317 l 25
 174 317 l 25
 190 330 196 355 216 350 c 24
 251 340 268 319 285 287 c 24
 292 274 272 269 264 257 c 25
 264 20 l 25
 264 20 321 -25 363 -42 c 24
 409 -60 438 -70 486 -70 c 2
 859 -70 l 1
 963 -60 l 9
 941 -78 927 -86 906 -105 c 24
 889 -121 891 -144 867 -151 c 9
 450 -151 l 2
 351 -151 225 -42 225 -42 c 25
 225 -42 188 -102 153 -129 c 24
 127 -149 107 -164 75 -159 c 24
 51 -156 34 -136 35 -112 c 24
 37 -79 57 -64 81 -42 c 24
 112 -13 174 17 174 17 c 25
87 696 m 17
 130 685 161 675 198 645 c 24
 226 622 242 601 246 564 c 24
 249 540 235 519 212 511 c 24
 190 504 173 517 157 535 c 24
 137 558 139 579 127 607 c 24
 112 642 103 661 87 696 c 17
464 82 m 25
 758 82 l 25
 758 32 l 25
 464 32 l 25
 464 82 l 25
452 283 m 25
 731 283 l 25
 747 296 753 321 773 316 c 24
 808 306 825 285 842 253 c 24
 849 240 829 235 821 223 c 25
 821 56 l 17
 813 27 807 5 776 2 c 1
 752 4 741 28 731 56 c 9
 731 233 l 25
 452 233 l 25
 452 283 l 25
428 315 m 25
 428 315 507 299 539 264 c 24
 553 249 526 235 518 216 c 25
 518 43 l 17
 510 14 504 -8 473 -11 c 1
 449 -9 438 15 428 43 c 9
 428 315 l 25
309 428 m 25
 777 428 l 25
 777 428 815 488 840 497 c 1
 866 493 908 440 939 407 c 1
 947 389 930 378 912 378 c 9
 309 378 l 25
 309 428 l 25
400 605 m 25
 756 605 l 25
 756 605 778 636 802 645 c 1
 821 638 845 610 864 584 c 1
 872 566 856 555 838 555 c 9
 400 555 l 25
 400 605 l 25
573 398 m 25
 573 783 l 25
 573 783 652 767 684 732 c 24
 698 717 671 703 663 684 c 25
 663 398 l 25
 573 398 l 25
403 747 m 25
 403 747 471 738 503 712 c 24
 514 703 494 692 488 679 c 24
 460 619 456 585 415 525 c 0
 387 484 372 465 316 444 c 1
 348 528 356 555 377 627 c 24
 390 673 403 747 403 747 c 25
EndSplineSet
EndChar
