Width: 1000
Flags: H
TeX: 117 0
LayerCount: 2
Fore
SplineSet
522 78 m 1
 834 78 l 1
 834 28 l 1
 522 28 l 1
 522 78 l 1
525 198 m 1
 846 198 l 1
 846 148 l 1
 525 148 l 1
 525 198 l 1
531 316 m 1
 834 316 l 1
 834 266 l 1
 531 266 l 1
 531 316 l 1
525 435 m 25
 792 435 l 25
 808 448 814 473 834 468 c 24
 869 458 886 437 903 405 c 24
 910 392 890 387 882 375 c 25
 882 36 l 17
 874 7 868 -15 837 -18 c 1
 813 -16 802 8 792 36 c 9
 792 385 l 25
 525 385 l 25
 525 435 l 25
486 471 m 25
 529 451 565 455 597 420 c 24
 611 405 584 391 576 372 c 25
 576 34 l 17
 568 5 562 -17 531 -20 c 1
 507 -18 496 6 486 34 c 9
 486 471 l 25
633 681 m 1
 723 681 l 1
 723 420 l 1
 633 420 l 1
 633 681 l 1
387 564 m 25
 798 564 l 25
 827 592 836 624 861 633 c 1
 887 629 929 576 960 543 c 1
 968 525 951 514 933 514 c 9
 387 514 l 25
 387 564 l 25
879 702 m 24
 884 685 852 693 834 690 c 24
 745 676 695 672 606 660 c 24
 525 649 480 644 399 633 c 25
 393 684 l 25
 453 698 486 706 546 720 c 24
 608 735 644 741 705 759 c 24
 744 770 765 781 804 795 c 25
 833 759 866 747 879 702 c 24
351 219 m 26
 351 738 l 25
 394 718 430 722 462 687 c 24
 476 672 449 658 441 639 c 25
 441 231 l 18
 441 180 418 125 384 66 c 24
 360 24 336 0 297 -21 c 1
 324 42 329 47 339 93 c 24
 350 141 351 170 351 219 c 26
912 -93 m 24
 895 -106 892 -120 879 -138 c 25
 453 -138 l 18
 416 -138 358 -137 321 -108 c 8
 285 -80 264 -64 228 -36 c 25
 198 -71 188 -99 150 -126 c 24
 123 -145 98 -162 69 -147 c 24
 46 -135 53 -103 66 -81 c 24
 97 -27 132 -10 174 36 c 25
 174 298 l 25
 27 298 l 25
 27 348 l 25
 174 348 l 25
 190 361 196 386 216 381 c 24
 251 371 268 350 285 318 c 24
 292 305 272 300 264 288 c 25
 264 39 l 25
 304 9 322 -15 366 -38 c 24
 396 -53 405 -56 450 -56 c 10
 987 -56 l 25
 958 -70 938 -73 912 -93 c 24
69 720 m 17
 114 715 145 710 187 687 c 24
 217 671 236 656 246 624 c 24
 254 600 248 576 227 561 c 24
 208 548 187 556 170 571 c 24
 141 596 139 622 117 654 c 24
 99 680 88 694 69 720 c 17
EndSplineSet
EndChar
