Width: 1000
Flags: H
TeX: 117 0
LayerCount: 2
Fore
SplineSet
627 789 m 25
 627 789 692 758 720 723 c 24
 728 713 707 708 699 699 c 25
 648 660 574 597 574 597 c 25
 534 597 l 25
 627 789 l 25
285 771 m 17
 325 761 341 756 371 734 c 24
 399 713 417 699 429 666 c 24
 437 643 437 620 418 605 c 24
 399 590 375 594 357 609 c 24
 333 630 337 655 324 684 c 24
 309 718 300 737 285 771 c 17
345 54 m 1
 389 40 415 28 447 -5 c 24
 471 -30 483 -52 481 -86 c 24
 480 -111 464 -131 440 -134 c 24
 415 -137 396 -120 389 -96 c 0
 381 -70 383 -49 374 -20 c 24
 365 10 358 28 345 54 c 1
627 -84 m 25
 627 159 l 25
 717 159 l 25
 717 -114 l 26
 717 -157 676 -179 634 -186 c 24
 608 -190 610 -151 589 -135 c 24
 558 -111 536 -104 502 -84 c 25
 627 -84 l 25
45 72 m 25
 771 72 l 25
 800 100 809 132 834 141 c 1
 860 137 902 84 933 51 c 1
 941 33 924 22 906 22 c 9
 45 22 l 25
 45 72 l 25
234 187 m 25
 708 187 l 25
 708 137 l 25
 234 137 l 25
 234 187 l 25
243 300 m 25
 711 300 l 25
 711 250 l 25
 243 250 l 25
 243 300 l 25
495 366 m 1
 495 597 l 9
 585 597 l 25
 585 426 l 17
 587 414 609 408 609 408 c 25
 699 408 l 25
 699 336 l 25
 540 336 l 25
 540 336 522 342 495 366 c 1
354 468 m 26
 354 597 l 25
 444 597 l 25
 444 480 l 26
 444 438 434 411 409 377 c 24
 387 346 365 335 330 321 c 0
 304 311 287 308 261 306 c 1
 292 332 310 349 330 384 c 24
 347 414 354 434 354 468 c 26
237 519 m 25
 675 519 l 25
 691 532 697 557 717 552 c 24
 752 542 769 521 786 489 c 24
 793 476 773 471 765 459 c 25
 765 168 l 17
 757 139 751 117 720 114 c 1
 696 116 685 140 675 168 c 9
 675 469 l 25
 237 469 l 25
 237 519 l 25
201 546 m 25
 201 546 280 530 312 495 c 24
 326 480 299 466 291 447 c 25
 291 162 l 17
 283 133 277 111 246 108 c 1
 222 110 211 134 201 162 c 9
 201 546 l 25
87 624 m 25
 732 624 l 25
 732 624 770 684 795 693 c 1
 821 689 863 636 894 603 c 1
 902 585 885 574 867 574 c 9
 87 574 l 25
 87 624 l 25
EndSplineSet
EndChar
