Width: 1000
Flags: H
TeX: 117 0
LayerCount: 2
Fore
SplineSet
241 220 m 25
 717 220 l 25
 717 170 l 25
 241 170 l 25
 241 220 l 25
684 528 m 25
 727 508 763 512 795 477 c 24
 809 462 782 448 774 429 c 25
 774 165 l 17
 766 136 760 114 729 111 c 1
 705 113 694 137 684 165 c 9
 684 528 l 25
198 519 m 25
 241 499 277 503 309 468 c 24
 323 453 296 439 288 420 c 25
 288 150 l 17
 280 121 274 99 243 96 c 1
 219 98 208 122 198 150 c 9
 198 519 l 25
807 717 m 25
 828 676 854 657 861 612 c 24
 863 598 839 607 825 603 c 25
 712 584 648 573 534 555 c 24
 450 542 403 530 318 522 c 24
 213 512 153 513 48 507 c 25
 160 539 223 558 336 588 c 24
 470 624 547 638 681 675 c 24
 731 689 758 701 807 717 c 25
435 -90 m 25
 435 792 l 25
 478 772 514 776 546 741 c 24
 560 726 533 712 525 693 c 25
 525 -18 l 1
 525 -42 534 -57 555 -54 c 9
 849 -54 l 25
 860 -33 868 -22 876 0 c 24
 897 60 905 95 924 156 c 25
 933 78 931 32 948 -45 c 24
 952 -65 983 -67 978 -87 c 24
 972 -114 951 -129 927 -135 c 9
 492 -135 l 1
 453 -132 435 -90 435 -90 c 25
EndSplineSet
EndChar
