Width: 1000
Flags: H
TeX: 117 0
LayerCount: 2
Fore
SplineSet
327 91 m 25
 690 91 l 25
 690 41 l 25
 327 41 l 25
 327 91 l 25
462 441 m 25
 552 441 l 25
 552 69 l 25
 462 69 l 25
 462 441 l 25
618 363 m 25
 618 363 697 347 729 312 c 24
 743 297 716 283 708 264 c 25
 708 12 l 17
 700 -17 694 -39 663 -42 c 1
 639 -40 628 -16 618 12 c 9
 618 363 l 25
294 369 m 25
 294 369 373 353 405 318 c 24
 419 303 392 289 384 270 c 25
 384 15 l 17
 376 -14 370 -36 339 -39 c 1
 315 -37 304 -13 294 15 c 9
 294 369 l 25
252 477 m 25
 666 477 l 25
 666 477 688 508 712 517 c 1
 731 510 755 482 774 456 c 1
 782 438 766 427 748 427 c 9
 252 427 l 25
 252 477 l 25
591 687 m 25
 591 687 664 673 699 645 c 24
 710 636 688 627 681 615 c 24
 667 592 661 577 645 555 c 24
 629 532 619 519 599 498 c 24
 582 480 574 473 552 456 c 1
 564 509 572 551 582 612 c 24
 587 641 591 687 591 687 c 25
317 686 m 1
 368 672 394 661 429 627 c 24
 458 598 474 573 472 532 c 24
 472 506 448 481 423 488 c 24
 391 498 387 530 374 562 c 0
 355 609 342 638 317 686 c 1
807 -69 m 25
 807 685 l 25
 144 685 l 25
 144 735 l 25
 807 735 l 25
 823 748 829 773 849 768 c 24
 884 758 901 737 918 705 c 24
 925 692 905 687 897 675 c 25
 897 -75 l 26
 897 -106 889 -125 870 -150 c 24
 855 -170 839 -192 816 -183 c 24
 782 -170 786 -133 759 -108 c 24
 736 -87 717 -84 690 -69 c 25
 807 -69 l 25
117 768 m 25
 117 768 196 752 228 717 c 24
 242 702 215 688 207 669 c 25
 207 -135 l 17
 199 -164 193 -186 162 -189 c 1
 138 -187 127 -163 117 -135 c 9
 117 768 l 25
EndSplineSet
EndChar
