Width: 1000
Flags: HW
LayerCount: 2
Fore
SplineSet
756 462 m 25
 788.76 436.26 813.437 428.097 840 396 c 24
 846.014 388.733 832.68 383.19 828 375 c 25
 790.56 339.9 774.269 314.104 732 285 c 24
 701.756 264.176 678.93 263.04 645 249 c 25
 675.42 306.33 693.007 338.445 723 396 c 24
 736.3 421.521 743.13 436.26 756 462 c 25
312 436 m 25
 352.95 421.57 379.625 421.096 417 399 c 24
 443.359 383.416 459.022 370.183 471 342 c 24
 480.621 319.362 482.923 298.554 468 279 c 24
 454.628 261.479 434.756 262.465 413 266 c 24
 399.115 268.256 395.667 280.205 388 292 c 24
 370.121 319.506 363.313 336.986 348 366 c 24
 333.671 393.149 326.04 408.7 312 436 c 25
588 217 m 25
 649 217 l 25
 673.18 182.68 684.277 161.38 711 129 c 24
 737.862 96.4521 752.987 77.288 786 51 c 24
 816.768 26.5 838.694 19.2351 873 0 c 24
 906.178 -18.6025 925.46 -28.0596 959 -46 c 25
 935.21 -54.1904 919.253 -53.5329 898 -67 c 24
 878.653 -79.2598 882 -116 858 -110 c 0
 811 -97 800.904 -79.0441 771 -51 c 24
 718.813 -2.05957 689.345 26.916 649 86 c 24
 617.22 132.542 611.79 165.91 588 217 c 25
501 219 m 25
 556 219 l 25
 556 126 l 25
 542.74 108.45 537.103 96.9916 522 81 c 24
 483.937 40.6973 462.687 17.3694 420 -18 c 24
 380.513 -50.7178 357.944 -70.2225 312 -93 c 24
 264.929 -116.336 233.92 -118.62 184 -135 c 25
 222.61 -103.41 246.024 -87.4878 283 -54 c 24
 328.788 -12.5312 355.121 10.6848 396 57 c 24
 428.674 94.0195 444.144 117.566 471 159 c 24
 485.229 180.954 489.3 195.6 501 219 c 25
531 502 m 25
 574 482 610 486 642 451 c 24
 656 436 629 422 621 403 c 25
 621 -134 l 17
 613 -163 607 -185 576 -188 c 1
 552 -186 541 -162 531 -134 c 9
 531 502 l 25
214 236 m 25
 760 236 l 25
 789 264 798 296 823 305 c 1
 849 301 891 248 922 215 c 1
 930 197 913 186 895 186 c 9
 214 186 l 25
 214 236 l 25
187 553 m 25
 817 553 l 25
 817 503 l 25
 187 503 l 25
 187 553 l 25
187 738 m 25
 766 738 l 25
 782 751 788 776 808 771 c 24
 843 761 860 740 877 708 c 24
 884 695 864 690 856 678 c 25
 856 537 l 17
 848 508 842 486 811 483 c 1
 787 485 776 509 766 537 c 9
 766 688 l 25
 187 688 l 25
 187 738 l 25
162 153 m 25
 162 765 l 25
 205.29 745.11 240.953 749.251 273 714 c 24
 286.745 698.881 260.19 684.72 252 666 c 25
 252 174 l 17
 252 126 252.485 88.7957 234 39 c 24
 213.398 -16.499 194.291 -46.6279 154 -90 c 24
 126.141 -119.99 99.0996 -122.94 64 -144 c 25
 83.5 -105.39 96.9851 -84.7675 114 -45 c 24
 130.594 -6.21582 140.061 16.003 150 57 c 24
 158.89 93.6689 157.32 115.56 162 153 c 25
EndSplineSet
EndChar
