Width: 1000
Flags: H
TeX: 117 0
LayerCount: 2
Fore
SplineSet
321 -58 m 25
 774 -58 l 25
 774 -108 l 25
 321 -108 l 25
 321 -58 l 25
324 202 m 25
 723 202 l 25
 739 215 745 240 765 235 c 24
 800 225 817 204 834 172 c 24
 841 159 821 154 813 142 c 25
 813 -122 l 17
 805 -151 799 -173 768 -176 c 1
 744 -174 733 -150 723 -122 c 9
 723 152 l 25
 324 152 l 25
 324 202 l 25
294 241 m 25
 337 221 373 225 405 190 c 24
 419 175 392 161 384 142 c 25
 384 -122 l 17
 376 -151 370 -173 339 -176 c 1
 315 -174 304 -150 294 -122 c 9
 294 241 l 25
369 351 m 25
 492 351 l 25
 470 324 458 309 435 283 c 24
 381 221 353 183 294 126 c 24
 246 80 218 54 162 18 c 24
 113 -14 72 -36 27 -47 c 9
 91 21 130 57 192 127 c 24
 248 190 278 226 330 292 c 24
 347 314 354 328 369 351 c 25
51 371 m 25
 774 371 l 25
 803 399 812 431 837 440 c 1
 863 436 905 383 936 350 c 1
 944 332 927 321 909 321 c 9
 51 321 l 25
 51 371 l 25
210 531 m 25
 807 531 l 25
 807 481 l 25
 210 481 l 25
 210 531 l 25
738 731 m 25
 781 711 817 715 849 680 c 24
 863 665 836 651 828 632 c 25
 828 485 l 17
 820 456 814 434 783 431 c 1
 759 433 748 457 738 485 c 9
 738 731 l 25
468 503 m 25
 468 794 l 25
 511 774 547 778 579 743 c 24
 593 728 566 714 558 695 c 25
 558 503 l 25
 468 503 l 25
168 725 m 25
 211 705 247 709 279 674 c 24
 293 659 266 645 258 626 c 25
 258 485 l 17
 250 456 244 434 213 431 c 1
 189 433 178 457 168 485 c 9
 168 725 l 25
EndSplineSet
EndChar
