Width: 1000
Flags: H
TeX: 117 0
LayerCount: 2
Fore
SplineSet
783 336 m 25
 826.29 311.43 862.479 311.525 894 273 c 24
 905.573 258.855 876.513 250.32 864 237 c 24
 840.209 211.675 826.402 197.709 801 174 c 24
 738.631 115.789 707.648 77.6533 639 27 c 24
 586.329 -11.8643 551.888 -27.579 492 -54 c 24
 432.083 -80.4336 397.096 -94.5645 333 -108 c 16
 225.447 -130.546 175.83 -139.429 45 -135 c 9
 117.54 -116.28 160.345 -111.907 231 -87 c 24
 323.439 -54.4131 375.68 -34.4298 462 12 c 24
 530.883 49.0508 568.257 74.358 627 126 c 24
 675.608 168.732 696.405 200.046 735 252 c 24
 757.5 282.289 764.28 303.24 783 336 c 25
684 597 m 25
 748.35 587.64 788.005 595.542 849 573 c 24
 898.629 554.659 930.477 538.906 960 495 c 24
 980.933 463.87 988.698 428.866 966 399 c 24
 950.329 378.38 924.62 405.74 903 420 c 24
 868.441 442.794 856.957 465.683 825 492 c 24
 797.178 514.913 778.908 524.473 750 546 c 24
 723.91 565.429 709.74 577.11 684 597 c 25
303 633 m 25
 347.46 608.43 381.081 605.919 417 570 c 24
 426.962 560.038 401.286 554.393 393 543 c 24
 363.796 502.844 354.124 474.989 321 438 c 24
 283.404 396.019 260.105 372.935 213 342 c 24
 180.491 320.65 156.27 320.04 120 306 c 25
 164.46 363.33 198.57 389.69 234 453 c 24
 270.716 518.606 276.09 562.8 303 633 c 25
501 246 m 25
 501 795 l 25
 544.29 775.11 579.953 779.251 612 744 c 24
 625.745 728.881 599.19 714.72 591 696 c 25
 591 213 l 17
 577.909 170.729 567 120 516 123 c 9
 489.964 114.744 489.627 157.316 468 174 c 24
 448.109 189.344 432.395 190.834 411 204 c 24
 386.674 218.97 374.4 229.62 351 246 c 25
 501 246 l 25
EndSplineSet
EndChar
