Width: 1000
Flags: HW
TeX: 117 0
LayerCount: 2
Fore
SplineSet
651 612 m 25
 651 612 711 586 738 555 c 24
 745 547 726 542 719 534 c 25
 694 511 683 493 654 474 c 24
 623 454 602 446 566 436 c 1
 593 479 604 503 625 547 c 24
 637 572 651 612 651 612 c 25
316 599 m 17
 349 596 372 589 404 573 c 24
 433 558 452 549 471 522 c 24
 483 505 488 489 479 470 c 24
 472 454 455 450 438 452 c 24
 421 454 414 466 403 479 c 24
 388 497 386 512 372 531 c 24
 352 559 338 572 316 599 c 17
306 352 m 1
 747 352 l 1
 747 302 l 1
 306 302 l 1
 306 352 l 1
372 -89 m 1
 702 -89 l 1
 702 -139 l 1
 372 -139 l 1
 372 -89 l 1
351 30 m 1
 699 30 l 1
 699 -20 l 1
 351 -20 l 1
 351 30 l 1
369 141 m 25
 660 141 l 25
 676 154 682 179 702 174 c 24
 737 164 754 143 771 111 c 24
 778 98 758 93 750 81 c 25
 750 -129 l 17
 742 -158 736 -180 705 -183 c 1
 681 -181 670 -157 660 -129 c 9
 660 91 l 25
 369 91 l 25
 369 141 l 25
321 171 m 25
 321 171 400 155 432 120 c 24
 446 105 419 91 411 72 c 25
 411 -117 l 17
 403 -146 397 -168 366 -171 c 1
 342 -169 331 -145 321 -117 c 9
 321 171 l 25
483 441 m 1
 573 441 l 1
 573 201 l 1
 483 201 l 1
 483 441 l 1
300 238 m 1
 771 238 l 1
 771 188 l 1
 300 188 l 1
 300 238 l 1
306 462 m 25
 696 462 l 25
 712 475 718 500 738 495 c 24
 773 485 790 464 807 432 c 24
 814 419 794 414 786 402 c 25
 786 228 l 17
 778 199 772 177 741 174 c 1
 717 176 706 200 696 228 c 9
 696 412 l 25
 306 412 l 25
 306 462 l 25
267 486 m 25
 267 486 346 470 378 435 c 24
 392 420 365 406 357 387 c 25
 357 225 l 17
 349 196 343 174 312 171 c 1
 288 173 277 197 267 225 c 9
 267 486 l 25
153 621 m 1
 789 621 l 1
 789 571 l 1
 153 571 l 1
 153 621 l 1
144 747 m 25
 735 747 l 25
 751 760 757 785 777 780 c 24
 812 770 829 749 846 717 c 24
 853 704 833 699 825 687 c 25
 825 597 l 17
 817 568 811 546 780 543 c 1
 756 545 745 569 735 597 c 9
 735 697 l 25
 144 697 l 25
 144 747 l 25
117 123 m 26
 117 774 l 25
 117 774 196 758 228 723 c 24
 242 708 215 694 207 675 c 25
 207 129 l 26
 207 67 199 32 180 -27 c 24
 168 -64 156 -86 129 -114 c 24
 98 -147 84 -159 33 -180 c 9
 54 -134 73 -111 86 -63 c 24
 106 8 117 49 117 123 c 26
EndSplineSet
EndChar
