Width: 1000
Flags: H
TeX: 117 0
LayerCount: 2
Fore
SplineSet
180 738 m 25
 795 738 l 25
 811 751 817 776 837 771 c 24
 872 761 889 740 906 708 c 24
 913 695 893 690 885 678 c 25
 885 528 l 17
 877 499 871 477 840 474 c 1
 816 476 805 500 795 528 c 9
 795 688 l 25
 180 688 l 25
 180 738 l 25
168 230 m 10
 168 771 l 25
 168 771 247 755 279 720 c 24
 293 705 266 691 258 672 c 25
 258 239 l 18
 258 183 254 138 234 78 c 24
 213 14 195 -20 156 -75 c 24
 128 -114 108 -129 66 -159 c 1
 96 -102 112 -65 129 0 c 24
 152 88 168 156 168 230 c 10
342 -68 m 25
 843 -68 l 25
 843 -118 l 25
 342 -118 l 25
 342 -68 l 25
744 455 m 25
 744 455 823 439 855 404 c 24
 869 389 842 375 834 356 c 25
 834 205 l 17
 826 176 820 154 789 151 c 1
 765 153 754 177 744 205 c 9
 744 455 l 25
786 147 m 25
 786 147 865 131 897 96 c 24
 911 81 884 67 876 48 c 25
 876 -123 l 17
 868 -152 862 -174 831 -177 c 1
 807 -175 796 -151 786 -123 c 9
 786 147 l 25
303 153 m 25
 303 153 382 137 414 102 c 24
 428 87 401 73 393 54 c 25
 393 -123 l 17
 385 -152 379 -174 348 -177 c 1
 324 -175 313 -151 303 -123 c 9
 303 153 l 25
390 246 m 25
 783 246 l 25
 783 196 l 25
 390 196 l 25
 390 246 l 25
339 457 m 25
 339 457 418 441 450 406 c 24
 464 391 437 377 429 358 c 25
 429 217 l 17
 421 188 415 166 384 163 c 1
 360 165 349 189 339 217 c 9
 339 457 l 25
543 -87 m 25
 543 520 l 25
 543 520 622 504 654 469 c 24
 668 454 641 440 633 421 c 25
 633 -87 l 25
 543 -87 l 25
222 562 m 25
 831 562 l 25
 831 512 l 25
 222 512 l 25
 222 562 l 25
EndSplineSet
EndChar
