Width: 1000
Flags: H
TeX: 117 0
LayerCount: 2
Fore
SplineSet
477 339 m 25
 543 339 l 25
 573 270 581 226 621 162 c 24
 653 110 680 86 726 45 c 24
 762 13 785 -3 828 -24 c 24
 878 -49 910 -53 963 -72 c 25
 928 -91 908 -101 873 -120 c 24
 853 -131 844 -157 822 -150 c 24
 767 -132 742 -105 702 -63 c 24
 640 2 612 45 564 120 c 24
 540 158 533 183 516 225 c 24
 499 269 492 295 477 339 c 25
774 319 m 25
 444 319 l 25
 444 369 l 25
 780 369 l 25
 800 381 810 407 831 399 c 24
 867 385 881 360 894 324 c 24
 900 308 879 302 870 288 c 24
 844 249 832 226 804 189 c 24
 759 128 737 90 684 36 c 24
 628 -21 592 -49 525 -93 c 24
 487 -118 461 -129 417 -141 c 24
 368 -155 338 -152 288 -159 c 25
 343 -127 378 -116 429 -78 c 24
 513 -16 559 22 633 96 c 24
 678 141 698 171 732 225 c 24
 753 259 758 282 774 319 c 25
432 579 m 25
 825 579 l 25
 825 579 847 610 871 619 c 1
 890 612 914 584 933 558 c 1
 941 540 925 529 907 529 c 9
 432 529 l 25
 432 579 l 25
594 348 m 25
 594 780 l 25
 637 760 673 764 705 729 c 24
 719 714 692 700 684 681 c 25
 684 348 l 25
 594 348 l 25
94 100 m 25
 378 100 l 25
 378 50 l 25
 94 50 l 25
 94 100 l 25
339 591 m 25
 382 571 418 575 450 540 c 24
 464 525 437 511 429 492 c 25
 429 54 l 17
 421 25 415 3 384 0 c 1
 360 2 349 26 339 54 c 9
 339 591 l 25
48 579 m 25
 91 559 127 563 159 528 c 24
 173 513 146 499 138 480 c 25
 138 24 l 17
 130 -5 124 -27 93 -30 c 1
 69 -28 58 -4 48 24 c 9
 48 579 l 25
195 66 m 25
 195 753 l 25
 238 733 274 737 306 702 c 24
 320 687 293 673 285 654 c 25
 285 66 l 25
 195 66 l 25
EndSplineSet
EndChar
