Width: 1000
Flags: H
TeX: 117 0
LayerCount: 2
Fore
SplineSet
792 204 m 25
 824 169 852 156 873 114 c 24
 879 102 855 105 843 99 c 24
 783 70 750 53 690 24 c 25
 663 54 l 25
 697 90 718 109 750 147 c 24
 768 168 776 182 792 204 c 25
516 225 m 25
 576 225 l 25
 609 177 621 145 660 102 c 24
 711 46 743 17 804 -27 c 24
 860 -67 897 -80 957 -114 c 25
 923 -126 903 -130 870 -144 c 24
 853 -151 846 -174 828 -168 c 24
 787 -155 768 -133 738 -102 c 24
 680 -41 650 -4 603 66 c 24
 563 124 550 163 516 225 c 25
228 -81 m 1
 228 -81 287 -66 324 -57 c 24
 391 -41 429 -34 495 -15 c 24
 568 7 608 23 681 48 c 17
 717 0 l 1
 695 -14 597 -46 567 -60 c 8
 473 -104 420 -127 324 -165 c 24
 311 -170 299 -180 288 -171 c 24
 256 -143 228 -81 228 -81 c 1
327 237 m 25
 417 237 l 25
 417 -84 l 25
 327 -84 l 25
 327 237 l 25
591 237 m 25
 591 561 l 25
 634 541 670 545 702 510 c 24
 716 495 689 481 681 462 c 25
 681 237 l 25
 591 237 l 25
375 231 m 25
 375 558 l 25
 418 538 454 542 486 507 c 24
 500 492 473 478 465 459 c 25
 465 231 l 25
 375 231 l 25
207 252 m 25
 780 252 l 25
 780 252 818 312 843 321 c 1
 869 317 911 264 942 231 c 1
 950 213 933 202 915 202 c 9
 207 202 l 25
 207 252 l 25
246 408 m 25
 693 408 l 25
 722 436 731 468 756 477 c 1
 782 473 824 420 855 387 c 1
 863 369 846 358 828 358 c 9
 246 358 l 25
 246 408 l 25
144 577 m 25
 783 577 l 25
 783 527 l 25
 144 527 l 25
 144 577 l 25
162 726 m 25
 738 726 l 25
 754 739 760 764 780 759 c 24
 815 749 832 728 849 696 c 24
 856 683 836 678 828 666 c 25
 828 564 l 17
 820 535 814 513 783 510 c 1
 759 512 748 536 738 564 c 9
 738 676 l 25
 162 676 l 25
 162 726 l 25
129 135 m 25
 129 756 l 25
 172 736 208 740 240 705 c 24
 254 690 227 676 219 657 c 25
 219 135 l 25
 213 100 215 79 204 45 c 24
 189 -4 185 -36 153 -75 c 24
 117 -118 78 -156 36 -159 c 9
 59 -118 77 -97 96 -54 c 24
 112 -17 116 6 123 45 c 24
 129 80 127 100 129 135 c 25
EndSplineSet
EndChar
