Width: 1000
Flags: HW
LayerCount: 2
Fore
SplineSet
99 55 m 25
 342 55 l 25
 342 5 l 25
 99 5 l 25
 99 55 l 25
300 585 m 25
 343 565 379 569 411 534 c 24
 425 519 398 505 390 486 c 25
 390 12 l 17
 382 -17 376 -42 345 -42 c 1
 321 -42 310 -16 300 12 c 9
 300 585 l 25
66 585 m 25
 109 565 145 569 177 534 c 24
 191 519 164 505 156 486 c 25
 156 -60 l 17
 148 -89 142 -114 111 -114 c 1
 87 -114 76 -88 66 -60 c 9
 66 585 l 25
180 33 m 25
 180 729 l 25
 223 709 259 713 291 678 c 24
 305 663 278 649 270 630 c 25
 270 33 l 25
 180 33 l 25
432 18 m 25
 849 18 l 25
 849 18 872 54 897 63 c 1
 923 59 911 30 942 -3 c 1
 950 -21 933 -32 915 -32 c 9
 432 -32 l 25
 432 18 l 25
444 135 m 25
 762 135 l 25
 762 135 785 171 810 180 c 1
 836 176 824 147 855 114 c 1
 863 96 846 85 828 85 c 9
 444 85 l 25
 444 135 l 25
456 243 m 25
 756 243 l 25
 756 243 779 279 804 288 c 1
 830 284 818 255 849 222 c 1
 857 204 840 193 822 193 c 9
 456 193 l 25
 456 243 l 25
609 369 m 25
 652 349 688 353 720 318 c 24
 734 303 707 289 699 270 c 25
 699 -123 l 17
 691 -152 685 -177 654 -177 c 1
 630 -177 619 -151 609 -123 c 9
 609 369 l 25
546 624 m 25
 582.27 590.07 599.584 567.219 639 537 c 24
 705.186 486.258 743.347 457.95 816 417 c 24
 872.612 385.092 909.33 376.74 969 351 c 25
 949.11 333.45 934.57 326.713 918 306 c 24
 905.901 290.877 916.334 261 897 261 c 24
 859.734 261 846.582 290.593 816 312 c 24
 764.624 347.963 733.904 366.372 687 408 c 24
 639.957 449.75 619.32 479.4 576 525 c 24
 552.631 549.6 539.4 563.43 516 588 c 25
 546 624 l 25
537 657 m 25
 744 657 l 25
 761.55 671.04 769.381 703.964 789 693 c 24
 826.136 672.248 838.667 641.903 846 600 c 24
 849.025 582.713 824.04 583.53 810 573 c 25
 783.09 541.41 770.944 520.73 741 492 c 24
 684.134 437.439 650.965 407.393 588 360 c 24
 541.824 325.244 514.813 305.472 462 282 c 24
 418.954 262.868 390.63 263.7 345 252 c 25
 403.5 296.46 438.375 319.176 495 366 c 24
 560.145 419.869 598.906 448.594 657 510 c 24
 688.445 543.238 697.26 569.17 723 607 c 25
 537 607 l 25
 537 657 l 25
531 783 m 25
 568.44 760.77 603.623 762.735 627 726 c 24
 638.184 708.426 606.87 700.38 594 684 c 25
 574.11 641.88 567.518 615.605 543 576 c 24
 521.552 541.353 508.082 521.352 477 495 c 24
 453.054 474.697 433.08 473.04 405 459 c 25
 427.23 501.12 441.13 524.19 462 567 c 24
 486.779 617.83 504.792 645.132 522 699 c 24
 532.025 730.385 527.49 750.24 531 783 c 25
EndSplineSet
EndChar
