Width: 1000
Flags: H
TeX: 117 0
LayerCount: 2
Fore
SplineSet
840 222 m 25
 857.55 191.58 883.997 179.105 885 144 c 24
 885.557 124.535 860.165 126.196 843 117 c 24
 794.571 91.0557 768.442 73.2909 717 54 c 24
 683.484 41.4316 662.1 43.0195 627 36 c 25
 674.97 76.9502 702.492 99.5145 750 141 c 24
 785.569 172.061 804.9 190.41 840 222 c 25
804 348 m 25
 821.55 316.41 847.968 303.123 849 267 c 24
 849.539 248.142 823.508 252.132 807 243 c 24
 768.516 221.711 748.927 205.103 708 189 c 24
 676.822 176.733 656.76 178.02 624 171 c 25
 662.61 209.61 684.066 231.716 723 270 c 24
 754.27 300.749 772.41 317.58 804 348 c 25
765 471 m 25
 797.76 442.92 828.695 437.071 849 399 c 24
 856.387 385.149 826.982 388.134 813 381 c 24
 769.652 358.884 748.027 339.8 702 324 c 24
 668.508 312.503 647.1 316.68 612 312 c 25
 648.27 343.59 671.65 358.342 705 393 c 24
 731.611 420.654 741.6 440.58 765 471 c 25
492 -126 m 9
 492 516 l 25
 535 496 571 500 603 465 c 24
 617 450 590 436 582 417 c 25
 582 -36 l 17
 576 -63 579 -84 612 -84 c 9
 786 -84 l 25
 808.23 -61.7695 821.908 -50.3123 843 -27 c 24
 866.418 -1.11719 877.77 15.0898 900 42 c 25
 891.81 -3.62988 875.697 -28.7588 879 -75 c 24
 880.688 -98.6309 914.211 -102.413 912 -126 c 24
 909.759 -149.901 897 -171 870 -171 c 9
 585 -171 l 17
 549 -171 517 -162.002 492 -126 c 9
579 735 m 25
 628.14 718.62 662.601 722.754 705 693 c 24
 733.747 672.826 753.495 649.945 750 615 c 24
 747.252 587.524 720.602 573.812 693 573 c 24
 669.786 572.317 661.365 593.008 648 612 c 24
 638.196 625.932 644.335 639.142 636 654 c 24
 617.102 687.688 601.23 703.41 579 735 c 25
72 546 m 25
 732 546 l 25
 761 574 770 606 795 615 c 1
 821 611 863 558 894 525 c 1
 902 507 885 496 867 496 c 9
 72 496 l 25
 72 546 l 25
333 387 m 25
 333 750 l 25
 376 730 412 734 444 699 c 24
 458 684 431 670 423 651 c 25
 423 390 l 25
 419.94 281.19 427.029 214.348 387 111 c 24
 361.054 44.0107 324.543 16.956 276 -36 c 24
 246.737 -67.9229 226.027 -82.5409 189 -105 c 24
 154.059 -126.193 130.44 -130.62 93 -147 c 25
 147.99 -83.8203 187.095 -54.3937 234 15 c 24
 273.269 73.0957 293.966 109.236 312 177 c 24
 333.168 256.54 324.81 305.1 333 387 c 25
EndSplineSet
EndChar
