Width: 1000
Flags: H
TeX: 117 0
LayerCount: 2
Fore
SplineSet
756 669 m 25
 756 -114 l 17
 748 -143 742 -165 711 -168 c 1
 687 -166 676 -142 666 -114 c 9
 666 669 l 25
 756 669 l 25
504 220 m 25
 903 220 l 25
 903 170 l 25
 504 170 l 25
 504 220 l 25
510 453 m 25
 888 453 l 25
 888 405 l 25
 516 405 l 25
 510 453 l 25
504 696 m 25
 843 696 l 25
 859 709 865 734 885 729 c 24
 920 719 937 698 954 666 c 24
 961 653 941 648 933 636 c 25
 933 186 l 17
 925 157 919 135 888 132 c 1
 864 134 853 158 843 186 c 9
 843 646 l 25
 504 646 l 25
 504 696 l 25
477 729 m 25
 520.29 709.11 555.953 713.251 588 678 c 24
 601.745 662.881 575.19 648.72 567 630 c 25
 567 177 l 17
 559 148 553 126 522 123 c 1
 498 125 487 149 477 177 c 9
 477 729 l 25
129 141 m 25
 402 141 l 25
 402 84 l 25
 129 84 l 25
 129 141 l 25
369 606 m 25
 412 586 448 590 480 555 c 24
 494 540 467 526 459 507 c 25
 459 72 l 17
 451 43 445 21 414 18 c 1
 390 20 379 44 369 72 c 9
 369 606 l 25
228 105 m 25
 228 732 l 25
 271 712 307 716 339 681 c 24
 353 666 326 652 318 633 c 25
 318 105 l 25
 228 105 l 25
90 606 m 25
 133 586 169 590 201 555 c 24
 215 540 188 526 180 507 c 25
 180 21 l 17
 172 -8 166 -30 135 -33 c 1
 111 -31 100 -7 90 21 c 9
 90 606 l 25
EndSplineSet
EndChar
