Width: 1000
Flags: HW
LayerCount: 2
Fore
SplineSet
630 609 m 25
 673.29 589.11 708.953 593.251 741 558 c 24
 754.745 542.881 728.19 528.72 720 510 c 25
 720 195 l 25
 630 195 l 25
 630 609 l 25
246 597 m 25
 289.29 577.11 324.953 581.251 357 546 c 24
 370.745 530.881 344.19 516.72 336 498 c 25
 336 195 l 25
 246 195 l 25
 246 597 l 25
549 198 m 25
 639 198 l 25
 639 -12 l 17
 645.799 -41.9385 660.517 -42 675 -42 c 9
 858 -42 l 25
 870.87 -25.6201 880.418 -17.9434 891 0 c 24
 907.481 27.9473 912.96 45.75 927 75 c 25
 932.85 28.2002 930.39 0.712832 942 -45 c 24
 949.343 -73.9111 980.497 -84.6817 975 -114 c 24
 970.853 -136.12 943.89 -130.47 924 -141 c 25
 633 -141 l 17
 599.236 -141 558.964 -137.999 549 -105 c 9
 549 198 l 25
354 201 m 9
 453 201 l 25
 433.11 122.61 436.502 73.1445 402 0 c 24
 376.5 -54.0605 351.508 -82.0743 303 -117 c 24
 260.654 -147.489 228.229 -152.085 177 -162 c 24
 118.316 -173.358 83.6699 -167.49 24 -171 c 25
 98.8799 -137.07 149.148 -131.845 216 -84 c 24
 271.314 -44.4121 300.356 -13.2218 330 48 c 24
 356.322 102.362 354 141 354 201 c 9
87 234 m 25
 777 234 l 25
 806 262 815 294 840 303 c 1
 866 299 908 246 939 213 c 1
 947 195 930 184 912 184 c 9
 87 184 l 25
 87 234 l 25
87 425 m 25
 795 425 l 25
 824 453 833 485 858 494 c 1
 884 490 926 437 957 404 c 1
 965 386 948 375 930 375 c 9
 87 375 l 25
 87 425 l 25
426 774 m 25
 469.29 754.11 504.953 758.251 537 723 c 24
 550.745 707.881 524.19 693.72 516 675 c 25
 516 399 l 25
 426 399 l 25
 426 774 l 25
183 681 m 25
 651 681 l 25
 680 709 689 741 714 750 c 1
 740 746 782 693 813 660 c 1
 821 642 804 631 786 631 c 9
 183 631 l 25
 183 681 l 25
EndSplineSet
EndChar
