Width: 1000
Flags: H
TeX: 117 0
LayerCount: 2
Fore
SplineSet
639 -57 m 9
 639 346 l 25
 255 346 l 25
 255 396 l 25
 639 396 l 25
 655 409 661 434 681 429 c 24
 716 419 733 398 750 366 c 24
 757 353 737 348 729 336 c 25
 729 24 l 1
 732 -4 755 -15 756 -12 c 9
 825 -12 l 25
 843 20 854 36 870 69 c 24
 885 100 890 118 903 150 c 25
 910 92 906 57 921 0 c 24
 928 -25 961 -31 957 -57 c 24
 953 -82 926 -81 906 -96 c 25
 669 -96 l 1
 645 -93 635 -57 639 -57 c 9
447 279 m 9
 447 561 l 25
 490.29 541.11 525.953 545.251 558 510 c 24
 571.745 494.881 545.19 480.72 537 462 c 25
 537 297 l 1
 530 233 524.836 199.423 498 144 c 24
 469.956 86.082 445.082 56.9152 399 12 c 24
 351.566 -34.2324 319.067 -55.1338 261 -87 c 24
 222.077 -108.36 195.12 -108.96 153 -123 c 25
 205.65 -80.8799 239.724 -62.0694 288 -15 c 24
 333.8 29.6543 362.571 54.7354 393 111 c 17
 429.041 171.536 445.749 213.481 447 279 c 9
228 595 m 25
 813 595 l 25
 813 545 l 25
 228 545 l 25
 228 595 l 25
228 765 m 25
 762 765 l 25
 778 778 784 803 804 798 c 24
 839 788 856 767 873 735 c 24
 880 722 860 717 852 705 c 25
 852 558 l 17
 844 529 838 507 807 504 c 1
 783 506 772 530 762 558 c 9
 762 715 l 25
 228 715 l 25
 228 765 l 25
180 264 m 9
 180 795 l 25
 223 775 259 779 291 744 c 24
 305 729 278 715 270 696 c 25
 270 264 l 25
 259 204 267 167 243 111 c 24
 213 42 186 6 135 -48 c 24
 104 -81 75 -85 36 -108 c 25
 83 -30 123 8 156 93 c 24
 180 156 180 201 180 264 c 9
EndSplineSet
EndChar
