Width: 1000
Flags: H
TeX: 117 0
LayerCount: 2
Fore
SplineSet
717 279 m 25
 732 363 l 25
 769.44 313.86 790.301 285.942 828 237 c 24
 856.992 199.36 870.832 175.965 903 141 c 24
 924.91 117.185 941.43 108.06 966 87 c 25
 943.77 78.8096 930.775 75.3323 909 66 c 24
 889.763 57.7559 879.296 31.8357 861 42 c 24
 825.808 61.5518 821.905 91.5937 801 126 c 24
 765.653 184.175 749.76 219.33 717 279 c 25
735 430 m 25
 579 430 l 25
 579 480 l 25
 744 480 l 25
 760.38 494.04 765.186 521.676 786 516 c 24
 817.967 507.282 829.446 483.235 843 453 c 24
 847.786 442.323 832.02 438.36 825 429 c 25
 807.45 386.88 800.928 361.548 780 321 c 24
 744.657 252.522 725.522 212.897 681 150 c 24
 651.35 108.112 631.198 85.9034 591 54 c 24
 556.551 26.6592 540 21 492 0 c 9
 532.95 54.9902 559.259 83.7596 597 141 c 24
 629.593 190.432 646.486 219.569 672 273 c 24
 700.429 332.536 710.43 368.77 735 430 c 25
585 606 m 25
 624.78 584.94 655.173 583.827 687 552 c 24
 696.996 542.004 677.85 531.87 672 519 c 25
 655.62 486.24 648.022 466.886 630 435 c 24
 602.354 386.088 590.014 355.94 555 312 c 24
 529.689 280.237 507.42 269.91 477 243 c 25
 492.21 283.95 502.35 306.504 516 348 c 24
 531.618 395.479 539.086 422.715 552 471 c 24
 566.003 523.36 572.13 553.35 585 606 c 25
432 -45 m 25
 816 -45 l 25
 845 -17 854 15 879 24 c 1
 905 20 947 -33 978 -66 c 1
 986 -84 969 -95 951 -95 c 9
 432 -95 l 25
 432 -45 l 25
435 669 m 17
 855 669 l 25
 855 669 878 705 903 714 c 1
 929 710 917 681 948 648 c 1
 956 630 939 619 921 619 c 9
 435 619 l 25
 435 669 l 17
390 720 m 25
 433.29 700.11 468.953 704.251 501 669 c 24
 514.745 653.881 488.19 639.72 480 621 c 25
 480 -84 l 17
 472 -113 466 -135 435 -138 c 1
 411 -136 400 -112 390 -84 c 9
 390 720 l 25
219 411 m 25
 270.48 384.09 309.096 382.228 351 342 c 24
 372.7 321.168 379.474 295.198 369 267 c 24
 360.253 243.451 336.453 231.246 312 237 c 24
 285.314 243.279 285.176 270.478 267 291 c 24
 248.89 311.447 237.72 322.11 219 342 c 25
 219 411 l 25
177 531 m 25
 186 255 l 25
 161.43 219.9 150.558 197.807 123 165 c 24
 101.177 139.02 87.7013 124.594 60 105 c 24
 39.0508 90.1826 23.4004 88.5303 0 78 c 25
 23.4004 124.8 38.8428 150.145 60 198 c 24
 88.0244 261.389 103.026 297.611 126 363 c 24
 148.697 427.602 157.11 465.48 177 531 c 25
159 735 m 25
 202 715 238 719 270 684 c 24
 284 669 257 655 249 636 c 25
 249 -105 l 17
 241 -134 235 -156 204 -159 c 1
 180 -157 169 -133 159 -105 c 9
 159 735 l 25
36 534 m 25
 300 534 l 25
 300 534 323 570 348 579 c 1
 374 575 362 546 393 513 c 1
 401 495 384 484 366 484 c 9
 36 484 l 25
 36 534 l 25
EndSplineSet
EndChar
