Width: 1000
Flags: H
TeX: 117 0
LayerCount: 2
Fore
SplineSet
501 -177 m 24
 472 -184 471 -141 447 -123 c 24
 413 -98 390 -90 354 -69 c 25
 486 -69 l 25
 486 261 l 25
 529 241 565 245 597 210 c 24
 611 195 584 181 576 162 c 25
 576 -93 l 18
 576 -136 544 -167 501 -177 c 24
120 144 m 25
 771 144 l 25
 771 144 809 204 834 213 c 1
 860 209 902 156 933 123 c 1
 941 105 924 94 906 94 c 9
 120 94 l 25
 120 144 l 25
606 292 m 25
 294 292 l 25
 294 342 l 25
 636 342 l 25
 652 353 661 378 678 369 c 24
 714 349 729 324 741 285 c 24
 745 271 721 276 708 270 c 24
 647 243 613 228 552 201 c 25
 525 228 l 25
 606 292 l 25
529 612 m 25
 592 612 l 25
 633 578 653 555 697 525 c 24
 742 495 770 480 820 459 c 24
 880 434 917 428 979 408 c 25
 957 388 944 377 922 357 c 24
 905 342 900 315 877 318 c 24
 819 327 791 352 742 384 c 24
 689 418 659 440 616 486 c 24
 575 530 563 563 529 612 c 25
399 618 m 25
 495 618 l 25
 489 591 l 25
 455 555 438 532 402 498 c 24
 362 461 339 441 294 411 c 24
 247 379 220 361 168 339 c 24
 123 321 111 318 48 309 c 1
 114 354 138 372 192 417 c 24
 252 467 283 498 339 552 c 24
 364 576 376 592 399 618 c 25
468 777 m 25
 511 757 547 761 579 726 c 24
 593 711 566 697 558 678 c 25
 558 366 l 17
 550 337 544 315 513 312 c 1
 489 314 478 338 468 366 c 9
 468 777 l 25
150 642 m 25
 741 642 l 25
 770 670 779 702 804 711 c 1
 830 707 872 654 903 621 c 1
 911 603 894 592 876 592 c 9
 150 592 l 25
 150 642 l 25
EndSplineSet
EndChar
