Width: 1000
Flags: H
TeX: 117 0
LayerCount: 2
Fore
SplineSet
525 207 m 25
 597 207 l 25
 619.23 177.75 627.078 156.999 654 132 c 24
 693.271 95.5342 716.708 74.2344 765 51 c 24
 842.022 13.9414 891.27 7.08008 972 -21 c 25
 952.11 -33.8701 940.876 -41.1074 921 -54 c 24
 897.586 -69.1875 888.854 -94.7412 861 -93 c 24
 805.919 -89.5576 774.357 -73.4404 729 -42 c 24
 669.166 -0.524414 643.139 33.6836 597 90 c 24
 563.045 131.444 553.08 161.37 525 207 c 25
414 207 m 25
 495 207 l 25
 495 162 l 25
 477.45 140.94 469.734 127.029 450 108 c 24
 404.047 63.6885 378.828 37.2696 327 0 c 24
 274.214 -37.958 244.681 -63.4397 183 -84 c 24
 126.121 -102.96 89.6699 -93.1504 30 -99 c 25
 88.5 -67.4102 124.682 -54.8789 180 -18 c 24
 244.465 24.9766 280.152 51.3001 336 105 c 24
 372.098 139.71 383.58 167.22 414 207 c 25
477 363 m 25
 520.29 343.11 555.953 347.251 588 312 c 24
 601.745 296.881 575.19 282.72 567 264 c 25
 567 -123 l 17
 559 -152 553 -174 522 -177 c 1
 498 -175 487 -151 477 -123 c 9
 477 363 l 25
75 234 m 25
 762 234 l 25
 762 234 800 294 825 303 c 1
 851 299 893 246 924 213 c 1
 932 195 915 184 897 184 c 9
 75 184 l 25
 75 234 l 25
906 606 m 24
 909.623 588.788 878.003 607.501 861 603 c 24
 798.047 586.336 764.757 569.39 702 552 c 24
 667.505 542.441 647.1 541.02 612 534 c 25
 612 582 l 25
 649.44 598.38 672.957 602.974 708 624 c 24
 761.183 655.909 786.69 680.73 837 717 c 25
 863.91 673.71 895.499 655.879 906 606 c 24
921 420 m 24
 930.094 398.631 957.435 398.082 960 375 c 24
 962.019 356.836 941.7 353.04 930 339 c 25
 636 339 l 17
 597.15 339 567 351.425 567 390 c 9
 567 800 l 25
 610.29 780.11 645.953 784.251 678 749 c 24
 691.745 733.881 665.19 719.72 657 701 c 25
 657 459 l 17
 654 423 666 420 684 412 c 9
 861 412 l 25
 869.19 426.82 876.055 434.146 882 450 c 24
 891.368 474.981 892.98 490.26 900 516 c 25
 908.19 478.56 905.993 455.266 921 420 c 24
357 618 m 25
 450 618 l 25
 450 618 473 654 498 663 c 1
 524 659 512 630 543 597 c 1
 551 579 534 568 516 568 c 9
 357 568 l 25
 357 618 l 25
75 456 m 25
 540 456 l 25
 497.88 434.94 477.348 414.697 432 402 c 24
 329.914 373.416 165 351 165 351 c 1
 165 351 129.395 327.539 117 342 c 24
 86.165 377.975 91.3799 411.54 75 456 c 25
159 399 m 25
 159 699 l 25
 202 679 238 683 270 648 c 24
 284 633 257 619 249 600 c 25
 249 399 l 25
 159 399 l 25
318 408 m 25
 318 800 l 25
 361.29 780.11 396.953 784.251 429 749 c 24
 442.745 733.881 416.19 719.72 408 701 c 25
 408 408 l 25
 318 408 l 25
EndSplineSet
EndChar
