Width: 1000
Flags: H
TeX: 117 0
LayerCount: 2
Fore
SplineSet
591 315 m 25
 654 315 l 25
 654 267 l 25
 643 240 641 223 627 198 c 24
 602 154 588 128 555 90 c 24
 516 46 493 21 444 -12 c 24
 397 -44 363 -50 312 -75 c 25
 360 -29 391 -7 435 42 c 24
 470 81 487 106 516 150 c 24
 537 182 548 202 564 237 c 24
 577 266 580 285 591 315 c 25
834 138 m 25
 834 289 l 25
 465 289 l 25
 465 339 l 25
 834 339 l 25
 850 352 856 377 876 372 c 24
 911 362 928 341 945 309 c 24
 952 296 932 291 924 279 c 25
 924 123 l 1
 923 93 923 73 909 45 c 24
 896 18 888 -10 858 -12 c 24
 828 -14 823 19 801 39 c 24
 784 55 775 65 759 81 c 25
 831 81 l 25
 834 138 l 25
948 561 m 24
 950 540 915 554 894 552 c 24
 730 540 638 536 474 525 c 25
 468 573 l 25
 574 588 636 591 741 612 c 24
 798 623 827 639 882 657 c 25
 908 620 943 606 948 561 c 24
627 762 m 25
 670.29 742.11 705.953 746.251 738 711 c 24
 751.745 695.881 725.19 681.72 717 663 c 25
 717 -96 l 17
 709 -125 703 -147 672 -150 c 1
 648 -148 637 -124 627 -96 c 9
 627 762 l 25
435 612 m 25
 478 592 514 596 546 561 c 24
 560 546 533 532 525 513 c 25
 525 267 l 17
 517 238 511 216 480 213 c 1
 456 215 445 239 435 267 c 9
 435 612 l 25
258 423 m 25
 307 400 347 403 384 363 c 24
 408 337 413 306 399 273 c 24
 390 252 361 252 342 264 c 24
 317 281 328 310 309 333 c 24
 294 351 278 351 258 363 c 25
 258 423 l 25
219 474 m 25
 219 255 l 25
 204 229 200 212 180 189 c 24
 143 147 120 124 75 90 c 24
 58 77 44 77 24 69 c 25
 61 125 88 153 120 213 c 24
 148 266 156 301 177 357 c 24
 194 402 203 428 219 474 c 25
192 768 m 25
 235.29 748.11 270.953 752.251 303 717 c 24
 316.745 701.881 290.19 687.72 282 669 c 25
 282 -96 l 17
 274 -125 268 -147 237 -150 c 1
 213 -148 202 -124 192 -96 c 9
 192 768 l 25
45 561 m 25
 303 561 l 25
 303 561 326 597 351 606 c 1
 377 602 365 573 396 540 c 1
 404 522 387 511 369 511 c 9
 45 511 l 25
 45 561 l 25
EndSplineSet
EndChar
