Width: 1000
Flags: H
TeX: 117 0
LayerCount: 2
Fore
SplineSet
888 240 m 25
 917.25 202.56 950.229 189.763 963 144 c 24
 968.355 124.809 938.828 124.307 924 111 c 24
 893.189 83.3496 877.844 65.4549 846 39 c 24
 801.719 2.21289 778.312 -21.2942 729 -51 c 24
 680.562 -80.1797 651.002 -94.2227 597 -111 c 24
 529.729 -131.899 489.03 -132.96 420 -147 c 25
 497.22 -103.71 545.963 -87.4551 618 -36 c 24
 694.219 18.4424 732.5 56.0447 798 123 c 24
 838.257 164.151 852.9 194.37 888 240 c 25
789 477 m 25
 826.44 440.73 856.633 427.733 885 384 c 24
 891.367 374.185 869.573 373.961 861 366 c 24
 820.377 328.278 800.205 304.085 759 267 c 24
 718.247 230.322 697.256 206.436 651 177 c 24
 606.396 148.615 577.869 137.56 528 120 c 24
 494.236 108.111 473.1 109.02 438 102 c 25
 502.35 151.14 543.601 172.978 603 228 c 24
 655.323 276.468 680.317 308.86 723 366 c 24
 753.141 406.35 763.26 433.71 789 477 c 25
798 750 m 25
 831.93 718.41 865.154 710.896 885 669 c 24
 892.792 652.551 865.395 648.323 852 636 c 24
 806.88 594.489 782.995 569.15 735 531 c 24
 691.555 496.467 667.768 474.561 618 450 c 24
 576.494 429.517 548.46 429.87 504 417 c 25
 549.63 461.46 576.225 485.679 621 531 c 24
 672.181 582.805 704.225 609.363 750 666 c 24
 773.718 695.346 779.28 717.24 798 750 c 25
318 429 m 25
 361.29 396.24 391.645 384.393 429 345 c 24
 457.166 315.298 477.923 295.617 483 255 c 24
 486.14 229.885 472.311 201 447 201 c 24
 416.378 201 409.537 231.421 390 255 c 24
 375.277 272.769 373.268 287.119 360 306 c 24
 342.771 330.519 330.72 342.6 312 366 c 25
 318 429 l 25
261 525 m 25
 258 312 l 25
 228.75 268.71 212.706 243.979 183 201 c 24
 157.712 164.413 146.585 141.208 117 108 c 24
 88.8848 76.4414 67.5898 64.0801 36 36 c 25
 78.1201 120.24 104.632 166.44 144 252 c 24
 192.419 357.23 215.37 418.53 261 525 c 25
243 768 m 25
 286 748 322 752 354 717 c 24
 368 702 341 688 333 669 c 25
 333 -102 l 17
 325 -131 319 -153 288 -156 c 1
 264 -154 253 -130 243 -102 c 9
 243 768 l 25
75 546 m 25
 408 546 l 25
 408 546 431 582 456 591 c 1
 482 587 470 558 501 525 c 1
 509 507 492 496 474 496 c 9
 75 496 l 25
 75 546 l 25
EndSplineSet
EndChar
