Width: 1000
Flags: H
TeX: 117 0
LayerCount: 2
Fore
SplineSet
801 321 m 25
 801 321 861 270 879 225 c 24
 884 212 856 221 843 216 c 24
 738 173 680 146 576 102 c 25
 552 156 l 25
 762 286 801 321 801 321 c 25
888 -168 m 26
 576 -168 l 17
 548 -163 524 -145 519 -120 c 9
 519 432 l 25
 519 432 598 416 630 381 c 24
 644 366 617 352 609 333 c 25
 609 -52 l 17
 609 -73 629 -87 645 -88 c 9
 822 -88 l 25
 831 -57 835 -40 844 -9 c 24
 858 40 867 68 882 117 c 17
 888 64 887 31 894 -24 c 24
 897 -44 897 -56 906 -75 c 24
 915 -95 943 -99 939 -120 c 24
 934 -147 915 -168 888 -168 c 26
603 537 m 25
 603 798 l 25
 603 798 682 782 714 747 c 24
 728 732 701 718 693 699 c 25
 693 537 l 25
 603 537 l 25
459 567 m 25
 843 567 l 25
 861 587 863 626 888 618 c 24
 938 602 960 570 981 522 c 24
 989 505 959 502 945 489 c 24
 910 458 875 427 840 396 c 25
 846 510 l 25
 453 510 l 25
 459 567 l 25
456 627 m 17
 480 590 495 564 498 519 c 24
 501 477 494 450 471 414 c 24
 459 395 438 385 417 393 c 24
 395 401 386 422 388 445 c 24
 390 478 414 490 426 521 c 24
 441 561 444 586 456 627 c 17
255 477 m 25
 255 477 321 431 354 393 c 24
 380 362 397 343 405 303 c 24
 410 276 406 253 384 237 c 24
 367 224 343 229 330 246 c 24
 300 283 308 318 285 360 c 24
 266 395 225 441 225 441 c 25
 255 477 l 25
198 537 m 25
 231 540 l 25
 231 339 l 25
 231 339 211 296 198 270 c 0
 169 212 144 183 99 135 c 24
 73 107 52 92 18 78 c 1
 52 137 69 170 96 231 c 24
 129 306 145 349 171 426 c 24
 185 468 198 537 198 537 c 25
192 798 m 25
 192 798 271 782 303 747 c 24
 317 732 290 718 282 699 c 25
 282 -138 l 17
 274 -167 268 -189 237 -192 c 1
 213 -190 202 -166 192 -138 c 9
 192 798 l 25
27 579 m 17
 342 579 l 9
 342 579 364 610 388 619 c 1
 407 612 431 584 450 558 c 1
 458 540 442 529 424 529 c 9
 27 529 l 25
 27 579 l 17
EndSplineSet
EndChar
