Width: 1000
Flags: HW
LayerCount: 2
Fore
SplineSet
612 283 m 1
 876 283 l 1
 876 233 l 1
 612 233 l 1
 612 283 l 1
606 504 m 1
 861 504 l 1
 861 454 l 1
 606 454 l 1
 606 504 l 1
244 502 m 25
 244 792 l 25
 244 792 323 776 355 741 c 24
 369 726 342 712 334 693 c 25
 334 502 l 25
 244 502 l 25
831 -24 m 25
 831 661 l 25
 591 661 l 25
 591 711 l 25
 831 711 l 25
 847 724 853 749 873 744 c 24
 908 734 925 713 942 681 c 24
 949 668 929 663 921 651 c 25
 921 -36 l 18
 921 -70 901 -127 855 -141 c 24
 822 -151 822 -97 795 -75 c 24
 767 -51 747 -44 717 -24 c 25
 831 -24 l 25
573 195 m 10
 573 753 l 25
 573 753 652 737 684 702 c 24
 698 687 671 673 663 654 c 25
 663 192 l 18
 663 132 658 115 642 69 c 24
 626 21 611 -4 582 -45 c 24
 561 -74 546 -89 516 -108 c 24
 483 -129 459 -141 423 -147 c 1
 459 -99 475 -75 504 -27 c 24
 522 2 527 14 543 51 c 0
 567 108 573 144 573 195 c 10
334 226 m 25
 334 -90 l 17
 326 -119 320 -141 289 -144 c 1
 265 -142 254 -118 244 -90 c 9
 244 226 l 25
 334 226 l 25
36 101 m 25
 420 101 l 25
 420 101 442 132 466 141 c 1
 485 134 509 106 528 80 c 1
 536 62 520 51 502 51 c 9
 36 51 l 25
 36 101 l 25
117 251 m 25
 441 251 l 25
 441 201 l 25
 117 201 l 25
 117 251 l 25
120 391 m 25
 438 391 l 25
 438 341 l 25
 120 341 l 25
 120 391 l 25
120 526 m 25
 390 526 l 25
 406 539 412 564 432 559 c 24
 467 549 484 528 501 496 c 24
 508 483 488 478 480 466 c 25
 480 226 l 17
 472 197 466 175 435 172 c 1
 411 174 400 198 390 226 c 9
 390 476 l 25
 120 476 l 25
 120 526 l 25
81 552 m 25
 81 552 160 536 192 501 c 24
 206 486 179 472 171 453 c 25
 171 225 l 17
 163 196 157 174 126 171 c 1
 102 173 91 197 81 225 c 9
 81 552 l 25
45 666 m 25
 426 666 l 25
 426 666 448 697 472 706 c 1
 491 699 515 671 534 645 c 1
 542 627 526 616 508 616 c 9
 45 616 l 25
 45 666 l 25
EndSplineSet
EndChar
