Width: 1000
Flags: H
TeX: 117 0
LayerCount: 2
Fore
SplineSet
372 143 m 25
 756 143 l 25
 756 93 l 25
 372 93 l 25
 372 143 l 25
369 286 m 25
 762 286 l 25
 762 236 l 25
 369 236 l 25
 369 286 l 25
699 -84 m 25
 699 400 l 25
 351 400 l 25
 351 450 l 25
 699 450 l 25
 715.38 462.87 720.891 488.435 741 483 c 24
 776.178 473.492 793.287 452.381 810 420 c 24
 816.55 407.309 797.19 401.7 789 390 c 25
 789 -147 l 25
 767.94 -161.04 760.302 -183.666 735 -183 c 24
 707.101 -182.266 697.946 -159.886 675 -144 c 24
 652.297 -128.282 641.801 -116 618 -102 c 24
 601.708 -92.416 590.55 -91.0195 573 -84 c 25
 699 -84 l 25
336 480 m 25
 379.29 460.11 414.953 464.251 447 429 c 24
 460.745 413.881 434.19 399.72 426 381 c 25
 426 -126 l 17
 418 -155 412 -177 381 -180 c 1
 357 -178 346 -154 336 -126 c 9
 336 480 l 25
36 609 m 25
 801 609 l 25
 830 637 839 669 864 678 c 1
 890 674 932 621 963 588 c 1
 971 570 954 559 936 559 c 9
 36 559 l 25
 36 609 l 25
426 780 m 25
 475.14 751.92 512.6 748.631 552 708 c 24
 562.958 696.699 530.387 694.32 522 681 c 24
 470.349 598.966 452.051 546.137 399 465 c 24
 352.387 393.709 324.557 353.789 267 291 c 24
 221.036 240.857 192.955 212.611 135 177 c 24
 94.0195 151.819 63.6299 153.21 18 138 c 25
 53.0996 170.76 74.5058 187.601 108 222 c 24
 161.147 276.584 192.728 306.254 240 366 c 24
 277.251 413.081 294.844 442.519 324 495 c 24
 353.486 548.075 369.541 578.835 390 636 c 24
 409.506 690.503 411.96 723.84 426 780 c 25
EndSplineSet
EndChar
