Width: 1000
Flags: H
TeX: 117 0
LayerCount: 2
Fore
SplineSet
509 459 m 25
 550 459 l 25
 550 459 574 374 597 321 c 24
 620 270 636 243 668 196 c 24
 695 154 714 131 747 94 c 24
 777 61 794 41 830 15 c 24
 872 -16 944 -53 944 -53 c 9
 944 -53 906 -70 883 -84 c 24
 865 -96 862 -123 841 -117 c 0
 811 -108 785 -79 757 -47 c 24
 708 11 683 47 644 113 c 24
 602 183 578 223 547 300 c 24
 524 359 509 459 509 459 c 25
773 424 m 25
 488 424 l 25
 488 474 l 25
 773 474 l 25
 792 487 799 513 821 507 c 24
 854 498 866 474 881 444 c 24
 887 432 874 424 869 411 c 24
 845 352 833 319 807 261 c 24
 787 217 775 192 750 150 c 24
 720 100 703 72 666 27 c 24
 635 -11 615 -30 576 -60 c 24
 540 -88 518 -102 477 -120 c 24
 438 -137 416 -145 372 -150 c 1
 421 -119 443 -102 483 -66 c 24
 525 -28 547 -5 582 39 c 24
 623 91 644 123 677 180 c 24
 706 230 720 261 741 315 c 24
 757 356 773 424 773 424 c 25
470 696 m 25
 827 696 l 25
 827 696 849 727 873 736 c 1
 892 729 916 701 935 675 c 1
 943 657 927 646 909 646 c 9
 470 646 l 25
 470 696 l 25
450 369 m 26
 450 723 l 29
 450 723 528.953 707.251 561 672 c 24
 574.745 656.881 548.19 642.72 540 624 c 25
 540 357 l 26
 540 316.945 536.095 294.228 528 255 c 24
 515.765 195.705 508.174 162.084 488 105 c 24
 473.702 64.543 463.183 42.1074 440 6 c 24
 418.768 -27.0693 404.742 -45.3135 375 -71 c 24
 352.409 -90.5107 338 -100 308 -108 c 1
 333 -68 347.253 -43.4884 368 0 c 24
 387.895 41.7021 398.399 65.8427 412 110 c 24
 426.955 158.554 433.625 186.733 441 237 c 24
 448.49 288.053 450 317.4 450 369 c 26
253 390 m 17
 305 365 323 354 360 321 c 24
 385 299 400 283 407 250 c 24
 412 226 407 204 387 190 c 24
 370 178 350 186 334 200 c 24
 308 223 308 248 288 276 c 24
 270 302 260 313 235 337 c 9
 253 390 l 17
206 516 m 25
 224 519 l 25
 215 319 l 17
 170 245 l 9
 138 205 120 183 81 150 c 24
 57 129 51 126 12 109 c 1
 45 164 55 182 80 231 c 24
 111 291 128 326 155 388 c 24
 177 438 206 516 206 516 c 25
185 776 m 25
 185 776 264 760 296 725 c 24
 310 710 283 696 275 677 c 25
 275 -104 l 17
 267 -133 261 -155 230 -158 c 1
 206 -156 195 -132 185 -104 c 9
 185 776 l 25
21 532 m 25
 326 532 l 25
 326 532 348 563 372 572 c 1
 391 565 415 537 434 511 c 1
 442 493 426 482 408 482 c 9
 21 482 l 25
 21 532 l 25
EndSplineSet
EndChar
