Width: 1000
Flags: HW
LayerCount: 2
Fore
SplineSet
585 194 m 25
 585 284 l 25
 675 284 l 25
 675 191 l 25
 665.64 152.39 665.755 128.887 651 92 c 24
 632.724 46.3096 621.946 19.2607 591 -19 c 24
 556.599 -61.5322 532.422 -83.0615 486 -112 c 24
 441.013 -140.044 409.14 -143.11 360 -163 c 25
 396.27 -131.41 421.536 -118.38 453 -82 c 24
 496.953 -31.1787 523.01 -1.61523 552 59 c 24
 575.385 107.896 572.13 141.35 585 194 c 25
786 -148 m 24
 760.485 -150.967 769.546 -110.648 753 -91 c 24
 731.657 -65.6553 714.57 -56.2305 690 -34 c 25
 765 -34 l 25
 782.55 -17.6201 797.112 -12.2531 810 8 c 24
 822.516 27.668 820.98 42.7695 828 65 c 25
 828 270 l 25
 444 270 l 25
 444 320 l 25
 828 320 l 25
 844.38 332.87 849.891 358.435 870 353 c 24
 905.178 343.492 922.287 322.381 939 290 c 24
 945.55 277.309 926.19 271.7 918 260 c 25
 918 5 l 25
 903.96 -26.5898 904.582 -49.8253 882 -76 c 24
 851.429 -111.435 832.486 -142.595 786 -148 c 24
507 473 m 1
 840 473 l 1
 840 423 l 1
 507 423 l 1
 507 473 l 1
504 704 m 25
 780 704 l 25
 796 717 802 742 822 737 c 24
 857 727 874 706 891 674 c 24
 898 661 878 656 870 644 c 25
 870 461 l 17
 862 432 856 410 825 407 c 1
 801 409 790 433 780 461 c 9
 780 654 l 25
 504 654 l 25
 504 704 l 25
480 734 m 25
 523.29 714.11 558.953 718.251 591 683 c 24
 604.745 667.881 578.19 653.72 570 635 c 25
 570 449 l 17
 562 420 556 398 525 395 c 1
 501 397 490 421 480 449 c 9
 480 734 l 25
261 397 m 25
 299.61 384.13 325.154 385.027 360 364 c 24
 394.716 343.051 423.512 330.885 435 292 c 24
 442.732 265.829 423.238 244.537 399 232 c 24
 380.585 222.475 363.885 233.677 348 247 c 24
 325.375 265.976 324.84 287.262 306 310 c 24
 290.684 328.485 278.55 335.62 261 352 c 25
 261 397 l 25
237 265 m 25
 218.28 222.88 213.847 195.822 189 157 c 24
 157.183 107.285 135.911 80.5273 93 40 c 24
 71.6836 19.8682 52.7402 18.04 27 4 c 25
 53.9102 61.3301 69.1885 93.624 96 151 c 24
 127.688 218.813 148.035 255.979 177 325 c 24
 203.07 387.126 213.6 423.82 237 487 c 25
 237 265 l 25
51 514 m 25
 351 514 l 25
 351 514 374 550 399 559 c 1
 425 555 413 526 444 493 c 1
 452 475 435 464 417 464 c 9
 51 464 l 25
 51 514 l 25
213 739 m 25
 256.29 719.11 291.953 723.251 324 688 c 24
 337.745 672.881 311.19 658.72 303 640 c 25
 303 -112 l 17
 295 -141 289 -163 258 -166 c 1
 234 -164 223 -140 213 -112 c 9
 213 739 l 25
EndSplineSet
EndChar
