Width: 1000
Flags: H
TeX: 117 0
LayerCount: 2
Fore
SplineSet
825 96 m 25
 825 370 l 25
 477 370 l 25
 477 420 l 25
 825 420 l 25
 841.38 432.87 846.891 458.435 867 453 c 24
 902.178 443.492 919.287 422.381 936 390 c 24
 942.55 377.309 923.19 371.7 915 360 c 25
 915 39 l 25
 900.96 19.1104 903.292 -13.6195 879 -12 c 24
 848.446 -9.96289 848.25 25.0714 825 45 c 24
 798.873 67.3945 781.08 76.1104 753 96 c 25
 825 96 l 25
423 459 m 25
 466 439 502 443 534 408 c 24
 548 393 521 379 513 360 c 25
 513 39 l 17
 505 10 499 -12 468 -15 c 1
 444 -13 433 11 423 39 c 9
 423 459 l 25
615 798 m 25
 658 778 694 782 726 747 c 24
 740 732 713 718 705 699 c 25
 705 -135 l 17
 697 -164 691 -186 660 -189 c 1
 636 -187 625 -163 615 -135 c 9
 615 798 l 25
372 618 m 25
 822 618 l 25
 851 646 860 678 885 687 c 1
 911 683 953 630 984 597 c 1
 992 579 975 568 957 568 c 9
 372 568 l 25
 372 618 l 25
225 447 m 25
 278 417 314 409 360 369 c 24
 385 347 398 327 402 294 c 24
 406 262 404 235 378 216 c 24
 360 203 342 224 327 240 c 24
 299 270 298 298 273 330 c 24
 262 344 251 346 237 357 c 25
 225 447 l 25
180 495 m 25
 180 243 l 25
 161 209 154 188 132 156 c 24
 114 130 102 116 78 96 c 24
 55 77 38 72 12 57 c 25
 32 97 45 118 63 159 c 24
 85 208 96 237 114 288 c 24
 142 368 154 414 180 495 c 25
21 522 m 25
 339 522 l 25
 339 522 362 558 387 567 c 1
 413 563 401 534 432 501 c 1
 440 483 423 472 405 472 c 9
 21 472 l 25
 21 522 l 25
165 774 m 25
 208 754 244 758 276 723 c 24
 290 708 263 694 255 675 c 25
 255 -135 l 17
 247 -164 241 -186 210 -189 c 1
 186 -187 175 -163 165 -135 c 9
 165 774 l 25
EndSplineSet
EndChar
