Width: 1000
Flags: HW
LayerCount: 2
Fore
SplineSet
708 561 m 25
 708 561 776 529 802 492 c 24
 811 479 787 472 778 460 c 25
 750 434 735 419 707 394 c 24
 677 367 662 350 630 327 c 24
 611 313 603 308 576 300 c 9
 613 371 635 410 671 481 c 24
 687 512 708 561 708 561 c 25
201 558 m 17
 256 528 285 509 327 465 c 24
 352 439 366 419 369 384 c 24
 371 360 362 338 339 330 c 24
 318 322 301 336 288 354 c 24
 264 386 265 413 249 450 c 24
 231 492 220 516 201 558 c 17
45 305 m 25
 825 305 l 25
 854 333 863 365 888 374 c 1
 914 370 956 317 987 284 c 1
 995 266 978 255 960 255 c 9
 45 255 l 25
 45 305 l 25
660 178 m 24
 701 136 730 109 771 76 c 0
 808 47 828 34 868 12 c 24
 909 -9 978 -32 978 -32 c 25
 978 -32 918 -56 883 -74 c 24
 868 -82 864 -103 848 -100 c 24
 817 -94 803 -76 780 -54 c 24
 715 9 681 49 623 120 c 24
 579 174 519 266 519 266 c 25
 572 283 l 25
 572 283 623 217 660 178 c 24
423 294 m 25
 495 237 l 25
 495 237 416 132 357 72 c 24
 316 31 289 11 240 -21 c 24
 198 -48 173 -61 126 -78 c 24
 87 -93 69 -96 21 -102 c 1
 67 -75 89 -61 129 -30 c 24
 185 14 216 40 267 90 c 24
 305 128 324 152 357 195 c 24
 385 232 423 294 423 294 c 25
459 768 m 25
 459 768 538 752 570 717 c 24
 584 702 557 688 549 669 c 25
 549 -129 l 17
 541 -158 535 -180 504 -183 c 1
 480 -181 469 -157 459 -129 c 9
 459 768 l 25
96 619 m 25
 759 619 l 25
 759 619 797 679 822 688 c 1
 848 684 890 631 921 598 c 1
 929 580 912 569 894 569 c 9
 96 569 l 25
 96 619 l 25
EndSplineSet
EndChar
