Width: 1000
Flags: H
TeX: 117 0
LayerCount: 2
Fore
SplineSet
486 109 m 1
 678 109 l 1
 678 59 l 1
 486 59 l 1
 486 109 l 1
474 354 m 25
 627 354 l 25
 643.38 366.87 648.891 392.435 669 387 c 24
 704.178 377.492 721.287 356.381 738 324 c 24
 744.55 311.309 725.19 305.7 717 294 c 25
 717 84 l 17
 709 55 703 33 672 30 c 1
 648 32 637 56 627 84 c 9
 627 304 l 25
 474 304 l 25
 474 354 l 25
450 384 m 25
 493 364 529 368 561 333 c 24
 575 318 548 304 540 285 c 25
 540 75 l 17
 532 46 526 24 495 21 c 1
 471 23 460 47 450 75 c 9
 450 384 l 25
747 -117 m 24
 715.952 -90.6094 697.59 -76.7402 666 -51 c 25
 762 -51 l 25
 786.57 -31.1104 807.614 -26.4011 825 0 c 24
 840.919 24.1738 835.98 43.9199 843 72 c 25
 843 511 l 25
 495 511 l 25
 495 561 l 25
 843 561 l 25
 859.38 573.87 864.891 599.435 885 594 c 24
 920.178 584.492 937.287 563.381 954 531 c 24
 960.55 518.309 941.19 512.7 933 501 c 25
 933 63 l 17
 930 12 918.6 -24.036 888 -69 c 24
 859.006 -111.604 834.784 -136.393 786 -153 c 24
 766.405 -159.671 762.772 -130.406 747 -117 c 24
519 759 m 25
 563.46 743.79 597.566 750.862 633 720 c 24
 646.81 707.972 620.19 694.38 612 678 c 24
 590.94 635.88 578.699 612.299 558 570 c 24
 524.878 502.316 513.581 460.121 474 396 c 24
 454.439 364.312 433.74 353.91 408 327 c 25
 425.55 379.65 438.398 408.458 453 462 c 24
 473.536 537.299 481.069 580.809 498 657 c 24
 506.811 696.647 510.81 719.22 519 759 c 25
261 411 m 25
 289.08 399.3 310.235 401.178 333 381 c 24
 363.845 353.661 384.594 334.351 393 294 c 24
 398.123 269.407 386.739 245.217 363 237 c 24
 342.139 229.779 329.627 250.466 315 267 c 24
 301.462 282.305 305.631 298.2 294 315 c 24
 284.1 329.301 273.87 333.3 261 345 c 25
 261 411 l 25
210 564 m 25
 210 294 l 25
 195.96 264.75 190.977 246.649 174 219 c 24
 149.874 179.709 139.175 153.951 105 123 c 24
 75.5146 96.2969 50.0996 93.7197 15 75 c 25
 39.5703 121.8 55.7269 147.064 78 195 c 24
 109.592 262.99 127.748 301.409 153 372 c 24
 179.31 445.546 187.77 489.12 210 564 c 25
33 552 m 25
 339 552 l 25
 339 552 362 588 387 597 c 1
 413 593 401 564 432 531 c 1
 440 513 423 502 405 502 c 9
 33 502 l 25
 33 552 l 25
183 756 m 25
 226 736 262 740 294 705 c 24
 308 690 281 676 273 657 c 25
 273 -111 l 17
 265 -140 259 -162 228 -165 c 1
 204 -163 193 -139 183 -111 c 9
 183 756 l 25
EndSplineSet
EndChar
