Width: 1000
Flags: H
TeX: 117 0
LayerCount: 2
Fore
SplineSet
702 -23 m 24
 655 11 629 31 589 73 c 24
 555 110 513 177 513 177 c 25
 539 198 l 25
 539 198 609 139 657 106 c 24
 705 73 734 56 785 29 c 24
 849 -5 951 -51 951 -51 c 25
 951 -51 907 -64 880 -77 c 24
 862 -87 854 -115 837 -108 c 0
 803 -94 752 -60 702 -23 c 24
482 126 m 1
 482 126 392 39 326 -6 c 24
 261 -50 221 -70 149 -102 c 24
 111 -119 86 -126 47 -132 c 1
 144 -63 193 -22 282 54 c 24
 339 103 420 189 420 189 c 1
 482 189 l 25
 482 126 l 1
462 -15 m 2
 462 357 l 25
 462 357 541 341 573 306 c 24
 587 291 560 277 552 258 c 25
 552 0 l 2
 552 -21 561 -105 555 -138 c 0
 547 -180 512 -192 492 -192 c 0
 472 -192 454 -185 453 -163 c 0
 452 -143 462 -51 462 -15 c 2
75 216 m 25
 786 216 l 25
 815 244 824 276 849 285 c 1
 875 281 917 228 948 195 c 1
 956 177 939 166 921 166 c 9
 75 166 l 25
 75 216 l 25
612 408 m 25
 846 408 l 25
 846 358 l 25
 612 358 l 25
 612 408 l 25
780 516 m 2
 780 610 l 25
 594 610 l 25
 594 660 l 25
 780 660 l 25
 796 673 802 698 822 693 c 24
 857 683 874 662 891 630 c 24
 898 617 878 612 870 600 c 25
 870 531 l 2
 870 510 883 407 877 374 c 0
 869 332 834 320 814 320 c 0
 794 320 776 327 775 349 c 0
 774 369 780 480 780 516 c 2
561 513 m 2
 561 688 l 25
 561 688 640 672 672 637 c 24
 686 622 659 608 651 589 c 25
 651 528 l 2
 651 507 660 404 654 371 c 0
 646 329 611 317 591 317 c 0
 571 317 553 324 552 346 c 0
 551 366 561 477 561 513 c 2
198 605 m 2
 198 800 l 25
 198 800 277 784 309 749 c 24
 323 734 296 720 288 701 c 25
 288 602 l 2
 288 531 281 492 249 431 c 24
 222 380 189 356 144 327 c 0
 107 303 87 296 39 287 c 1
 89 334 128 372 162 440 c 24
 191 499 198 567 198 605 c 2
378 446 m 2
 378 603 l 25
 54 603 l 25
 54 653 l 25
 378 653 l 25
 394 666 400 691 420 686 c 24
 455 676 472 655 489 623 c 24
 496 610 476 605 468 593 c 25
 468 440 l 2
 468 392 465 374 444 341 c 0
 424 310 400 293 363 290 c 24
 339 288 336 317 318 332 c 24
 294 352 280 361 255 380 c 25
 345 380 l 18
 364 380 378 395 378 446 c 2
EndSplineSet
EndChar
