Width: 1000
Flags: HW
TeX: 117 0
LayerCount: 2
Fore
SplineSet
462 798 m 25
 505 778 541 782 573 747 c 24
 587 732 560 718 552 699 c 25
 552 -120 l 17
 544 -149 538 -171 507 -174 c 1
 483 -172 472 -148 462 -120 c 9
 462 798 l 25
522 345 m 25
 573 345 l 25
 617 288 638 251 687 198 c 24
 744 136 774 98 843 51 c 24
 888 20 924 20 975 0 c 25
 916 -16 880 -17 825 -42 c 24
 808 -50 811 -92 795 -81 c 24
 742 -46 730 -7 693 45 c 24
 638 122 608 167 561 249 c 24
 541 284 537 308 522 345 c 25
420 339 m 25
 489 339 l 25
 489 264 l 25
 452 224 432 200 393 162 c 24
 337 109 307 77 246 30 c 24
 207 0 182 -13 138 -33 c 24
 95 -53 68 -57 24 -72 c 25
 90 -12 128 20 192 81 c 24
 254 140 291 173 348 237 c 24
 380 273 392 299 420 339 c 25
141 372 m 25
 711 372 l 25
 740 400 749 432 774 441 c 1
 800 437 842 384 873 351 c 1
 881 333 864 322 846 322 c 9
 141 322 l 25
 141 372 l 25
72 597 m 25
 759 597 l 25
 788 625 797 657 822 666 c 1
 848 662 890 609 921 576 c 1
 929 558 912 547 894 547 c 9
 72 547 l 25
 72 597 l 25
EndSplineSet
EndChar
