Width: 1000
Flags: HW
TeX: 117 0
LayerCount: 2
Fore
SplineSet
564 309 m 25
 663 309 l 25
 650.13 283.26 639.976 269.994 630 243 c 24
 619.967 215.851 619.02 199.08 612 171 c 25
 564 171 l 25
 564 309 l 25
732 177 m 25
 732 -84 l 17
 724 -113 718 -135 687 -138 c 1
 663 -136 652 -112 642 -84 c 9
 642 177 l 25
 732 177 l 25
606 180 m 25
 606 -90 l 17
 598 -119 592 -141 561 -144 c 1
 537 -142 526 -118 516 -90 c 9
 516 180 l 25
 606 180 l 25
789 -57 m 25
 789 142 l 25
 426 142 l 25
 426 192 l 25
 789 192 l 25
 805.38 204.87 810.891 230.435 831 225 c 24
 866.178 215.492 883.287 194.381 900 162 c 24
 906.55 149.309 887.19 143.7 879 132 c 25
 879 -96 l 17
 867 -123 846.18 -140.057 816 -141 c 24
 795.179 -141.65 798.884 -112.478 783 -99 c 24
 759.736 -79.2607 742.74 -73.3799 717 -57 c 25
 789 -57 l 25
387 222 m 25
 430 202 466 206 498 171 c 24
 512 156 485 142 477 123 c 25
 477 -96 l 17
 469 -125 463 -147 432 -150 c 1
 408 -148 397 -124 387 -96 c 9
 387 222 l 25
390 324 m 25
 792 324 l 25
 792 324 815 360 840 369 c 1
 866 365 854 336 885 303 c 1
 893 285 876 274 858 274 c 9
 390 274 l 25
 390 324 l 25
684 437 m 1
 849 437 l 1
 849 387 l 1
 684 387 l 1
 684 437 l 1
684 521 m 1
 831 521 l 1
 831 471 l 1
 684 471 l 1
 684 521 l 1
417 431 m 1
 549 431 l 1
 549 381 l 1
 417 381 l 1
 417 431 l 1
423 518 m 1
 549 518 l 1
 549 468 l 1
 423 468 l 1
 423 518 l 1
657 714 m 25
 657 417 l 17
 649 388 643 366 612 363 c 1
 588 365 577 389 567 417 c 9
 567 714 l 25
 657 714 l 25
861 559 m 25
 408 559 l 25
 408 609 l 25
 861 609 l 25
 880.89 619.53 891.409 645.084 912 636 c 24
 943.483 622.11 953.547 597.087 963 564 c 24
 966.166 552.92 946.53 556.68 936 552 c 25
 843 489 l 25
 861 559 l 25
408 636 m 25
 422.04 613.77 437.363 604.441 444 579 c 24
 451.974 548.433 457.554 526.534 444 498 c 24
 432.443 473.67 413.92 458.071 387 459 c 24
 366.883 459.693 356.471 480.878 357 501 c 24
 357.812 531.878 379.084 544.104 390 573 c 24
 399.03 596.904 400.98 611.43 408 636 c 25
393 732 m 25
 789 732 l 25
 789 732 812 768 837 777 c 1
 863 773 851 744 882 711 c 1
 890 693 873 682 855 682 c 9
 393 682 l 25
 393 732 l 25
216 306 m 25
 260.46 282.6 293.108 280.107 330 246 c 24
 358.049 220.067 370.262 196.905 375 159 c 24
 377.157 141.741 361.996 129.695 345 126 c 24
 328.631 122.441 318.105 132.421 306 144 c 24
 290.047 159.259 290.133 175.041 276 192 c 24
 254.814 217.423 239.4 228.6 216 252 c 25
 216 306 l 25
201 195 m 25
 183.45 161.07 177.322 139.695 156 108 c 24
 133.758 74.9365 122.712 52.7559 90 30 c 24
 66.2393 13.4707 46.0801 19.0195 18 12 c 25
 42.5703 56.46 56.9941 81.2324 81 126 c 24
 100.289 161.971 114.47 180.857 129 219 c 24
 152.06 279.53 158.28 315.99 177 378 c 25
 201 318 l 25
 201 195 l 25
30 411 m 25
 276 411 l 25
 276 411 299 447 324 456 c 1
 350 452 338 423 369 390 c 1
 377 372 360 361 342 361 c 9
 30 361 l 25
 30 411 l 25
315 633 m 25
 339.57 602.58 362.728 590.998 378 555 c 24
 382.523 544.338 365.19 542.19 357 534 c 25
 332.43 510.6 321.646 493.671 294 474 c 24
 260.296 450.018 237.27 442.89 201 423 c 25
 223.23 458.1 238.178 476.486 258 513 c 24
 282.719 558.534 292.77 586.2 315 633 c 25
51 609 m 25
 76.7402 589.11 94.6455 581.632 117 558 c 24
 136.179 537.725 147.175 524.477 156 498 c 24
 161.932 480.206 158.932 467.794 153 450 c 24
 147.968 434.903 144.277 421.456 129 417 c 24
 110.476 411.597 92.1045 413.22 81 429 c 24
 65.3818 451.193 76.4619 471.231 72 498 c 24
 64.7568 541.458 59.1904 565.71 51 609 c 25
174 780 m 25
 217 760 253 764 285 729 c 24
 299 714 272 700 264 681 c 25
 264 -108 l 17
 256 -137 250 -159 219 -162 c 1
 195 -160 184 -136 174 -108 c 9
 174 780 l 25
EndSplineSet
EndChar
