Width: 1000
Flags: H
TeX: 117 0
LayerCount: 2
Fore
SplineSet
813 759 m 25
 856 739 892 743 924 708 c 24
 938 693 911 679 903 660 c 25
 903 -120 l 17
 895 -149 889 -171 858 -174 c 1
 834 -172 823 -148 813 -120 c 9
 813 759 l 25
639 147 m 24
 627.881 139.629 615.603 128.74 606 138 c 24
 576.959 166.004 555 228 555 228 c 1
 873 315 l 25
 781.74 249.48 732.638 209.074 639 147 c 24
597 219 m 25
 597 642 l 25
 640 622 676 626 708 591 c 24
 722 576 695 562 687 543 c 25
 687 219 l 25
 597 219 l 25
408 219 m 25
 453.63 189.75 488.176 183.77 525 144 c 24
 549.655 117.373 564.79 92.6484 558 57 c 24
 552.96 30.54 524.672 5.14952 501 18 c 24
 464.212 37.9707 470.577 76.0099 453 114 c 24
 434.292 154.434 425.55 178.05 408 219 c 25
213 207 m 25
 210.66 144.99 223.265 107.885 207 48 c 24
 196.448 9.14844 183.952 -20.0207 147 -36 c 24
 124.653 -45.6631 105.758 -22.3049 96 0 c 24
 86.5156 21.6777 94.418 38.8359 105 60 c 24
 117.602 85.2021 136.317 91.2919 153 114 c 24
 178.556 148.784 189.6 170.73 213 207 c 25
372 324 m 25
 372 -132 l 17
 364 -161 358 -183 327 -186 c 1
 303 -184 292 -160 282 -132 c 9
 282 324 l 25
 372 324 l 25
432 447 m 17
 489 405 517.509 386.982 546 330 c 24
 560.367 301.265 555.178 270.156 531 249 c 24
 513.456 233.648 487.246 247.816 474 267 c 24
 449.162 302.973 453.933 332.429 444 375 c 24
 437.531 402.723 436.68 418.92 432 447 c 17
477 378 m 25
 477 333 l 25
 390 313 341 303 255 282 c 24
 215 272 193 266 153 255 c 24
 140 251 129 233 120 243 c 24
 92 276 75 345 75 345 c 1
 477 378 l 25
450 627 m 17
 522 561 l 9
 510 550 502 546 492 534 c 24
 417 449 377 399 303 312 c 25
 216 321 l 25
 270 392 300 433 354 504 c 24
 391 552 450 627 450 627 c 17
114 648 m 17
 173 626 207 617 252 576 c 9
 289 547 314 526 324 480 c 24
 329 456 310 428 285 429 c 24
 253 430 243 458 222 483 c 24
 199 511 194 533 174 564 c 24
 152 598 137 615 114 648 c 17
342 798 m 25
 423 735 l 25
 410 724 402 720 390 708 c 24
 332 648 302 613 246 552 c 25
 201 582 l 25
 241 643 263 677 303 738 c 24
 318 761 327 775 342 798 c 25
EndSplineSet
EndChar
