Width: 1000
Flags: HW
LayerCount: 2
Fore
SplineSet
84 202 m 25
 756 202 l 25
 756 202 794 262 819 271 c 1
 845 267 887 214 918 181 c 1
 926 163 909 152 891 152 c 9
 84 152 l 25
 84 202 l 25
495 150 m 25
 555 177 l 25
 596 147 617 127 660 99 c 24
 701 72 724 56 768 36 c 24
 827 9 863 1 924 -21 c 25
 896 -37 878 -43 852 -63 c 24
 834 -77 836 -106 813 -107 c 24
 779 -109 762 -89 735 -69 c 24
 674 -24 644 9 588 60 c 24
 551 94 531 115 495 150 c 25
492 126 m 25
 452 91 433 67 390 36 c 24
 317 -16 276 -48 195 -86 c 24
 140 -111 104 -109 45 -123 c 25
 88 -92 114 -76 156 -44 c 24
 220 5 257 32 318 85 c 24
 357 118 375 141 411 177 c 25
 492 177 l 25
 492 126 l 25
282 350 m 25
 318 330 346 329 375 300 c 24
 397 278 406 258 405 227 c 24
 404 207 391 192 372 188 c 24
 352 184 337 194 324 209 c 24
 310 225 315 240 309 260 c 24
 299 295 293 315 282 350 c 25
624 363 m 25
 659 342 687 341 714 310 c 24
 723 299 703 291 696 279 c 25
 668 256 654 240 624 220 c 24
 598 202 580 196 552 181 c 25
 624 363 l 25
456 426 m 25
 499 406 535 410 567 375 c 24
 581 360 554 346 546 327 c 25
 546 -141 l 17
 538 -170 532 -192 501 -195 c 1
 477 -193 466 -169 456 -141 c 9
 456 426 l 25
537 576 m 25
 580 540 601 514 648 483 c 24
 710 442 748 424 816 393 c 24
 867 370 898 364 951 345 c 25
 928 326 913 317 891 297 c 24
 878 285 879 258 861 261 c 24
 817 267 799 291 762 315 c 24
 711 349 684 372 636 411 c 24
 586 452 561 479 513 522 c 25
 537 576 l 25
537 643 m 25
 351 643 l 25
 351 693 l 17
 546 693 l 9
 571 706 583 737 609 726 c 24
 646 711 657 681 669 642 c 24
 673 629 652 628 642 618 c 24
 612 586 597 566 567 534 c 24
 519 483 495 450 441 405 c 24
 383 356 349 330 282 294 c 24
 236 270 206 264 156 252 c 24
 111 241 85 241 39 234 c 25
 112 274 155 291 225 336 c 24
 283 373 314 398 366 444 c 24
 412 484 435 510 475 556 c 24
 502 588 513 609 537 643 c 25
351 798 m 25
 392 780 425 785 456 753 c 24
 468 740 443 728 432 714 c 24
 396 666 376 638 336 594 c 24
 301 556 282 533 240 504 c 24
 201 477 177 471 129 453 c 9
 163 495 184 518 216 561 c 24
 239 591 250 610 270 642 c 24
 291 675 303 694 321 729 c 24
 335 755 339 771 351 798 c 25
EndSplineSet
EndChar
