Width: 1000
Flags: H
TeX: 117 0
LayerCount: 2
Fore
SplineSet
222 450 m 25
 222 609 l 25
 265 589 301 593 333 558 c 24
 347 543 320 529 312 510 c 25
 312 450 l 25
 222 450 l 25
570 42 m 25
 747 42 l 25
 747 42 770 78 795 87 c 1
 821 83 809 54 840 21 c 1
 848 3 831 -8 813 -8 c 9
 570 -8 l 25
 570 42 l 25
576 129 m 25
 738 129 l 25
 738 129 761 165 786 174 c 1
 812 170 800 141 831 108 c 1
 839 90 822 79 804 79 c 9
 576 79 l 25
 576 129 l 25
567 307 m 1
 819 307 l 1
 819 257 l 1
 567 257 l 1
 567 307 l 1
582 216 m 25
 762 216 l 25
 762 216 785 252 810 261 c 1
 836 257 824 228 855 195 c 1
 863 177 846 166 828 166 c 9
 582 166 l 25
 582 216 l 25
549 -93 m 9
 549 333 l 25
 592 313 628 317 660 282 c 24
 674 267 647 253 639 234 c 25
 639 -27 l 17
 654 -66 l 9
 828 -66 l 25
 840 -52 848 -46 858 -30 c 24
 871 -9 874 5 885 27 c 25
 886 -10 875 -34 888 -69 c 24
 894 -84 924 -68 927 -84 c 24
 931 -108 911 -119 900 -141 c 25
 588 -141 l 17
 570 -130 555 -126 549 -93 c 9
582 405 m 25
 768 405 l 25
 784 418 790 443 810 438 c 24
 845 428 862 407 879 375 c 24
 886 362 866 357 858 345 c 25
 858 294 l 17
 850 265 844 243 813 240 c 1
 789 242 778 266 768 294 c 9
 768 355 l 25
 582 355 l 25
 582 405 l 25
579 507 m 25
 801 507 l 25
 801 507 824 543 849 552 c 1
 875 548 863 519 894 486 c 1
 902 468 885 457 867 457 c 9
 579 457 l 25
 579 507 l 25
549 567 m 25
 592 547 628 551 660 516 c 24
 674 501 647 487 639 468 c 25
 639 393 l 17
 631 364 625 342 594 339 c 1
 570 341 559 365 549 393 c 9
 549 567 l 25
732 675 m 25
 732 603 l 17
 724 574 718 552 687 549 c 1
 663 551 652 575 642 603 c 9
 642 675 l 25
 732 675 l 25
540 699 m 25
 792 699 l 25
 792 699 815 735 840 744 c 1
 866 740 854 711 885 678 c 1
 893 660 876 649 858 649 c 9
 540 649 l 25
 540 699 l 25
531 783 m 25
 572 769 600 772 636 747 c 24
 646 740 625 732 618 723 c 25
 595 686 584 663 558 627 c 24
 542 605 531 593 510 576 c 24
 487 557 470 552 444 537 c 25
 459 566 470 582 483 612 c 24
 497 644 501 663 513 696 c 25
 531 783 l 25
165 83 m 1
 381 83 l 1
 381 33 l 1
 165 33 l 1
 165 83 l 1
174 175 m 1
 390 175 l 1
 390 125 l 1
 174 125 l 1
 174 175 l 1
333 -57 m 25
 333 220 l 25
 171 220 l 25
 171 270 l 25
 333 270 l 25
 349 283 355 308 375 303 c 24
 410 293 427 272 444 240 c 24
 451 227 431 222 423 210 c 25
 423 -114 l 25
 400 -128 390 -154 363 -150 c 24
 338 -146 343 -116 324 -99 c 24
 301 -79 284 -73 258 -57 c 25
 333 -57 l 25
129 312 m 25
 172 292 208 296 240 261 c 24
 254 246 227 232 219 213 c 25
 219 -93 l 17
 211 -122 205 -144 174 -147 c 1
 150 -145 139 -121 129 -93 c 9
 129 312 l 25
306 465 m 25
 393 465 l 25
 381 433 375 416 363 384 c 24
 356 365 352 355 345 336 c 25
 306 336 l 25
 306 465 l 25
171 462 m 1
 261 462 l 1
 261 330 l 1
 192 330 l 1
 171 462 l 1
54 357 m 25
 435 357 l 25
 435 357 458 393 483 402 c 1
 509 398 497 369 528 336 c 1
 536 318 519 307 501 307 c 9
 54 307 l 25
 54 357 l 25
81 492 m 25
 387 492 l 25
 387 492 410 528 435 537 c 1
 461 533 449 504 480 471 c 1
 488 453 471 442 453 442 c 9
 81 442 l 25
 81 492 l 25
366 660 m 25
 366 582 l 17
 358 553 352 531 321 528 c 1
 297 530 286 554 276 582 c 9
 276 660 l 25
 366 660 l 25
177 693 m 25
 375 693 l 25
 375 693 398 729 423 738 c 1
 449 734 437 705 468 672 c 1
 476 654 459 643 441 643 c 9
 177 643 l 25
 177 693 l 25
156 795 m 25
 193 776 225 779 252 747 c 24
 263 733 237 723 228 708 c 25
 219 678 220 658 204 630 c 24
 183 593 168 573 135 546 c 24
 106 522 82 519 48 501 c 25
 70 540 87 559 105 600 c 24
 121 636 123 659 135 696 c 25
 156 795 l 25
EndSplineSet
EndChar
