Width: 1000
Flags: H
TeX: 117 0
LayerCount: 2
Fore
SplineSet
506 183 m 25
 557 183 l 25
 594 156 613 139 651 114 c 24
 706 79 737 59 795 30 c 24
 852 1 888 -8 947 -33 c 25
 919 -52 902 -61 875 -81 c 24
 859 -93 855 -119 836 -114 c 24
 786 -102 765 -76 725 -45 c 24
 669 -1 640 27 591 78 c 24
 555 116 539 142 506 183 c 25
392 186 m 25
 488 186 l 25
 488 141 l 25
 454 108 437 88 401 57 c 24
 365 27 345 9 305 -15 c 24
 257 -43 228 -57 176 -75 c 24
 126 -92 95 -93 44 -105 c 25
 108 -64 148 -46 209 0 c 24
 263 41 290 69 338 117 c 24
 362 141 371 159 392 186 c 25
653 378 m 25
 688 357 720 358 743 324 c 24
 753 309 725 302 713 288 c 25
 688 267 677 251 650 234 c 24
 607 207 579 197 533 174 c 25
 561 220 578 245 605 291 c 24
 625 324 634 344 653 378 c 25
275 366 m 25
 315 344 346 343 377 309 c 24
 403 280 415 255 413 216 c 24
 412 196 391 185 371 186 c 24
 349 188 338 203 326 222 c 24
 310 246 312 264 302 291 c 24
 292 320 286 337 275 366 c 25
455 393 m 25
 498 373 534 377 566 342 c 24
 580 327 553 313 545 294 c 25
 545 -129 l 17
 537 -158 531 -180 500 -183 c 1
 476 -181 465 -157 455 -129 c 9
 455 393 l 25
80 210 m 25
 792 210 l 25
 792 210 830 270 855 279 c 1
 881 275 923 222 954 189 c 1
 962 171 945 160 927 160 c 9
 80 160 l 25
 80 210 l 25
561 700 m 1
 651 700 l 1
 651 399 l 1
 561 399 l 1
 561 700 l 1
380 694 m 1
 470 694 l 1
 470 396 l 1
 380 396 l 1
 380 694 l 1
230 422 m 1
 782 422 l 1
 782 372 l 1
 230 372 l 1
 230 422 l 1
236 591 m 25
 753 591 l 25
 769 604 775 629 795 624 c 24
 830 614 847 593 864 561 c 24
 871 548 851 543 843 531 c 25
 843 400 l 17
 835 371 829 349 798 346 c 1
 774 348 763 372 753 400 c 9
 753 541 l 25
 236 541 l 25
 236 591 l 25
186 618 m 25
 229 598 265 602 297 567 c 24
 311 552 284 538 276 519 c 25
 276 396 l 17
 268 367 262 345 231 342 c 1
 207 344 196 368 186 396 c 9
 186 618 l 25
105 728 m 25
 789 728 l 25
 818 756 827 788 852 797 c 1
 878 793 920 740 951 707 c 1
 959 689 942 678 924 678 c 9
 105 678 l 25
 105 728 l 25
EndSplineSet
EndChar
