Width: 1000
Flags: H
TeX: 117 0
LayerCount: 2
Fore
SplineSet
408 30 m 25
 448.95 18.2998 481.578 28.7478 513 0 c 24
 543.312 -27.7314 557.416 -58.7882 549 -99 c 24
 543.425 -125.637 510.051 -141.733 486 -129 c 24
 454.079 -112.101 462.907 -77.4267 447 -45 c 24
 432.479 -15.4014 423.21 0.75 408 30 c 25
714 -81 m 25
 714 156 l 25
 804 156 l 25
 804 -153 l 25
 780.6 -168.21 771.729 -195.169 744 -192 c 24
 717.646 -188.988 718.693 -158.771 699 -141 c 24
 670.508 -115.287 651.42 -104.4 621 -81 c 25
 714 -81 l 25
297 69 m 25
 819 69 l 25
 848 97 857 129 882 138 c 1
 908 134 950 81 981 48 c 1
 989 30 972 19 954 19 c 9
 297 19 l 25
 297 69 l 25
705 615 m 25
 740.1 586.92 769.724 580.17 795 543 c 24
 812.307 517.549 824.072 490.608 807 465 c 24
 792.707 443.561 761.12 445.904 741 462 c 24
 721.619 477.505 737.685 500.84 732 525 c 24
 723.606 560.671 715.53 579.9 705 615 c 25
396 187 m 1
 834 187 l 1
 834 137 l 1
 396 137 l 1
 396 187 l 1
405 287 m 1
 825 287 l 1
 825 237 l 1
 405 237 l 1
 405 287 l 1
399 381 m 25
 756 381 l 25
 772.38 393.87 777.891 419.435 798 414 c 24
 833.178 404.492 850.287 383.381 867 351 c 24
 873.55 338.309 854.19 332.7 846 321 c 25
 846 171 l 17
 838 142 832 120 801 117 c 1
 777 119 766 143 756 171 c 9
 756 331 l 25
 399 331 l 25
 399 381 l 25
378 414 m 25
 421 394 457 398 489 363 c 24
 503 348 476 334 468 315 c 25
 468 150 l 17
 460 121 454 99 423 96 c 1
 399 98 388 122 378 150 c 9
 378 414 l 25
555 162 m 9
 555 558 l 25
 598.29 538.11 633.953 542.251 666 507 c 24
 679.745 491.881 653.19 477.72 645 459 c 25
 645 162 l 17
 555 162 l 9
342 468 m 25
 780 468 l 25
 809 496 818 528 843 537 c 1
 869 533 911 480 942 447 c 1
 950 429 933 418 915 418 c 9
 342 418 l 25
 342 468 l 25
87 33 m 25
 168 42 l 25
 184.38 84.1201 192.549 108.312 210 150 c 24
 234.679 208.955 252.021 240.757 276 300 c 24
 291.827 339.104 297.96 362.22 312 402 c 25
 294.45 302.55 288.361 245.702 267 147 c 24
 254.389 88.7246 225 0 225 0 c 1
 225 0 257.943 -73.7119 255 -123 c 24
 252.941 -157.488 244.422 -186.636 213 -201 c 24
 188.25 -212.314 160.499 -196.106 150 -171 c 24
 129.667 -122.378 146.34 -88.6504 144 -36 c 25
 87 33 l 25
171 210 m 24
 156.543 191.601 128.195 194.128 111 210 c 24
 89.7314 229.632 100.616 254.076 93 282 c 24
 83.0625 318.437 76.5303 338.73 66 375 c 25
 109.29 343.41 148.229 339.212 177 294 c 24
 194.633 266.291 191.291 235.825 171 210 c 24
159 537 m 25
 203.46 514.77 240.929 517.978 273 480 c 24
 292.626 456.758 290.081 427.172 273 402 c 24
 260.449 383.504 233.882 382.588 216 396 c 24
 192.883 413.338 199.83 438.209 189 465 c 24
 177.599 493.203 170.7 508.92 159 537 c 25
744 660 m 25
 744 585 l 17
 736 556 730 534 699 531 c 1
 675 533 664 557 654 585 c 9
 654 660 l 25
 744 660 l 25
531 690 m 25
 858 690 l 25
 858 690 881 726 906 735 c 1
 932 731 920 702 951 669 c 1
 959 651 942 640 924 640 c 9
 531 640 l 25
 531 690 l 25
522 786 m 25
 557.1 769.62 585.727 772.462 612 744 c 24
 622.647 732.466 601.02 722.04 594 708 c 25
 579.96 677.58 577.416 657.304 558 630 c 24
 539.295 603.696 524.264 591.76 498 573 c 24
 482.619 562.014 470.55 562.02 453 555 c 25
 465.87 585.42 476.547 601.352 486 633 c 24
 503.544 691.735 507.96 726.33 522 786 c 25
306 666 m 25
 381 666 l 25
 389.19 622.71 410.477 598.234 402 555 c 24
 397.042 529.715 376.639 510.436 351 513 c 24
 326.085 515.491 319.065 539.978 312 564 c 24
 300.756 602.229 308.34 626.22 306 666 c 25
210 693 m 25
 396 693 l 25
 396 693 419 729 444 738 c 1
 470 734 458 705 489 672 c 1
 497 654 480 643 462 643 c 9
 210 643 l 25
 210 693 l 25
198 792 m 25
 240.12 774.45 271.591 776.969 306 747 c 24
 317.47 737.011 296.85 725.04 291 711 c 25
 271.11 677.07 263.598 655.464 240 624 c 24
 210.675 584.9 194.824 560.689 156 531 c 24
 133.367 513.693 113.91 516.36 87 507 c 25
 109.23 550.29 123.051 574.075 144 618 c 24
 159.343 650.17 169.436 667.96 180 702 c 24
 190.609 736.187 190.98 756.9 198 792 c 25
EndSplineSet
EndChar
