Width: 1000
Flags: H
TeX: 117 0
LayerCount: 2
Fore
SplineSet
621 621 m 25
 658.44 519.21 669.009 457.262 717 360 c 24
 757.349 278.228 790.64 237.457 846 165 c 24
 870.617 132.781 891.75 121.08 921 93 c 25
 1000 54 l 25
 980.89 32.9404 969.141 21.9014 951 0 c 24
 937.117 -16.7607 939.206 -49.8937 918 -45 c 24
 875.957 -35.2979 861.008 -6.64928 834 27 c 24
 788.896 83.1953 770.821 120.477 735 183 c 24
 706.388 232.94 690.973 261.803 669 315 c 24
 646.4 369.714 639.72 402.84 621 459 c 25
 621 621 l 25
567 285 m 25
 567 669 l 25
 657 669 l 25
 657 300 l 25
 647.64 254.37 645.153 227.967 633 183 c 24
 621.705 141.209 618.929 115.325 597 78 c 24
 563.213 20.4902 542.241 -13.1276 492 -57 c 24
 456.914 -87.6387 426.12 -88.1104 384 -108 c 25
 419.1 -65.8799 444.678 -46.3284 474 0 c 24
 503.674 46.8838 516.787 76.2518 534 129 c 24
 553.291 188.118 554.13 224.16 567 285 c 25
792 153 m 25
 792 652 l 25
 501 652 l 25
 501 702 l 25
 792 702 l 25
 808.38 714.87 813.891 740.435 834 735 c 24
 869.178 725.492 886.287 704.381 903 672 c 24
 909.55 659.309 890.19 653.7 882 642 c 25
 882 57 l 25
 864.45 18.3896 862.271 -7.93956 837 -42 c 24
 807.406 -81.8867 793.037 -121.119 744 -129 c 24
 707.017 -134.943 698.18 -92.4867 669 -69 c 24
 650.21 -53.876 639.72 -45.21 621 -30 c 25
 732 -30 l 25
 749.55 -1.91992 766.684 10.5351 777 42 c 24
 790.609 83.5098 786.15 109.71 792 153 c 25
423 708 m 25
 458.1 678.75 499.49 676.646 513 633 c 24
 521.317 606.129 482.835 600.897 462 582 c 24
 432.483 555.229 418.366 536.172 384 516 c 24
 363.198 503.79 347.4 506.85 324 501 c 25
 324 528 l 25
 346.23 557.25 363.295 570.809 381 603 c 24
 402.255 641.646 406.62 667.05 423 708 c 25
315 333 m 25
 348.93 310.77 372.215 303.537 402 276 c 24
 435.006 245.485 463.098 229.608 474 186 c 24
 480.979 158.081 467.298 131.688 441 120 c 24
 420.827 111.034 407.186 133.086 393 150 c 24
 375.513 170.851 379.842 191.624 363 213 c 24
 348.519 231.381 333.72 234.96 315 249 c 25
 315 333 l 25
258 408 m 25
 300 408 l 25
 300 279 l 25
 280.11 235.71 274.861 208.011 249 168 c 24
 212.4 111.374 191.036 78.1941 141 33 c 24
 116.488 10.8604 93.4199 12.8701 63 0 c 25
 88.7402 38.6104 105.929 58.7383 129 99 c 24
 165.685 163.019 187.575 198.911 216 267 c 24
 238.104 319.949 241.62 353.01 258 408 c 25
36 444 m 25
 429 444 l 25
 429 444 452 480 477 489 c 1
 503 485 491 456 522 423 c 1
 530 405 513 394 495 394 c 9
 36 394 l 25
 36 444 l 25
93 687 m 25
 119.91 667.11 141.852 662.718 162 636 c 24
 196.975 589.62 220.691 561.167 231 504 c 24
 235.32 480.04 218.567 459.11 195 453 c 24
 174.583 447.707 159.625 464.231 150 483 c 24
 134.289 513.637 144.265 536.84 135 570 c 24
 121.953 616.692 109.38 641.37 93 687 c 25
261 783 m 25
 304 763 340 767 372 732 c 24
 386 717 359 703 351 684 c 25
 351 -117 l 17
 343 -146 337 -168 306 -171 c 1
 282 -169 271 -145 261 -117 c 9
 261 783 l 25
EndSplineSet
EndChar
