Width: 1000
Flags: H
TeX: 117 0
LayerCount: 2
Fore
SplineSet
452 294 m 25
 833 294 l 25
 833 294 856 330 881 339 c 1
 907 335 895 306 926 273 c 1
 934 255 917 244 899 244 c 9
 452 244 l 25
 452 294 l 25
665 91 m 25
 712 63 739 49 785 19 c 24
 841 -17 926 -77 926 -77 c 1
 926 -77 903 -98 887 -110 c 24
 869 -123 861 -142 839 -140 c 24
 816 -138 811 -117 794 -101 c 24
 769 -77 755 -63 731 -38 c 24
 704 -10 691 8 665 37 c 25
 665 91 l 25
803 157 m 25
 829 131 855 125 869 91 c 24
 875 77 853 75 842 64 c 25
 701 34 l 25
 726 62 740 77 764 106 c 24
 780 125 788 137 803 157 c 25
515 -98 m 24
 504 -109 498 -133 485 -125 c 24
 456 -107 458 -79 440 -50 c 25
 472 -31 488 -19 521 -2 c 24
 559 17 581 25 620 43 c 25
 591 2 575 -22 545 -62 c 24
 534 -77 528 -85 515 -98 c 24
497 178 m 25
 512 173 523 175 536 166 c 24
 561 150 581 142 593 115 c 24
 602 93 601 71 584 55 c 24
 569 40 546 41 530 55 c 24
 510 73 519 95 512 121 c 24
 506 143 503 156 497 178 c 25
623 -74 m 25
 623 235 l 25
 666 215 702 219 734 184 c 24
 748 169 721 155 713 136 c 25
 713 -110 l 17
 695 -140 687 -169 653 -173 c 24
 628 -176 632 -140 614 -122 c 24
 593 -101 577 -93 554 -74 c 25
 623 -74 l 25
674 385 m 25
 717 341 737 311 785 271 c 24
 819 243 841 232 881 214 c 24
 918 197 941 194 980 181 c 25
 961 165 949 157 932 139 c 24
 915 121 908 108 893 88 c 25
 850 123 822 140 782 178 c 24
 745 213 727 237 695 277 c 24
 663 318 647 343 617 385 c 25
 674 385 l 25
599 391 m 25
 599 526 l 25
 642 506 678 510 710 475 c 24
 724 460 697 446 689 427 c 25
 689 367 l 25
 669 331 665 306 638 274 c 24
 602 231 577 208 530 178 c 24
 492 154 464 152 422 136 c 25
 454 165 476 178 503 211 c 24
 539 255 557 283 584 334 c 24
 595 354 593 369 599 391 c 25
782 496 m 25
 818 480 844 479 875 454 c 24
 896 436 908 419 908 391 c 24
 908 366 900 338 875 337 c 24
 850 336 849 366 836 388 c 24
 812 429 803 454 782 496 c 25
479 400 m 25
 773 400 l 25
 773 400 796 436 821 445 c 1
 847 441 835 412 866 379 c 1
 874 361 857 350 839 350 c 9
 479 350 l 25
 479 400 l 25
461 490 m 25
 489 475 512 475 533 451 c 24
 542 440 528 429 524 415 c 25
 509 382 508 359 485 331 c 24
 455 294 428 283 392 253 c 25
 408 308 418 339 434 394 c 24
 445 431 450 453 461 490 c 25
146 139 m 1
 356 139 l 1
 356 89 l 1
 146 89 l 1
 146 139 l 1
164 282 m 1
 335 282 l 1
 335 232 l 1
 164 232 l 1
 164 282 l 1
293 -62 m 25
 293 398 l 25
 152 398 l 25
 152 448 l 25
 293 448 l 25
 309 461 315 486 335 481 c 24
 370 471 387 450 404 418 c 24
 411 405 391 400 383 388 c 25
 383 -89 l 17
 377 -116 361 -145 329 -152 c 24
 306 -157 303 -126 287 -110 c 24
 268 -91 258 -81 239 -62 c 25
 293 -62 l 25
116 19 m 25
 116 481 l 25
 159 461 195 465 227 430 c 24
 241 415 214 401 206 382 c 25
 206 1 l 25
 185 -34 181 -61 152 -89 c 24
 118 -122 92 -146 47 -152 c 9
 65 -120 78 -105 92 -71 c 24
 106 -37 107 -16 116 19 c 25
749 646 m 25
 749 574 l 17
 741 545 735 523 704 520 c 1
 680 522 669 546 659 574 c 9
 659 646 l 25
 749 646 l 25
527 670 m 25
 815 670 l 25
 815 670 838 706 863 715 c 1
 889 711 877 682 908 649 c 1
 916 631 899 620 881 620 c 9
 527 620 l 25
 527 670 l 25
509 769 m 25
 552 749 585 750 620 718 c 24
 631 708 611 696 605 682 c 25
 585 652 580 630 554 604 c 24
 512 562 481 547 434 511 c 25
 459 580 477 618 497 688 c 24
 506 719 504 737 509 769 c 25
266 634 m 25
 344 634 l 25
 355 606 374 592 371 562 c 24
 369 537 357 516 332 511 c 24
 311 507 300 528 290 547 c 24
 273 578 275 600 266 634 c 25
170 676 m 25
 350 676 l 25
 350 676 373 712 398 721 c 1
 424 717 412 688 443 655 c 1
 451 637 434 626 416 626 c 9
 170 626 l 25
 170 676 l 25
179 778 m 25
 212 759 239 759 263 730 c 24
 272 719 254 710 248 697 c 25
 232 660 228 636 206 601 c 24
 181 561 165 540 131 508 c 24
 106 485 85 481 56 463 c 25
 85 529 105 564 131 631 c 24
 153 687 160 721 179 778 c 25
EndSplineSet
EndChar
