Width: 1000
Flags: H
TeX: 117 0
LayerCount: 2
Fore
SplineSet
471 -48 m 25
 861 -48 l 25
 861 -48 884 -12 909 -3 c 1
 935 -7 923 -36 954 -69 c 1
 962 -87 945 -98 927 -98 c 9
 471 -98 l 25
 471 -48 l 25
540 321 m 25
 846 321 l 25
 846 321 869 357 894 366 c 1
 920 362 908 333 939 300 c 1
 947 282 930 271 912 271 c 9
 540 271 l 25
 540 321 l 25
660 -54 m 25
 660 555 l 25
 703 535 739 539 771 504 c 24
 785 489 758 475 750 456 c 25
 750 -54 l 25
 660 -54 l 25
636 615 m 25
 636 789 l 25
 679 769 715 773 747 738 c 24
 761 723 734 709 726 690 c 25
 726 615 l 25
 636 615 l 25
483 633 m 25
 879 633 l 25
 879 633 902 669 927 678 c 1
 953 674 941 645 972 612 c 1
 980 594 963 583 945 583 c 9
 483 583 l 25
 483 633 l 25
438 159 m 9
 438 657 l 25
 481.29 637.11 516.953 641.251 549 606 c 24
 562.745 590.881 536.19 576.72 528 558 c 25
 528 159 l 17
 516 102 502.444 57.8847 471 0 c 24
 450.037 -38.5918 429.628 -55.7523 396 -84 c 24
 370.33 -105.562 350.25 -109.62 321 -126 c 25
 347.91 -76.8604 368.723 -51.8283 390 0 c 24
 414.6 59.9209 432 96 438 159 c 9
279 333 m 25
 322.29 310.77 356.346 311.15 390 276 c 24
 413.562 251.391 421.852 225.153 414 192 c 24
 408.682 169.545 385.473 156.756 363 162 c 24
 338.616 167.689 340.488 194.156 324 213 c 24
 307.656 231.679 296.55 240.45 279 258 c 25
 279 333 l 25
234 438 m 25
 234 234 l 25
 212.94 207.09 202.801 190.452 180 165 c 24
 152.398 134.189 137.946 115.014 105 90 c 24
 74.1367 66.5664 51.9297 60.7197 18 42 c 25
 47.25 89.9697 64.2624 116.721 93 165 c 24
 122.766 215.007 141.295 242.294 168 294 c 24
 196.35 348.889 208.26 381.84 234 438 c 25
351 699 m 25
 386.1 669.75 419.202 664.154 441 624 c 24
 449.298 608.714 421.489 604.979 408 594 c 24
 371.152 564.008 349.44 548.25 312 519 c 25
 319.02 548.25 323.63 564.602 330 594 c 24
 338.843 634.814 342.81 658.05 351 699 c 25
51 675 m 25
 95.46 650.43 132.077 650.684 165 612 c 24
 184.774 588.766 189.001 558.633 171 534 c 24
 156.503 514.162 126.929 518.335 108 534 c 24
 85.1973 552.871 95.0934 578.558 84 606 c 24
 72.8203 633.655 63.8701 648.09 51 675 c 25
214 786 m 25
 257 766 293 770 325 735 c 24
 339 720 312 706 304 687 c 25
 304 -102 l 17
 296 -131 290 -153 259 -156 c 1
 235 -154 224 -130 214 -102 c 9
 214 786 l 25
45 456 m 25
 351 456 l 25
 351 456 374 492 399 501 c 1
 425 497 413 468 444 435 c 1
 452 417 435 406 417 406 c 9
 45 406 l 25
 45 456 l 25
EndSplineSet
EndChar
