Width: 1000
Flags: HW
LayerCount: 2
Fore
SplineSet
234 345 m 25
 267 323 290 316 318 288 c 24
 342 264 354 246 363 213 c 24
 370 190 375 168 357 153 c 24
 340 139 316 147 300 162 c 24
 274 186 278 212 261 243 c 24
 252 259 245 267 234 282 c 25
 234 345 l 25
150 414 m 25
 192 402 l 25
 192 228 l 25
 174 194 167 173 147 141 c 24
 125 105 113 85 84 54 c 24
 60 28 40 19 12 -3 c 25
 33 45 47 71 66 120 c 24
 89 181 102 216 120 279 c 24
 135 331 138 361 150 414 c 25
306 681 m 25
 341 660 369 658 396 627 c 24
 404 618 383 613 375 603 c 24
 352 573 343 553 318 525 c 24
 294 498 276 487 249 462 c 25
 262 511 269 539 282 588 c 24
 291 624 297 645 306 681 c 25
51 654 m 25
 85 627 112 619 138 585 c 24
 156 562 164 542 159 513 c 24
 156 491 142 474 120 471 c 24
 100 469 90 486 81 504 c 24
 69 526 74 542 69 567 c 24
 62 601 58 620 51 654 c 25
36 432 m 25
 321 432 l 25
 321 432 343 463 367 472 c 1
 386 465 410 437 429 411 c 1
 437 393 421 382 403 382 c 9
 36 382 l 25
 36 432 l 25
171 768 m 25
 214 748 250 752 282 717 c 24
 296 702 269 688 261 669 c 25
 261 -117 l 17
 253 -146 247 -168 216 -171 c 1
 192 -169 181 -145 171 -117 c 9
 171 768 l 25
681 560 m 1
 771 560 l 1
 776 -114 l 1
 686 -114 l 1
 681 560 l 1
556 237 m 1
 892 237 l 1
 892 187 l 1
 556 187 l 1
 556 237 l 1
553 402 m 1
 888 402 l 1
 888 352 l 1
 553 352 l 1
 553 402 l 1
440 -78 m 25
 838 -78 l 25
 838 -78 876 -18 901 -9 c 1
 927 -13 969 -66 1000 -99 c 1
 1008 -117 991 -128 973 -128 c 9
 440 -128 l 25
 440 -78 l 25
535 96 m 25
 825 96 l 25
 825 96 847 127 871 136 c 1
 890 129 914 101 933 75 c 1
 941 57 925 46 907 46 c 9
 535 46 l 25
 535 96 l 25
556 575 m 25
 829 575 l 25
 845 588 851 613 871 608 c 24
 906 598 923 577 940 545 c 24
 947 532 927 527 919 515 c 25
 919 222 l 17
 911 193 905 171 874 168 c 1
 850 170 839 194 829 222 c 9
 829 525 l 25
 556 525 l 25
 556 575 l 25
523 608 m 25
 566 588 602 592 634 557 c 24
 648 542 621 528 613 509 c 25
 613 219 l 17
 605 190 599 168 568 165 c 1
 544 167 533 191 523 219 c 9
 523 608 l 25
430 696 m 25
 816 696 l 25
 845 724 854 756 879 765 c 1
 905 761 947 708 978 675 c 1
 986 657 969 646 951 646 c 1
 430 646 l 9
 430 696 l 25
396 183 m 9
 396 728 l 25
 439 708 475 712 507 677 c 24
 521 662 494 648 486 629 c 25
 486 240 l 17
 485 174 483 120 459 48 c 24
 437 -19 413 -54 369 -108 c 24
 341 -143 312 -150 276 -177 c 25
 305 -117 330 -87 351 -24 c 24
 377 54 396 117 396 183 c 9
EndSplineSet
EndChar
