Width: 1000
Flags: H
TeX: 117 0
LayerCount: 2
Fore
SplineSet
228 143 m 1
 840 143 l 1
 840 93 l 1
 228 93 l 1
 228 143 l 1
672 50 m 1
 852 50 l 1
 852 0 l 1
 672 0 l 1
 672 50 l 1
642 81 m 25
 685 61 721 65 753 30 c 24
 767 15 740 1 732 -18 c 25
 732 -114 l 17
 724 -143 718 -165 687 -168 c 1
 663 -166 652 -142 642 -114 c 9
 642 81 l 25
237 66 m 25
 333 66 l 25
 349 79 355 104 375 99 c 24
 410 89 427 68 444 36 c 24
 451 23 431 18 423 6 c 25
 423 -117 l 17
 415 -146 409 -168 378 -171 c 1
 354 -169 343 -145 333 -117 c 9
 333 16 l 25
 237 16 l 25
 237 66 l 25
672 208 m 1
 828 208 l 1
 828 158 l 1
 672 158 l 1
 672 208 l 1
642 327 m 25
 685 307 721 311 753 276 c 24
 767 261 740 247 732 228 c 25
 732 186 l 17
 724 157 718 135 687 132 c 1
 663 134 652 158 642 186 c 9
 642 327 l 25
216 218 m 1
 393 218 l 1
 393 168 l 1
 216 168 l 1
 216 218 l 1
345 333 m 25
 388 313 424 317 456 282 c 24
 470 267 443 253 435 234 c 25
 435 210 l 17
 427 181 421 159 390 156 c 1
 366 158 355 182 345 210 c 9
 345 333 l 25
480 588 m 25
 523 568 559 572 591 537 c 24
 605 522 578 508 570 489 c 25
 570 -135 l 17
 562 -164 556 -186 525 -189 c 1
 501 -187 490 -163 480 -135 c 9
 480 588 l 25
795 318 m 25
 838 298 874 302 906 267 c 24
 920 252 893 238 885 219 c 25
 885 -123 l 17
 877 -152 871 -174 840 -177 c 1
 816 -175 805 -151 795 -123 c 9
 795 318 l 25
189 12 m 25
 189 348 l 25
 232 328 268 332 300 297 c 24
 314 282 287 268 279 249 c 25
 279 -12 l 25
 268 -37 268 -54 252 -75 c 24
 229 -105 214 -124 180 -141 c 24
 133 -165 101 -163 51 -177 c 25
 83 -152 106 -144 132 -114 c 24
 157 -86 164 -64 180 -30 c 24
 187 -15 185 -4 189 12 c 25
225 358 m 1
 783 358 l 1
 783 308 l 1
 225 308 l 1
 225 358 l 1
108 429 m 25
 807 429 l 25
 836 457 845 489 870 498 c 1
 896 494 938 441 969 408 c 1
 977 390 960 379 942 379 c 9
 108 379 l 25
 108 429 l 25
207 509 m 25
 711 509 l 25
 727 522 733 547 753 542 c 24
 788 532 805 511 822 479 c 24
 829 466 809 461 801 449 c 25
 801 339 l 17
 793 310 787 288 756 285 c 1
 732 287 721 311 711 339 c 9
 711 459 l 25
 207 459 l 25
 207 509 l 25
786 669 m 25
 786 579 l 17
 778 550 772 528 741 525 c 1
 717 527 706 551 696 579 c 9
 696 669 l 25
 786 669 l 25
591 696 m 25
 861 696 l 25
 861 696 884 732 909 741 c 1
 935 737 923 708 954 675 c 1
 962 657 945 646 927 646 c 9
 591 646 l 25
 591 696 l 25
588 792 m 25
 629 779 661 787 693 759 c 24
 706 747 677 737 666 723 c 25
 648 690 642 670 621 639 c 24
 609 620 600 610 582 597 c 24
 560 581 544 579 519 567 c 25
 531 597 538 614 549 645 c 24
 559 672 566 686 573 714 c 24
 581 744 582 762 588 792 c 25
435 645 m 25
 435 591 l 17
 427 562 421 540 390 537 c 1
 366 539 355 563 345 591 c 9
 345 645 l 25
 435 645 l 25
222 684 m 25
 426 684 l 25
 426 684 449 720 474 729 c 1
 500 725 488 696 519 663 c 1
 527 645 510 634 492 634 c 9
 222 634 l 25
 222 684 l 25
228 798 m 25
 269 784 300 789 333 762 c 24
 345 752 320 742 312 729 c 25
 290 695 280 674 255 642 c 24
 234 614 222 598 195 576 c 24
 155 544 127 534 84 507 c 25
 99 534 108 549 123 576 c 24
 152 629 169 659 195 714 c 24
 210 746 215 765 228 798 c 25
EndSplineSet
EndChar
