Width: 1000
Flags: H
TeX: 117 0
LayerCount: 2
Fore
SplineSet
312 362 m 25
 352.95 340.94 383.084 339.147 417 308 c 24
 443.209 283.931 458.088 262.572 459 227 c 24
 459.53 206.308 440.597 193.06 420 191 c 24
 397.606 188.761 385.82 203.048 369 218 c 24
 353.235 232.013 351.096 245.721 339 263 c 24
 326.52 280.829 318.87 290.45 306 308 c 25
 312 362 l 25
237 419 m 25
 279 419 l 25
 279 275 l 25
 255.6 234.05 246.245 208.499 219 170 c 24
 192.169 132.086 174.735 111.927 141 80 c 24
 108.877 49.5977 86.0996 37.9102 51 11 c 25
 81.4199 64.8203 100.314 94.2364 129 149 c 24
 151.827 192.579 164.729 217.323 183 263 c 24
 206.911 322.777 215.94 358.16 237 419 c 25
648 542 m 25
 876 542 l 25
 876 542 899 578 924 587 c 1
 950 583 938 554 969 521 c 1
 977 503 960 492 942 492 c 9
 648 492 l 25
 648 542 l 25
498 -44 m 25
 849 -44 l 25
 849 -94 l 25
 498 -94 l 25
 498 -44 l 25
498 296 m 25
 813 296 l 25
 829.38 308.87 834.891 334.435 855 329 c 24
 890.178 319.492 907.287 298.381 924 266 c 24
 930.55 253.309 911.19 247.7 903 236 c 25
 903 -61 l 17
 895 -90 889 -112 858 -115 c 1
 834 -113 823 -89 813 -61 c 9
 813 246 l 25
 498 246 l 25
 498 296 l 25
468 326 m 25
 511.29 306.11 546.953 310.251 579 275 c 24
 592.745 259.881 566.19 245.72 558 227 c 25
 558 -79 l 17
 550 -108 544 -130 513 -133 c 1
 489 -131 478 -107 468 -79 c 9
 468 326 l 25
624 263 m 25
 624 752 l 25
 667.29 732.11 702.953 736.251 735 701 c 24
 748.745 685.881 722.19 671.72 714 653 c 25
 714 263 l 25
 624 263 l 25
423 659 m 25
 454.59 630.92 486.428 625.439 504 587 c 24
 511.567 570.446 485.561 564.921 471 554 c 24
 443.218 533.163 425.416 524.457 396 506 c 24
 365.744 487.016 348.42 476.72 318 458 c 25
 337.89 497.78 348.407 520.579 369 560 c 24
 389.363 598.981 401.94 620.39 423 659 c 25
105 644 m 25
 148.29 611.24 183.427 603.431 216 560 c 24
 235.967 533.377 242.075 507.381 231 476 c 24
 223.98 456.11 200.806 454.532 180 458 c 24
 160.347 461.275 150.092 473.271 141 491 c 24
 125.591 521.048 127.734 542.129 120 575 c 24
 113.692 601.807 110.85 617.09 105 644 c 25
78 446 m 25
 426 446 l 25
 426 446 449 482 474 491 c 1
 500 487 488 458 519 425 c 1
 527 407 510 396 492 396 c 9
 78 396 l 25
 78 446 l 25
261 773 m 25
 304 753 340 757 372 722 c 24
 386 707 359 693 351 674 c 25
 351 -100 l 17
 343 -129 337 -151 306 -154 c 1
 282 -152 271 -128 261 -100 c 9
 261 773 l 25
EndSplineSet
EndChar
