Width: 1000
Flags: HW
LayerCount: 2
Fore
SplineSet
612 18 m 17
 657 3 681 -21 714 -59 c 24
 738 -87 752 -108 753 -144 c 24
 754 -167 740 -187 717 -192 c 24
 696 -197 682 -181 671 -163 c 24
 652 -133 656 -109 645 -75 c 24
 633 -38 625 -18 612 18 c 17
363 -105 m 1
 363 -105 555 -96 678 -90 c 25
 687 -129 l 25
 586 -148 529 -155 429 -177 c 24
 415 -180 406 -202 396 -192 c 24
 371 -165 363 -105 363 -105 c 1
471 69 m 25
 471 69 543 61 570 30 c 24
 583 16 547 10 537 -6 c 24
 499 -64 482 -99 447 -159 c 25
 393 -147 l 25
 471 69 l 25
342 84 m 25
 342 84 401 61 423 30 c 24
 431 19 408 15 399 6 c 24
 364 -30 349 -57 309 -87 c 24
 257 -126 240 -153 165 -171 c 9
 206 -122 234 -98 270 -45 c 24
 303 2 342 84 342 84 c 25
585 201 m 25
 660 201 l 25
 660 201 729 123 780 81 c 24
 847 26 963 -48 963 -48 c 25
 963 -48 916 -64 891 -84 c 24
 879 -94 880 -106 873 -120 c 25
 805 -52 763 -17 699 54 c 24
 651 108 585 201 585 201 c 25
306 207 m 25
 402 207 l 25
 402 207 357 118 318 69 c 24
 277 17 251 -12 198 -51 c 24
 132 -99 87 -123 15 -153 c 1
 84 -84 126 -42 189 36 c 24
 240 99 306 207 306 207 c 25
723 681 m 25
 723 600 l 17
 715 571 709 549 678 546 c 1
 654 548 643 572 633 600 c 9
 633 681 l 25
 723 681 l 25
27 129 m 25
 801 129 l 25
 830 157 839 189 864 198 c 1
 890 194 932 141 963 108 c 1
 971 90 954 79 936 79 c 9
 27 79 l 25
 27 129 l 25
243 234 m 25
 732 234 l 25
 732 184 l 25
 243 184 l 25
 243 234 l 25
234 341 m 25
 714 341 l 25
 714 291 l 25
 234 291 l 25
 234 341 l 25
222 456 m 25
 735 456 l 25
 735 406 l 25
 222 406 l 25
 222 456 l 25
224 558 m 25
 690 558 l 25
 706 571 712 596 732 591 c 24
 767 581 784 560 801 528 c 24
 808 515 788 510 780 498 c 25
 780 220 l 17
 772 191 766 169 735 166 c 1
 711 168 700 192 690 220 c 9
 690 508 l 25
 224 508 l 25
 224 558 l 25
201 582 m 25
 244 562 280 566 312 531 c 24
 326 516 299 502 291 483 c 25
 291 223 l 17
 283 194 277 172 246 169 c 1
 222 171 211 195 201 223 c 9
 201 582 l 25
531 699 m 25
 790 699 l 25
 790 699 812 730 836 739 c 1
 855 732 879 704 898 678 c 1
 906 660 890 649 872 649 c 9
 531 649 l 25
 531 699 l 25
555 798 m 25
 555 798 618 779 649 752 c 24
 657 744 642 735 636 726 c 24
 610 687 600 661 567 627 c 24
 525 583 498 558 445 530 c 1
 480 609 489 624 514 686 c 24
 532 729 555 798 555 798 c 25
369 670 m 25
 369 589 l 17
 361 560 355 538 324 535 c 1
 300 537 289 561 279 589 c 9
 279 670 l 25
 369 670 l 25
174 697 m 25
 372 697 l 25
 372 697 394 728 418 737 c 1
 437 730 461 702 480 676 c 1
 488 658 472 647 454 647 c 9
 174 647 l 25
 174 697 l 25
162 789 m 25
 162 789 237 783 273 756 c 24
 286 746 260 734 252 720 c 24
 224 670 213 638 180 591 c 24
 160 563 143 553 117 531 c 24
 97 515 96 510 63 495 c 1
 93 552 105 591 126 654 c 24
 143 706 162 789 162 789 c 25
EndSplineSet
EndChar
