Width: 1000
Flags: H
TeX: 117 0
LayerCount: 2
Fore
SplineSet
393 131 m 25
 462 131 l 25
 491 101 504 80 537 53 c 24
 565 30 584 23 615 5 c 24
 644 -12 661 -21 690 -37 c 25
 665 -57 647 -64 627 -88 c 24
 617 -100 630 -132 615 -127 c 24
 572 -113 557 -86 525 -55 c 24
 497 -29 484 -11 462 20 c 24
 432 62 420 88 393 131 c 25
258 146 m 25
 354 146 l 25
 354 110 l 25
 335 87 325 73 306 50 c 24
 275 13 259 -9 225 -43 c 24
 193 -75 176 -95 138 -118 c 24
 97 -143 68 -145 24 -163 c 25
 61 -127 86 -109 120 -70 c 24
 162 -21 184 8 219 62 c 24
 238 92 243 113 258 146 c 25
474 359 m 25
 514 332 550 330 576 290 c 24
 586 274 556 268 543 254 c 25
 536 247 533 242 525 236 c 24
 485 205 461 188 420 158 c 25
 435 192 449 209 459 245 c 24
 471 288 468 315 474 359 c 25
417 377 m 25
 417 -133 l 17
 409 -162 403 -184 372 -187 c 1
 348 -185 337 -161 327 -133 c 9
 327 377 l 25
 417 377 l 25
42 167 m 25
 525 167 l 25
 525 167 563 212 588 221 c 1
 614 217 629 179 660 146 c 1
 668 128 651 117 633 117 c 9
 42 117 l 25
 42 167 l 25
156 347 m 25
 190 327 216 324 243 296 c 24
 267 271 282 250 282 215 c 24
 282 193 269 178 249 170 c 24
 231 163 212 169 201 185 c 24
 187 205 202 224 195 248 c 24
 184 288 171 308 156 347 c 25
645 233 m 25
 645 372 l 25
 162 372 l 25
 162 422 l 25
 645 422 l 25
 661 435 667 460 687 455 c 24
 722 445 739 424 756 392 c 24
 763 379 743 374 735 362 c 25
 735 236 l 25
 744 203 748 184 759 152 c 24
 773 112 776 87 798 50 c 24
 817 18 836 6 861 -22 c 25
 867 -7 867 3 876 17 c 24
 903 60 922 81 951 122 c 25
 944 59 930 24 933 -40 c 24
 934 -65 955 -73 960 -97 c 24
 964 -118 977 -143 957 -151 c 24
 923 -165 897 -152 864 -136 c 24
 822 -117 803 -97 771 -64 c 24
 744 -36 732 -17 714 17 c 24
 691 61 681 87 666 134 c 24
 654 172 653 194 645 233 c 25
249 539 m 25
 651 539 l 25
 651 539 674 575 699 584 c 1
 725 580 713 551 744 518 c 1
 752 500 735 489 717 489 c 9
 249 489 l 25
 249 539 l 25
231 659 m 25
 735 659 l 25
 764 687 773 719 798 728 c 1
 824 724 866 671 897 638 c 1
 905 620 888 609 870 609 c 9
 231 609 l 25
 231 659 l 25
228 786 m 25
 269 767 303 772 333 738 c 24
 345 724 317 714 306 699 c 25
 290 671 280 654 264 626 c 24
 235 576 221 546 189 497 c 24
 160 453 148 424 108 389 c 24
 72 358 42 354 0 332 c 25
 42 396 70 430 108 497 c 24
 149 570 169 612 201 689 c 24
 216 725 217 748 228 786 c 25
EndSplineSet
EndChar
