Width: 1000
Flags: H
TeX: 117 0
LayerCount: 2
Fore
SplineSet
488 477 m 17
 528 457 549 445 586 420 c 0
 616 400 638 385 653 350 c 24
 666 319 672 291 652 265 c 24
 637 245 606 248 587 264 c 24
 558 289 564 319 548 354 c 24
 537 379 530 393 518 417 c 24
 507 441 500 454 488 477 c 17
938 -99 m 26
 725 -99 l 17
 697 -94 673 -76 668 -51 c 9
 668 645 l 25
 428 645 l 25
 428 695 l 25
 668 695 l 25
 684 708 690 733 710 728 c 24
 745 718 762 697 779 665 c 24
 786 652 766 647 758 635 c 25
 758 17 l 17
 758 -4 778 -18 794 -19 c 9
 869 -19 l 25
 878 -8 884 5 893 30 c 24
 909 73 917 98 932 141 c 25
 939 73 935 33 950 -33 c 24
 954 -50 983 -49 980 -66 c 24
 976 -86 959 -99 938 -99 c 26
408 186 m 26
 408 729 l 25
 408 729 487 713 519 678 c 24
 533 663 506 649 498 630 c 25
 498 180 l 26
 498 112 482 73 452 12 c 24
 430 -33 407 -54 367 -85 c 24
 335 -110 310 -118 272 -129 c 1
 320 -83 350 -51 377 12 c 24
 404 75 408 117 408 186 c 26
53 138 m 25
 128 162 l 25
 163 216 185 245 218 300 c 24
 245 345 257 373 281 420 c 24
 303 462 314 486 335 528 c 25
 311 436 302 383 273 293 c 24
 250 222 203 114 203 114 c 1
 203 114 237 51 245 6 c 24
 251 -27 251 -50 236 -80 c 24
 224 -103 208 -123 182 -119 c 24
 152 -114 135 -92 128 -63 c 24
 114 -6 130 29 131 87 c 25
 53 138 l 25
56 531 m 17
 107 522 135 515 171 483 c 24
 195 462 201 438 200 406 c 24
 199 388 186 374 168 372 c 24
 149 370 137 381 126 397 c 0
 114 415 113 435 102 457 c 24
 86 487 74 502 56 531 c 17
143 729 m 17
 190 720 217 714 258 690 c 24
 290 672 314 659 326 624 c 24
 333 602 319 583 299 572 c 24
 282 563 265 572 251 585 c 24
 230 604 232 625 215 648 c 24
 190 682 171 697 143 729 c 17
EndSplineSet
EndChar
