Width: 1000
Flags: HW
LayerCount: 2
Fore
SplineSet
267 -99 m 24
 262 -124 237 -142 213 -135 c 24
 182 -126 172 -100 162 -69 c 24
 150 -31 160 -7 159 33 c 25
 93 87 l 25
 165 102 l 25
 198 164 218 198 249 261 c 24
 279 321 290 357 321 417 c 24
 344 462 361 485 387 528 c 25
 357 410 343 342 309 225 c 24
 289 158 249 57 249 57 c 1
 249 57 278 -39 267 -99 c 24
72 513 m 17
 141 498 160 494 195 462 c 8
 222 437 232 407 222 372 c 24
 215 348 185 341 162 351 c 24
 135 363 138 391 123 417 c 24
 102 454 92 476 72 513 c 17
171 765 m 25
 212 743 241 739 276 708 c 24
 301 686 313 666 318 633 c 24
 321 613 313 595 294 588 c 24
 274 580 255 588 240 603 c 24
 215 628 212 651 198 684 c 24
 185 715 182 733 171 765 c 25
747 330 m 1
 747 637 l 25
 489 637 l 25
 489 687 l 25
 747 687 l 25
 763 700 769 725 789 720 c 24
 824 710 841 689 858 657 c 24
 865 644 845 639 837 627 c 25
 837 309 l 1
 837 309 828 257 810 231 c 24
 794 208 781 190 753 189 c 24
 731 188 728 213 711 228 c 24
 686 251 671 263 645 285 c 25
 720 285 l 17
 730 298 747 288 747 330 c 1
894 -129 m 25
 510 -129 l 17
 482 -124 458 -106 453 -81 c 9
 453 717 l 25
 496 697 532 701 564 666 c 24
 578 651 551 637 543 618 c 25
 543 -13 l 17
 543 -34 563 -48 579 -49 c 9
 813 -49 l 25
 829 -19 842 -3 855 30 c 24
 868 62 870 81 879 114 c 25
 884 52 877 16 891 -45 c 24
 896 -65 923 -66 924 -87 c 24
 925 -107 906 -113 894 -129 c 25
EndSplineSet
EndChar
