Width: 1000
Flags: HW
TeX: 117 0
LayerCount: 2
Fore
SplineSet
171 243 m 17
 261 216 302 200 381 162 c 24
 449 129 489 110 546 60 c 24
 580 30 597 5 609 -39 c 24
 614 -56 603 -75 585 -78 c 24
 558 -83 542 -69 519 -54 c 24
 488 -33 478 -13 450 12 c 24
 404 54 378 77 330 117 c 24
 269 167 233 194 171 243 c 17
547 327 m 25
 547 327 609 300 634 268 c 24
 643 257 624 250 617 237 c 25
 557 174 528 134 463 77 c 24
 383 6 338 -36 245 -89 c 24
 180 -127 133 -139 62 -155 c 1
 152 -92 181 -71 242 -20 c 0
 291 21 351 78 389 122 c 0
 485 237 l 8
 512 270 547 327 547 327 c 25
669 171 m 10
 669 322 l 25
 189 322 l 25
 189 372 l 25
 669 372 l 25
 685 385 691 410 711 405 c 24
 746 395 763 374 780 342 c 24
 787 329 767 324 759 312 c 25
 759 177 l 18
 759 123 766 89 783 36 c 24
 793 5 807 -8 828 -33 c 24
 839 -46 864 -60 864 -60 c 25
 864 -60 876 -23 885 0 c 24
 902 46 912 71 930 117 c 25
 930 42 923 -0 930 -75 c 24
 932 -101 957 -112 954 -138 c 24
 952 -156 935 -166 918 -168 c 0
 889 -172 848 -163 813 -138 c 0
 777 -112 743 -85 720 -36 c 24
 685 39 669 107 669 171 c 10
276 503 m 25
 660 503 l 25
 689 531 698 563 723 572 c 1
 749 568 791 515 822 482 c 1
 830 464 813 453 795 453 c 9
 276 453 l 25
 276 503 l 25
234 636 m 25
 741 636 l 25
 770 664 779 696 804 705 c 1
 830 701 872 648 903 615 c 1
 911 597 894 586 876 586 c 9
 234 586 l 25
 234 636 l 25
285 783 m 25
 285 783 364 765 396 729 c 24
 408 715 374 709 363 693 c 24
 327 642 314 608 276 558 c 24
 230 498 202 465 147 414 c 24
 111 381 90 366 45 342 c 9
 77 390 96 416 126 465 c 24
 157 515 173 545 200 597 c 24
 225 645 238 673 261 723 c 24
 271 746 285 783 285 783 c 25
EndSplineSet
EndChar
