Width: 1000
Flags: H
TeX: 117 0
LayerCount: 2
Fore
SplineSet
507 372 m 25
 561 372 l 25
 561 372 591 268 627 210 c 24
 667 145 699 114 753 60 c 24
 790 23 816 6 861 -21 c 24
 895 -42 918 -47 954 -63 c 25
 913 -78 890 -86 849 -102 c 24
 832 -108 823 -128 807 -120 c 24
 757 -95 732 -71 699 -27 c 24
 635 58 603 102 561 207 c 0
 543 252 507 372 507 372 c 25
595 375 m 25
 595 792 l 25
 595 792 674 776 706 741 c 24
 720 726 693 712 685 693 c 25
 685 375 l 25
 595 375 l 25
756 346 m 9
 447 346 l 25
 447 396 l 25
 768 396 l 25
 788 410 796 440 819 432 c 24
 853 420 864 393 876 358 c 24
 880 345 858 346 852 334 c 0
 815 264 787 217 735 150 c 24
 684 85 652 50 588 -3 c 24
 530 -51 494 -76 426 -108 c 24
 371 -134 336 -140 276 -150 c 1
 330 -122 361 -105 411 -69 c 24
 475 -23 511 4 567 60 c 24
 620 113 646 147 687 210 c 24
 720 260 735 288 756 346 c 9
797 595 m 25
 438 595 l 25
 438 645 l 25
 786 645 l 25
 808 659 818 689 843 681 c 24
 883 668 902 642 918 603 c 24
 924 588 898 587 885 576 c 25
 789 468 l 25
 797 595 l 25
399 231 m 10
 399 678 l 25
 399 678 478 662 510 627 c 24
 524 612 497 598 489 579 c 25
 489 222 l 18
 489 162 479 134 456 84 c 24
 432 31 412 3 372 -39 c 24
 347 -65 329 -73 294 -87 c 1
 326 -39 345 -10 363 45 c 24
 386 115 399 174 399 231 c 10
87 111 m 25
 156 123 l 25
 179 174 194 203 216 255 c 24
 250 334 268 379 300 459 c 24
 324 517 337 550 360 609 c 17
 345 492 328 423 300 306 c 24
 280 222 237 93 237 93 c 1
 237 93 274 -8 270 -75 c 24
 268 -105 252 -131 222 -135 c 24
 194 -138 177 -114 168 -87 c 24
 149 -30 159 6 153 66 c 25
 87 111 l 25
77 534 m 17
 127 528 141 526 174 504 c 24
 202 485 216 467 225 435 c 24
 232 413 230 389 211 377 c 0
 193 365 174 365 159 378 c 24
 131 401 128 426 114 459 c 0
 101 489 91 505 77 534 c 17
162 774 m 17
 210 767 227 761 262 739 c 24
 290 721 308 707 319 676 c 24
 327 653 325 629 305 616 c 24
 285 603 264 614 247 629 c 24
 221 652 220 675 203 705 c 24
 187 732 178 747 162 774 c 17
EndSplineSet
EndChar
