Width: 1000
Flags: H
TeX: 117 0
LayerCount: 2
Fore
SplineSet
579 -99 m 25
 579 771 l 25
 622 751 658 755 690 720 c 24
 704 705 677 691 669 672 c 25
 669 -99 l 25
 579 -99 l 25
306 -72 m 25
 801 -72 l 25
 830 -44 839 -12 864 -3 c 1
 890 -7 932 -60 963 -93 c 1
 971 -111 954 -122 936 -122 c 9
 306 -122 l 25
 306 -72 l 25
381 267 m 25
 753 267 l 25
 782 295 791 327 816 336 c 1
 842 332 884 279 915 246 c 1
 923 228 906 217 888 217 c 9
 381 217 l 25
 381 267 l 25
384 543 m 25
 783 543 l 25
 812 571 821 603 846 612 c 1
 872 608 914 555 945 522 c 1
 953 504 936 493 918 493 c 9
 384 493 l 25
 384 543 l 25
69 84 m 25
 162 111 l 25
 198 191 221 235 255 315 c 24
 314 453 345 533 402 672 c 25
 363 511 344 419 303 258 c 24
 283 180 246 60 246 60 c 1
 246 60 292 -54 279 -126 c 24
 273 -160 234 -187 204 -171 c 24
 163 -150 167 -108 156 -63 c 24
 146 -24 152 -1 150 39 c 25
 69 84 l 25
66 510 m 25
 117 482 157 480 198 438 c 24
 222 413 226 385 219 351 c 24
 214 328 194 313 171 315 c 24
 148 317 141 337 129 357 c 24
 110 388 107 410 93 444 c 24
 82 470 77 484 66 510 c 25
126 747 m 25
 175 733 208 738 252 711 c 24
 283 692 305 672 306 636 c 24
 307 608 283 583 255 585 c 24
 223 588 218 620 198 645 c 24
 168 683 154 707 126 747 c 25
EndSplineSet
EndChar
