Width: 1000
Flags: H
TeX: 117 0
LayerCount: 2
Fore
SplineSet
367 -27 m 25
 754 -27 l 25
 783 1 792 33 817 42 c 1
 843 38 885 -15 916 -48 c 1
 924 -66 907 -77 889 -77 c 9
 367 -77 l 25
 367 -27 l 25
544 191 m 25
 769 191 l 25
 769 141 l 25
 544 141 l 25
 544 191 l 25
709 732 m 25
 752 712 788 716 820 681 c 24
 834 666 807 652 799 633 c 25
 799 156 l 17
 791 127 785 105 754 102 c 1
 730 104 719 128 709 156 c 9
 709 732 l 25
514 768 m 25
 557 748 593 752 625 717 c 24
 639 702 612 688 604 669 c 25
 604 78 l 17
 596 49 590 27 559 24 c 1
 535 26 524 50 514 78 c 9
 514 768 l 25
340 747 m 25
 383 727 419 731 451 696 c 24
 465 681 438 667 430 648 c 25
 430 -72 l 17
 422 -101 416 -123 385 -126 c 1
 361 -124 350 -100 340 -72 c 9
 340 747 l 25
286 498 m 25
 802 498 l 25
 802 498 840 558 865 567 c 1
 891 563 933 510 964 477 c 1
 972 459 955 448 937 448 c 9
 286 448 l 25
 286 498 l 25
34 102 m 25
 109 111 l 25
 134.74 171.84 150.787 205.536 175 267 c 24
 196.434 321.407 206.789 352.77 226 408 c 24
 244.232 460.418 253.45 490.35 271 543 c 25
 259.3 451.74 257.668 399.484 241 309 c 0
 205 90 l 1
 205 59.04 227.858 36.3027 235 0 c 24
 242.016 -35.6621 252.021 -58.3652 241 -93 c 24
 233.687 -115.984 216.595 -137.005 193 -132 c 24
 162.957 -125.627 153.716 -100.389 142 -72 c 24
 122.392 -24.4873 125.53 6.69043 115 57 c 25
 34 102 l 25
37 513 m 25
 74.4404 501.3 99.7012 503.733 133 483 c 24
 163.934 463.739 191.791 450.195 196 414 c 24
 199.461 384.234 177.954 353.119 148 354 c 24
 115.653 354.951 112.524 390.466 94 417 c 24
 69.0752 452.703 59.2305 475.56 37 513 c 25
97 744 m 25
 133.27 736.98 156.842 742.288 190 726 c 24
 225.767 708.431 250.836 695.963 268 660 c 24
 279.37 636.178 275.709 607.457 253 594 c 24
 230.047 580.398 207.299 594.686 187 612 c 24
 163.907 631.697 168.099 655.922 151 681 c 24
 132.771 707.737 118.06 719.43 97 744 c 25
EndSplineSet
EndChar
