Width: 1000
Flags: HW
LayerCount: 2
Fore
SplineSet
930 -147 m 25
 705 -147 l 17
 677 -142 653 -124 648 -99 c 9
 648 348 l 25
 738 348 l 25
 738 -31 l 17
 738 -52 758 -66 774 -67 c 9
 867 -67 l 25
 874 -41 878 -26 885 0 c 24
 896 40 901 62 912 102 c 25
 918 39 911 1 927 -60 c 24
 933 -82 965 -82 966 -105 c 24
 967 -127 944 -131 930 -147 c 25
492 102 m 25
 492 345 l 25
 582 345 l 25
 582 102 l 17
 570 60 561 18 528 -24 c 24
 486 -77 453 -102 393 -135 c 24
 355 -156 333 -150 285 -159 c 9
 326 -125 352 -110 390 -72 c 24
 422 -40 439 -21 462 18 c 24
 480 48 480 69 492 102 c 25
420 370 m 25
 855 370 l 25
 855 320 l 25
 420 320 l 25
 420 370 l 25
405 696 m 25
 786 696 l 25
 802 709 808 734 828 729 c 24
 863 719 880 698 897 666 c 24
 904 653 884 648 876 636 c 25
 876 336 l 17
 868 307 862 285 831 282 c 1
 807 284 796 308 786 336 c 9
 786 646 l 25
 405 646 l 25
 405 696 l 25
387 723 m 25
 430 703 466 707 498 672 c 24
 512 657 485 643 477 624 c 25
 477 345 l 17
 469 316 463 294 432 291 c 1
 408 293 397 317 387 345 c 9
 387 723 l 25
72 99 m 9
 153 117 l 25
 175 190 186 231 210 303 c 24
 242 401 259 456 297 552 c 24
 318 604 335 631 360 681 c 25
 347 615 341 578 327 513 c 24
 312 446 299 409 285 342 c 24
 265 243 240 87 240 87 c 1
 240 87 261 18 264 -27 c 24
 267 -65 269 -88 255 -123 c 24
 247 -142 234 -159 213 -156 c 24
 183 -152 161 -137 153 -108 c 24
 136 -48 153 51 153 51 c 1
 72 99 l 9
51 510 m 25
 92 497 123 504 156 477 c 24
 184 454 200 429 195 393 c 24
 191 367 162 347 138 357 c 24
 106 370 110 404 93 435 c 24
 76 464 67 481 51 510 c 25
135 747 m 17
 177 732 214 730 249 696 c 24
 271 674 279 647 267 618 c 24
 258 597 231 597 210 606 c 24
 187 616 186 638 174 660 c 24
 157 693 150 713 135 747 c 17
EndSplineSet
EndChar
