Width: 1000
Flags: HW
LayerCount: 2
Fore
SplineSet
63 90 m 25
 135 117 l 25
 152.55 160.29 163.832 184.175 180 228 c 24
 208.305 304.72 220.355 349.406 249 426 c 24
 274.19 493.358 291.09 530.31 318 597 c 25
 299.28 497.55 291.953 440.787 270 342 c 24
 247.47 240.613 204 84 204 84 c 1
 204 84 238.357 -9.58301 240 -72 c 24
 240.8 -102.409 237.032 -130.048 210 -144 c 24
 186.636 -156.059 157.258 -144.209 147 -120 c 24
 123.648 -64.8896 135 33 135 33 c 1
 63 90 l 25
69 531 m 25
 105.27 512.28 133.139 511.861 162 483 c 24
 188.642 456.358 202.463 433.645 204 396 c 24
 205.113 368.733 194.416 342.849 168 336 c 24
 145.52 330.172 134.797 354.996 123 375 c 24
 106.832 402.415 109.411 422.924 99 453 c 24
 88.3389 483.8 80.7002 500.58 69 531 c 25
150 768 m 25
 193.29 744.6 226.557 743.146 261 708 c 24
 287.46 681 302.346 655.424 297 618 c 24
 293.421 592.943 268.298 581.184 243 582 c 24
 221.501 582.693 214.262 602.096 204 621 c 24
 191.271 644.448 195.2 661.956 186 687 c 24
 174.08 719.449 164.04 736.41 150 768 c 25
828 207 m 17
 886 162 904 126.896 938 66 c 24
 957.367 31.3125 961.535 6.72559 962 -33 c 24
 962.344 -62.3594 962.229 -85.8164 940 -105 c 24
 924.709 -118.196 898.522 -113.812 889 -96 c 24
 860.721 -43.1006 866.838 -4.80371 855 54 c 24
 843.042 113.4 838.53 147.33 828 207 c 17
560 -3 m 25
 634.1 7.53027 676.355 10.6505 750 24 c 24
 805.57 34.0732 836.01 44.1299 891 57 c 25
 899 9 l 25
 799.94 -35.46 744.308 -61.0956 645 -105 c 24
 633.143 -110.242 622.299 -126.959 614 -117 c 24
 582.506 -79.207 581.06 -47.46 560 -3 c 25
689 -21 m 25
 621 -18 l 17
 662 171 686.697 306.915 721 516 c 24
 735.865 606.61 736.86 658.74 747 750 c 25
 791.85 731.28 822.981 730.975 862 702 c 24
 871.523 694.929 851.09 686.452 848 675 c 24
 824.49 587.874 814.098 537.976 794 450 c 24
 752.086 266.527 729.95 162.69 689 -21 c 25
504 180 m 1
 504 250 l 25
 351 250 l 25
 351 300 l 25
 504 300 l 25
 520.38 312.87 525.891 338.435 546 333 c 24
 581.178 323.492 598.287 302.381 615 270 c 24
 621.55 257.309 602.19 251.7 594 240 c 25
 594 186 l 1
 596 151 578 105 570 63 c 8
 562.152 21.7998 548.531 0.571289 528 -36 c 24
 510.817 -66.6064 500.849 -85.3906 474 -108 c 24
 454.723 -124.233 435.867 -144.531 414 -132 c 24
 386.79 -116.408 402.091 -83.2938 385 -57 c 24
 370.859 -35.2461 355.11 -29.5498 336 -12 c 25
 439 -12 l 25
 454.99 20.7598 472.49 36.3281 480 72 c 16
 488 110 504 141 504 180 c 1
339 519 m 25
 556 519 l 25
 556 469 l 25
 339 469 l 25
 339 519 l 25
322 558 m 25
 365 538 401 542 433 507 c 24
 447 492 420 478 412 459 c 25
 412 255 l 17
 404 226 398 204 367 201 c 1
 343 203 332 227 322 255 c 9
 322 558 l 25
295 735 m 25
 502 735 l 25
 518 748 524 773 544 768 c 24
 579 758 596 737 613 705 c 24
 620 692 600 687 592 675 c 25
 592 489 l 17
 584 460 578 438 547 435 c 1
 523 437 512 461 502 489 c 9
 502 685 l 25
 295 685 l 25
 295 735 l 25
EndSplineSet
EndChar
