Width: 1000
Flags: HW
LayerCount: 2
Fore
SplineSet
63 144 m 25
 135 156 l 25
 165.42 213.33 187.087 243.497 213 303 c 24
 250.397 388.876 264.24 440.25 297 528 c 17
 294 429 280.671 374.644 258 279 c 24
 243.061 215.973 201 123 201 123 c 1
 201 123 240 -1.84961 240 -84 c 24
 240 -109.039 225.846 -131.895 201 -135 c 24
 174.272 -138.341 151.529 -121.861 144 -96 c 24
 122.375 -21.7227 136.68 24.7803 132 102 c 25
 63 144 l 25
72 522 m 25
 107.1 507.96 131.915 508.891 162 486 c 24
 188.088 466.15 204.732 449.355 210 417 c 24
 214.123 391.673 206.764 366.682 183 357 c 24
 161.194 348.116 143.91 365.776 129 384 c 24
 110.01 407.211 113.449 428.282 102 456 c 24
 91.2061 482.133 83.7002 496.26 72 522 c 25
156 729 m 25
 200.46 713.79 232.696 718.573 270 690 c 24
 292.94 672.429 300.87 649.637 297 621 c 24
 293.897 598.044 277.525 584.406 255 579 c 24
 239.525 575.286 231.473 590.213 222 603 c 24
 207.358 622.766 206.413 638.211 195 660 c 24
 180.657 687.382 171.21 702.09 156 729 c 25
810 441 m 25
 852.12 411.75 880.291 400.752 918 366 c 24
 940.909 344.888 953.342 329.619 963 300 c 24
 971.705 273.304 976.766 252.474 963 228 c 24
 951.701 207.913 930.863 196.712 909 204 c 24
 884.988 212.004 882.773 234.652 873 258 c 24
 861.385 285.748 864.792 304.557 855 333 c 24
 840.146 376.145 827.55 398.88 810 441 c 25
636 738 m 25
 687 722 724 728 768 696 c 24
 794 678 799 652 798 621 c 24
 797 603 783 590 765 588 c 24
 742 585 725 593 708 609 c 24
 692 625 698.124 643.069 687 663 c 24
 669.761 693.887 655.89 708.75 636 738 c 25
522 -39 m 9
 522 600 l 25
 565.29 580.11 600.953 584.251 633 549 c 24
 646.745 533.881 620.19 519.72 612 501 c 25
 612 48 l 17
 609 18 639 0 639 0 c 25
 735 0 l 25
 749.04 23.4004 760.935 34.6357 771 60 c 24
 790.386 108.854 794.79 138.69 810 189 c 25
 818.19 115.29 816.097 72.6503 831 0 c 24
 835.112 -20.0488 860.765 -24.7207 858 -45 c 24
 854.941 -67.4326 834.21 -71.2305 819 -88 c 25
 564 -88 l 1
 528.628 -86 522 -63 522 -39 c 9
387 405 m 25
 405 355 425 329 432 276 c 24
 437 231 438 202 417 162 c 24
 406 141 384 134 360 138 c 24
 340 141 330 157 327 177 c 24
 323 203 334 218 342 243 c 24
 348 265 357 275 363 297 c 24
 375 339 378 363 387 405 c 25
EndSplineSet
EndChar
