Width: 1000
Flags: H
TeX: 117 0
LayerCount: 2
Fore
SplineSet
471 381 m 25
 520.14 343.56 556.319 331.492 597 285 c 24
 623.911 254.245 639 229.866 639 189 c 24
 639 160.437 624.496 136.733 597 129 c 24
 573.24 122.317 556.937 141.631 543 162 c 24
 524.396 189.191 529.29 211.7 519 243 c 24
 501.203 297.132 489.72 327.18 471 381 c 25
816 502 m 25
 493 502 l 25
 493 552 l 25
 816 552 l 25
 835.89 571.89 839.392 608.387 867 603 c 24
 906.797 595.234 923.141 565.316 939 528 c 24
 946.575 510.176 926.19 500.55 918 483 c 25
 888.75 410.46 876.768 367.551 843 297 c 24
 811.109 230.371 792.832 192.182 750 132 c 24
 699.962 61.6934 670.175 21.6924 606 -36 c 24
 553.146 -83.5156 518.988 -108.605 453 -135 c 24
 393.529 -158.788 345 -162 291 -162 c 9
 368.22 -114.03 418.927 -96.9119 489 -39 c 24
 561.744 21.1191 595.967 63.581 654 138 c 24
 695.953 191.798 713.742 226.854 744 288 c 24
 770.116 340.776 779.223 373.189 798 429 c 24
 807.351 456.792 808.98 473.53 816 502 c 25
525 774 m 25
 567.12 757.62 597.135 759.497 633 732 c 24
 643.043 724.3 621.06 716.11 615 705 c 24
 585.932 651.707 570.391 621.174 543 567 c 24
 517.736 517.034 509.091 485.838 480 438 c 24
 456.167 398.809 441.913 375.885 408 345 c 24
 375.357 315.271 349.44 308.4 312 285 c 25
 348.27 352.86 372.157 389.417 405 459 c 24
 441.265 535.832 458.755 580.606 489 660 c 24
 505.598 703.569 510.96 729.54 525 774 c 25
327 486 m 25
 288.39 376.02 269.528 312.912 228 204 c 24
 207.473 150.165 168 69 168 69 c 1
 168 69 195.776 -32.0107 186 -96 c 24
 181.752 -123.806 163.08 -148.652 135 -147 c 24
 105.223 -145.248 91.123 -118.967 84 -90 c 24
 72.2529 -42.2275 87.6602 -13.1396 90 36 c 25
 18 81 l 25
 102 111 l 25
 137.1 173.01 155.34 208.9 192 270 c 24
 243.11 355.184 274.35 401.76 327 486 c 25
42 468 m 17
 84 459 111.56 463.597 150 444 c 24
 174.423 431.549 187.847 416.465 195 390 c 24
 200.997 367.81 198.899 346.084 180 333 c 24
 159.775 318.999 137.27 322.065 117 336 c 24
 94.1436 351.714 97.7023 374.884 84 399 c 24
 68.4375 426.391 58.3799 441.09 42 468 c 17
108 765 m 25
 153.63 756.81 183.269 764.192 225 744 c 24
 259.257 727.424 284.568 711.869 294 675 c 24
 300.763 648.562 283.448 624.851 258 615 c 24
 235.506 606.293 219.313 623.303 201 639 c 24
 176.835 659.713 171.901 679.393 153 705 c 24
 135.63 728.534 125.55 741.6 108 765 c 25
EndSplineSet
EndChar
