Width: 1000
Flags: HW
TeX: 117 0
LayerCount: 2
Fore
SplineSet
465 -22 m 25
 855 -22 l 25
 855 -72 l 25
 465 -72 l 25
 465 -22 l 25
462 292 m 25
 858 292 l 25
 858 242 l 25
 462 242 l 25
 462 292 l 25
645 540 m 25
 573 540 l 25
 603 765 l 25
 645 746 675 746 711 717 c 24
 721 709 703 699 699 687 c 24
 678 630 666 597 645 540 c 25
453 570 m 25
 804 570 l 25
 820 583 826 608 846 603 c 24
 881 593 898 572 915 540 c 24
 922 527 902 522 894 510 c 25
 894 -72 l 17
 886 -101 880 -123 849 -126 c 1
 825 -124 814 -100 804 -72 c 9
 804 520 l 25
 453 520 l 25
 453 570 l 25
423 599 m 25
 466 579 502 583 534 548 c 24
 548 533 521 519 513 500 c 25
 513 -78 l 17
 505 -107 499 -129 468 -132 c 1
 444 -130 433 -106 423 -78 c 9
 423 599 l 25
108 99 m 25
 189 117 l 25
 216 178 231 212 258 273 c 24
 280 324 291 354 315 405 c 24
 342 462 359 492 387 548 c 25
 358 422 343 351 312 225 c 24
 297 166 270 75 270 75 c 1
 270 75 302 -34 300 -105 c 24
 299 -131 290 -157 264 -162 c 24
 234 -168 205 -155 195 -126 c 24
 170 -58 188 -13 183 60 c 25
 108 99 l 25
99 500 m 25
 135 481 163 480 192 450 c 24
 220 421 234 397 237 357 c 24
 239 331 229 305 204 300 c 24
 179 295 164 317 150 339 c 24
 131 368 133 390 123 423 c 24
 113 453 108 470 99 500 c 25
195 740 m 25
 237 718 267 715 303 684 c 24
 328 663 340 644 345 612 c 24
 349 589 345 566 324 555 c 24
 305 545 287 558 273 573 c 24
 252 596 253 617 240 645 c 24
 223 682 213 703 195 740 c 25
EndSplineSet
EndChar
