Width: 1000
Flags: HW
TeX: 117 0
LayerCount: 2
Fore
SplineSet
81 -96 m 25
 717 -96 l 25
 746 -68 755 -36 780 -27 c 1
 806 -31 848 -84 879 -117 c 1
 887 -135 870 -146 852 -146 c 9
 81 -146 l 25
 81 -96 l 25
554 101 m 25
 554 101 628 91 665 64 c 24
 676 56 655 45 649 33 c 24
 617 -30 598 -65 566 -128 c 25
 513 -125 l 25
 554 101 l 25
270 108 m 1
 317 85 340 70 369 31 c 24
 392 -1 401 -27 398 -66 c 24
 396 -90 383 -109 359 -114 c 24
 335 -119 316 -106 305 -84 c 24
 287 -49 301 -23 294 16 c 24
 287 52 282 73 270 108 c 1
258 145 m 25
 696 145 l 25
 696 95 l 25
 258 95 l 25
 258 145 l 25
255 332 m 25
 642 332 l 25
 658 345 664 370 684 365 c 24
 719 355 736 334 753 302 c 24
 760 289 740 284 732 272 c 25
 732 123 l 17
 724 94 718 72 687 69 c 1
 663 71 652 95 642 123 c 9
 642 282 l 25
 255 282 l 25
 255 332 l 25
222 359 m 25
 222 359 301 343 333 308 c 24
 347 293 320 279 312 260 c 25
 312 123 l 17
 304 94 298 72 267 69 c 1
 243 71 232 95 222 123 c 9
 222 359 l 25
282 471 m 25
 570 471 l 25
 570 471 592 502 616 511 c 1
 635 504 659 476 678 450 c 1
 686 432 670 421 652 421 c 9
 282 421 l 25
 282 471 l 25
804 672 m 25
 804 672 857 627 870 587 c 24
 874 574 849 580 837 573 c 24
 779 542 747 524 690 492 c 25
 668 522 l 25
 804 672 l 25
678 789 m 25
 678 789 738 745 758 704 c 24
 764 692 739 696 728 689 c 24
 679 659 652 640 603 609 c 25
 573 651 l 25
 678 789 l 25
498 753 m 25
 546 753 l 25
 546 753 585 656 627 606 c 24
 695 526 741 487 825 423 c 24
 873 386 963 351 963 351 c 25
 963 351 902 332 864 315 c 24
 846 307 840 282 822 288 c 24
 782 301 765 324 738 357 c 24
 674 434 643 482 591 567 c 24
 549 636 498 753 498 753 c 25
96 646 m 17
 151 621 185 605 228 562 c 24
 252 538 265 515 260 482 c 24
 256 460 232 446 210 452 c 0
 184 459 174 494 159 526 c 0
 137 573 121 599 96 646 c 17
339 685 m 25
 111 685 l 25
 111 735 l 25
 342 735 l 25
 358 750 363 782 384 774 c 24
 426 758 442 730 462 690 c 24
 468 678 443 680 435 669 c 24
 396 615 381 585 342 525 c 0
 285 437 231 372 156 315 c 0
 99 272 81 264 18 243 c 1
 70 296 98 326 144 384 c 24
 196 449 222 488 267 558 c 24
 298 606 339 685 339 685 c 25
EndSplineSet
EndChar
