Width: 1000
Flags: HW
LayerCount: 2
Fore
SplineSet
579 153 m 1
 786 153 l 1
 786 103 l 1
 579 103 l 1
 579 153 l 1
582 267 m 1
 777 267 l 1
 777 217 l 1
 582 217 l 1
 582 267 l 1
195 156 m 1
 417 156 l 1
 417 106 l 1
 195 106 l 1
 195 156 l 1
189 267 m 1
 420 267 l 1
 420 217 l 1
 189 217 l 1
 189 267 l 1
120 30 m 25
 768 30 l 25
 797 58 806 90 831 99 c 1
 857 95 899 42 930 9 c 1
 938 -9 921 -20 903 -20 c 9
 120 -20 l 25
 120 30 l 25
539 362 m 25
 539 -138 l 17
 531 -167 525 -189 494 -192 c 1
 470 -190 459 -166 449 -138 c 9
 449 362 l 25
 539 362 l 25
243 387 m 25
 756 387 l 25
 756 337 l 25
 243 337 l 25
 243 387 l 25
240 524 m 25
 750 524 l 25
 750 474 l 25
 240 474 l 25
 240 524 l 25
234 657 m 25
 705 657 l 25
 721 670 727 695 747 690 c 24
 782 680 799 659 816 627 c 24
 823 614 803 609 795 597 c 25
 795 357 l 17
 787 328 781 306 750 303 c 1
 726 305 715 329 705 357 c 9
 705 607 l 25
 234 607 l 25
 234 657 l 25
213 696 m 25
 256 676 292 680 324 645 c 24
 338 630 311 616 303 597 c 25
 303 356 l 17
 295 327 289 305 258 302 c 1
 234 304 223 328 213 356 c 9
 213 696 l 25
417 786 m 25
 464 771 497 775 537 747 c 24
 549 739 525 728 516 717 c 24
 493 686 479 669 456 639 c 25
 384 639 l 25
 392 668 398 684 405 714 c 24
 411 742 412 758 417 786 c 25
EndSplineSet
EndChar
