Width: 1000
Flags: H
TeX: 117 0
LayerCount: 2
Fore
SplineSet
555 663 m 25
 645 663 l 25
 645 -72 l 25
 555 -72 l 25
 555 663 l 25
378 666 m 25
 468 666 l 25
 468 -66 l 25
 378 -66 l 25
 378 666 l 25
726 -66 m 25
 726 631 l 25
 222 631 l 25
 222 681 l 25
 726 681 l 25
 742.38 693.87 747.891 719.435 768 714 c 24
 803.178 704.492 820.287 683.381 837 651 c 24
 843.55 638.309 824.19 632.7 816 621 c 25
 816 -66 l 25
 726 -66 l 25
42 -45 m 25
 813 -45 l 25
 842 -17 851 15 876 24 c 1
 902 20 944 -33 975 -66 c 1
 983 -84 966 -95 948 -95 c 9
 42 -95 l 25
 42 -45 l 25
189 -78 m 25
 189 720 l 25
 232 700 268 704 300 669 c 24
 314 654 287 640 279 621 c 25
 279 -78 l 25
 189 -78 l 25
EndSplineSet
EndChar
