Width: 1000
Flags: HW
LayerCount: 2
Fore
SplineSet
430 78 m 25
 827 78 l 25
 856 106 865 138 890 147 c 1
 916 143 958 90 989 57 c 1
 997 39 980 28 962 28 c 9
 430 28 l 25
 430 78 l 25
531 202 m 1
 864 202 l 1
 864 152 l 1
 531 152 l 1
 531 202 l 1
536 320 m 1
 861 320 l 1
 861 270 l 1
 536 270 l 1
 536 320 l 1
531 423 m 25
 807 423 l 25
 823 436 829 461 849 456 c 24
 884 446 901 425 918 393 c 24
 925 380 905 375 897 363 c 25
 897 195 l 17
 889 166 883 144 852 141 c 1
 828 143 817 167 807 195 c 9
 807 373 l 25
 531 373 l 25
 531 423 l 25
498 450 m 25
 541 430 577 434 609 399 c 24
 623 384 596 370 588 351 c 25
 588 171 l 17
 580 142 574 120 543 117 c 1
 519 119 508 143 498 171 c 9
 498 450 l 25
498 546 m 25
 869 546 l 25
 869 546 892 582 917 591 c 1
 943 587 931 558 962 525 c 1
 970 507 953 496 935 496 c 9
 498 496 l 25
 498 546 l 25
654 699 m 25
 697 679 733 683 765 648 c 24
 779 633 752 619 744 600 c 25
 744 -117 l 17
 736 -146 730 -168 699 -171 c 1
 675 -169 664 -145 654 -117 c 9
 654 699 l 25
883 658 m 25
 517 658 l 25
 517 708 l 25
 888 708 l 25
 902 719 908 743 924 735 c 24
 958 718 978 697 987 660 c 24
 991 643 963 645 948 636 c 25
 861 576 l 25
 883 658 l 25
495 753 m 25
 521 719 546 706 561 666 c 24
 572 636 573 613 558 585 c 24
 543 557 524 535 493 537 c 24
 466 538 452 564 449 591 c 24
 446 620 472 632 480 660 c 24
 490 695 489 717 495 753 c 25
193 276 m 25
 254 237 297 227 349 177 c 24
 391 137 416 108 430 51 c 24
 438 19 427 -9 400 -27 c 24
 383 -39 366 -17 355 0 c 24
 331 36 333 64 313 102 c 24
 294 139 280 158 256 192 c 24
 233 226 218 243 193 276 c 25
364 313 m 25
 133 313 l 25
 133 363 l 25
 364 363 l 25
 379 376 383 400 403 396 c 24
 437 389 454 371 472 342 c 24
 480 330 463 322 457 309 c 25
 437 250 438 212 406 159 c 24
 368 95 337 66 283 15 c 24
 254 -12 232 -23 196 -39 c 24
 170 -51 152 -50 124 -57 c 25
 174 -13 211 5 253 57 c 24
 296 109 313 145 340 207 c 24
 357 246 355 272 364 313 c 25
232 339 m 25
 232 759 l 25
 275 739 311 743 343 708 c 24
 357 693 330 679 322 660 c 25
 322 339 l 25
 232 339 l 25
378 538 m 25
 124 538 l 25
 124 588 l 25
 376 588 l 25
 398 601 408 630 432 621 c 24
 469 607 481 579 496 543 c 24
 501 532 483 528 475 519 c 25
 346 432 l 25
 378 538 l 25
91 120 m 25
 91 621 l 25
 134 601 170 605 202 570 c 24
 216 555 189 541 181 522 c 25
 181 210 l 17
 178 144 172 124 157 72 c 24
 145 31 138 7 112 -27 c 24
 90 -56 66 -62 37 -84 c 25
 52 -41 64 -17 76 27 c 24
 85 63 85 84 91 120 c 25
EndSplineSet
EndChar
