Width: 1000
Flags: H
TeX: 117 0
LayerCount: 2
Fore
SplineSet
537 171 m 1
 627 171 l 1
 627 -126 l 1
 537 -126 l 1
 537 171 l 1
372 171 m 1
 462 171 l 1
 462 -126 l 1
 372 -126 l 1
 372 171 l 1
69 -93 m 25
 816 -93 l 25
 845 -65 854 -33 879 -24 c 1
 905 -28 947 -81 978 -114 c 1
 986 -132 969 -143 951 -143 c 9
 69 -143 l 25
 69 -93 l 25
696 -123 m 25
 696 145 l 25
 243 145 l 25
 243 195 l 25
 696 195 l 25
 712.38 207.87 717.891 233.435 738 228 c 24
 773.178 218.492 790.287 197.381 807 165 c 24
 813.55 152.309 794.19 146.7 786 135 c 25
 786 -123 l 25
 696 -123 l 25
216 -129 m 25
 216 219 l 25
 259 199 295 203 327 168 c 24
 341 153 314 139 306 120 c 25
 306 -129 l 25
 216 -129 l 25
399 513 m 25
 495 513 l 25
 486.81 486.09 485.846 469.513 474 444 c 24
 455.238 403.591 443.17 381.057 417 345 c 24
 390.232 308.12 374.832 286.154 339 258 c 24
 291.981 221.057 262.253 202.863 207 180 c 24
 159.272 160.251 128.31 161.7 78 150 c 25
 120.12 174.57 147.048 183.666 186 213 c 24
 242.271 255.377 273.835 280.677 321 333 c 24
 349.482 364.598 361.086 386.967 378 426 c 24
 391.878 458.026 390.81 479.07 399 513 c 25
600 390 m 25
 600 499 l 25
 278 499 l 25
 278 549 l 25
 600 549 l 25
 616.38 561.87 621.891 587.435 642 582 c 24
 677.178 572.492 694.287 551.381 711 519 c 24
 717.55 506.309 698.19 500.7 690 489 c 25
 690 348 l 25
 680.64 328.11 680.38 313.627 666 297 c 24
 642.09 269.354 629.842 244.168 594 237 c 24
 571.055 232.411 562.834 256.746 546 273 c 24
 528.647 289.754 522.21 302.28 507 321 c 25
 558 321 l 25
 572.04 328.02 585.838 325.592 594 339 c 24
 604.413 356.107 597.66 370.11 600 390 c 25
600 691 m 25
 423 691 l 25
 423 741 l 25
 579 741 l 25
 593.04 755.04 595.152 777.551 615 777 c 24
 646.923 776.113 665.421 761.541 687 738 c 24
 695.839 728.357 683.34 717.87 681 705 c 25
 688.02 686.28 686.122 672.293 699 657 c 24
 724.668 626.52 743.602 612.735 777 591 c 24
 817.787 564.456 843.72 554.187 888 534 c 24
 923.389 517.867 944.73 512.04 981 498 c 25
 950.58 482.79 930.676 478.768 903 459 c 24
 880.773 443.124 882.084 404.467 855 408 c 24
 811.143 413.721 797.961 447.509 765 477 c 24
 731.084 507.346 711.788 524.959 684 561 c 24
 647.142 608.804 632.76 640.3 600 691 c 25
309 720 m 25
 341.76 698.94 370.666 697.905 393 666 c 24
 402.321 652.684 380.401 643.915 372 630 c 24
 342.96 581.902 331.94 550.999 297 507 c 24
 268.17 470.695 246.2 454.96 210 426 c 24
 175.791 398.633 156.184 382.592 117 363 c 24
 87.5312 348.266 67.5898 348.36 36 339 c 25
 75.7803 374.1 103.098 389.046 138 429 c 24
 192.499 491.387 222.031 528.579 264 600 c 24
 289.322 643.093 291.45 673.2 309 720 c 25
EndSplineSet
EndChar
