Width: 1000
Flags: H
TeX: 117 0
LayerCount: 2
Fore
SplineSet
579 168 m 1
 669 168 l 1
 669 -105 l 1
 579 -105 l 1
 579 168 l 1
438 -82 m 1
 834 -82 l 1
 834 -132 l 1
 438 -132 l 1
 438 -82 l 1
438 50 m 1
 834 50 l 1
 834 0 l 1
 438 0 l 1
 438 50 l 1
444 183 m 25
 762 183 l 25
 778.38 195.87 783.891 221.435 804 216 c 24
 839.178 206.492 856.287 185.381 873 153 c 24
 879.55 140.309 860.19 134.7 852 123 c 25
 852 -117 l 17
 844 -146 838 -168 807 -171 c 1
 783 -169 772 -145 762 -117 c 9
 762 133 l 25
 444 133 l 25
 444 183 l 25
381 216 m 25
 424.29 196.11 459.953 200.251 492 165 c 24
 505.745 149.881 479.19 135.72 471 117 c 25
 471 -123 l 17
 463 -152 457 -174 426 -177 c 1
 402 -175 391 -151 381 -123 c 9
 381 216 l 25
639 522 m 25
 723 522 l 25
 712.47 471.69 707.15 443.176 696 393 c 24
 688.428 358.927 687.963 338.408 675 306 c 24
 664.268 279.17 657.062 262.785 636 243 c 24
 616.932 225.088 599.4 224.7 576 213 c 25
 588.87 243.42 599.733 259.296 609 291 c 24
 622.068 335.709 627.001 361.808 633 408 c 24
 638.734 452.15 636.66 477.54 639 522 c 25
783 348 m 9
 783 490 l 25
 579 490 l 25
 579 540 l 25
 783 540 l 25
 799.38 552.87 804.891 578.435 825 573 c 24
 860.178 563.492 877.287 542.381 894 510 c 24
 900.55 497.309 881.19 491.7 873 480 c 25
 873 312 l 25
 857.79 289.77 854.692 272.243 834 255 c 24
 811.085 235.903 793.883 214.546 765 222 c 24
 741.645 228.027 754.91 259.295 741 279 c 24
 726.202 299.964 711.72 306.45 693 324 c 17
 756 324 l 1
 765.055 331.877 783 336 783 348 c 9
492 612 m 25
 515.4 581.58 547.516 572.116 552 534 c 24
 554.445 513.214 522.72 519.36 504 510 c 25
 387 483 l 25
 366 507 l 25
 390.57 526.89 404.715 537.763 429 558 c 24
 453.86 578.717 467.43 590.94 492 612 c 25
510 453 m 25
 545.1 426.09 580.49 423.692 600 384 c 24
 618.587 346.185 616.297 313.458 597 276 c 24
 588.277 259.068 562.178 271.249 549 285 c 24
 531.08 303.699 533.857 322.772 528 348 c 24
 518.604 388.471 517.02 412.05 510 453 c 25
303 318 m 25
 341.61 325.02 363.714 327.386 402 336 c 24
 457.37 348.458 488.01 357.96 543 372 c 25
 561 333 l 25
 483.78 299.07 439.433 281.669 363 246 c 24
 351.532 240.648 344.102 218.277 336 228 c 24
 312.066 256.72 315.87 282.9 303 318 c 25
333 285 m 25
 333 543 l 25
 376 523 412 527 444 492 c 24
 458 477 431 463 423 444 c 25
 423 285 l 25
 333 285 l 25
234 270 m 25
 234 216 l 25
 194.22 185.58 171.626 168.62 132 138 c 24
 120.144 128.839 113.198 104.046 102 114 c 24
 70.3135 142.166 70.8896 172.56 51 210 c 25
 234 270 l 25
57 543 m 25
 87.4199 521.94 107.99 514.286 135 489 c 24
 163.546 462.276 188.906 449.031 198 411 c 24
 204.085 385.556 191.572 362.35 168 351 c 24
 148.619 341.669 130.168 354.991 117 372 c 24
 99.0938 395.129 105.684 416.399 96 444 c 24
 82.2607 483.157 72.21 504.39 57 543 c 25
498 630 m 25
 498 792 l 25
 541 772 577 776 609 741 c 24
 623 726 596 712 588 693 c 25
 588 630 l 25
 498 630 l 25
207 660 m 25
 777 660 l 25
 806 688 815 720 840 729 c 1
 866 725 908 672 939 639 c 1
 947 621 930 610 912 610 c 9
 207 610 l 25
 207 660 l 25
183 111 m 25
 183 690 l 25
 226.29 670.11 261.953 674.251 294 639 c 24
 307.745 623.881 281.19 609.72 273 591 c 25
 273 75 l 25
 257.79 29.3701 256.344 0.593539 234 -42 c 24
 218.2 -72.1182 205.215 -89.0094 177 -108 c 24
 142.574 -131.172 116.61 -131.79 78 -147 c 25
 101.4 -114.24 119.768 -98.8935 138 -63 c 24
 157.604 -24.4033 163.161 0.088919 174 42 c 24
 180.795 68.2734 179.49 84.0898 183 111 c 25
EndSplineSet
EndChar
