Width: 1000
Flags: H
TeX: 117 0
LayerCount: 2
Fore
SplineSet
573 336 m 25
 612 336 l 25
 645.93 269.31 658.751 228.077 699 165 c 24
 737.53 104.617 758.79 67.8176 813 21 c 24
 863.744 -22.8242 904.5 -30.2402 963 -63 c 25
 938.43 -80.5498 923.985 -89.6582 900 -108 c 24
 884.173 -120.104 879.902 -147.301 861 -141 c 24
 818.502 -126.834 803.154 -100.012 774 -66 c 24
 732.393 -17.458 713.701 14.0624 681 69 c 24
 655.039 112.615 643.033 138.946 624 186 c 24
 600.83 243.28 592.89 277.5 573 336 c 25
801 304 m 25
 516 304 l 25
 516 354 l 25
 795 354 l 25
 818.4 366.87 830.387 397.363 855 387 c 24
 889.991 372.267 899.338 342.717 909 306 c 24
 913.05 290.61 894.36 285.87 885 273 c 25
 868.62 236.73 862.124 214.901 843 180 c 24
 815.229 129.316 798.652 100.986 765 54 c 24
 736.477 14.1748 720.966 -9.85608 684 -42 c 24
 639.434 -80.7529 611.438 -100.853 558 -126 c 24
 510.739 -148.24 479.31 -147.96 429 -162 c 25
 485.16 -119.88 521.229 -101.411 573 -54 c 24
 632.842 0.802734 665.197 34.1721 714 99 c 24
 744.217 139.14 754.372 166.751 774 213 c 24
 788.462 247.077 790.47 268.51 801 304 c 25
669 330 m 25
 669 795 l 25
 712 775 748 779 780 744 c 24
 794 729 767 715 759 696 c 25
 759 330 l 25
 669 330 l 25
843 559 m 25
 504 559 l 25
 504 609 l 25
 855 609 l 25
 874.89 616.02 887.819 637.694 906 627 c 24
 937.327 608.572 949.116 584.48 957 549 c 24
 960.415 533.634 940.53 530.7 930 519 c 25
 834 471 l 25
 843 559 l 25
486 159 m 25
 486 639 l 25
 529.29 619.11 564.953 623.251 597 588 c 24
 610.745 572.881 584.19 558.72 576 540 c 25
 576 171 l 25
 567.81 138.24 569.233 117.622 555 87 c 24
 530.22 33.6855 513.047 4.44459 477 -42 c 24
 451.617 -74.7041 434.982 -93.5273 399 -114 c 24
 365.196 -133.233 340.44 -130.47 303 -141 c 25
 340.44 -100.05 365.17 -79.9793 399 -36 c 24
 423.957 -3.55566 436.322 16.6183 453 54 c 24
 470.489 93.2002 473.13 118.05 486 159 c 25
126 213 m 25
 177.48 179.07 210.389 165.174 258 126 c 24
 303.363 88.6758 341.973 72.8536 363 18 c 24
 374.237 -11.3145 358.384 -54.8259 327 -54 c 24
 284.813 -52.8896 277.656 -9.9796 249 21 c 24
 234.222 36.9766 230.241 49.5432 216 66 c 24
 177.528 110.456 153.78 133.71 114 177 c 25
 126 213 l 25
291 223 m 25
 144 223 l 25
 144 273 l 25
 300 273 l 25
 318.72 288.21 325.52 320.742 348 312 c 24
 384.64 297.751 395.899 268.404 408 231 c 24
 412.106 218.308 391.53 218.19 381 210 c 25
 354.09 165.54 341.466 138.809 312 96 c 24
 279.359 48.5791 262.391 20.0216 222 -21 c 24
 186.865 -56.6836 163.716 -74.5705 120 -99 c 24
 83.1748 -119.579 57.7803 -120.96 18 -135 c 25
 62.46 -91.71 91.4708 -70.9903 132 -24 c 24
 172.508 22.9658 191.43 52.8497 225 105 c 24
 253.541 149.337 265.26 176.98 291 223 c 25
144 357 m 25
 180.27 342.96 206.744 345.437 237 321 c 24
 246.371 313.431 227.85 304.53 222 294 c 25
 205.62 263.58 200.649 243.7 180 216 c 24
 152.293 178.832 137.224 155.232 99 129 c 24
 75.1348 112.622 55.0801 118.02 27 111 c 25
 49.2305 141.42 65.1225 156.393 84 189 c 24
 103.939 223.441 112.615 244.522 126 282 c 24
 136.117 310.328 136.98 327.75 144 357 c 25
249 390 m 9
 249 567 l 25
 339 567 l 25
 339 450 l 17
 345 429 330 429 357 423 c 9
 387 423 l 25
 396.36 435.87 401.965 442.899 411 456 c 24
 425.37 476.836 432.96 488.94 447 510 c 25
 445.83 476.07 434.784 455.676 444 423 c 24
 448.961 405.41 480 411.276 480 393 c 24
 480 372.301 458.04 369.21 444 354 c 25
 309 354 l 17
 286.673 354 258 369 249 390 c 9
111 456 m 25
 111 555 l 25
 201 555 l 25
 201 468 l 25
 192.81 449.28 192.509 436.157 180 420 c 24
 163.762 399.025 152.187 387.882 129 375 c 24
 88.166 352.314 61.29 347.55 18 330 c 25
 43.7402 358.08 61.3787 371.352 84 402 c 24
 97.9824 420.944 100.47 434.94 111 456 c 25
327 678 m 25
 362.1 658.11 389.829 656.822 417 627 c 24
 440.705 600.982 455.352 577.788 450 543 c 24
 446.397 519.585 422.621 511.817 399 510 c 24
 384.152 508.857 378.506 523.605 372 537 c 24
 358.095 565.629 357.677 584.68 348 615 c 24
 340.126 639.673 335.19 653.43 327 678 c 25
48 609 m 25
 98.3096 609 126.709 607.628 177 609 c 24
 255.439 611.14 299.61 614.49 378 618 c 25
 378 567 l 25
 276.21 551.79 218.964 541.995 117 528 c 24
 99.5742 525.608 83.4061 511.61 72 525 c 24
 49.9062 550.937 57.3604 576.24 48 609 c 25
228 792 m 25
 264.27 769.77 294.958 768.638 321 735 c 24
 330.95 722.147 308.19 713.04 300 699 c 25
 275.43 669.75 260.358 654.227 237 624 c 24
 220.53 602.687 213.21 589.23 198 567 c 25
 144 567 l 25
 162.72 606.78 176.623 627.812 192 669 c 24
 209.481 715.825 213.96 744.03 228 792 c 25
EndSplineSet
EndChar
