Width: 1000
Flags: H
TeX: 117 0
LayerCount: 2
Fore
SplineSet
889 -135 m 10
 601 -135 l 17
 573 -130 549 -112 544 -87 c 9
 544 405 l 25
 634 405 l 25
 634 -19 l 17
 634 -40 654 -54 670 -55 c 9
 811 -55 l 25
 828 -23 838 -5 854 28 c 24
 869 58 877 75 892 105 c 25
 892 43 881 7 892 -54 c 24
 896 -75 929 -74 928 -96 c 24
 927 -117 905 -135 889 -135 c 10
349 153 m 10
 349 405 l 25
 439 405 l 25
 439 162 l 18
 439 117 426 70 397 21 c 24
 370 -25 344 -44 300 -74 c 24
 252 -106 221 -117 166 -135 c 24
 122 -149 106 -152 49 -156 c 1
 122 -120 161 -98 224 -48 c 24
 269 -13 292 12 322 60 c 24
 342 92 349 114 349 153 c 10
88 225 m 25
 742 225 l 25
 771 253 780 285 805 294 c 1
 831 290 873 237 904 204 c 1
 912 186 895 175 877 175 c 9
 88 175 l 25
 88 225 l 25
238 438 m 25
 640 438 l 25
 669 466 678 498 703 507 c 1
 729 503 771 450 802 417 c 1
 810 399 793 388 775 388 c 9
 238 388 l 25
 238 438 l 25
859 711 m 25
 859 711 919 660 934 615 c 24
 939 600 912 605 898 597 c 24
 836 562 739 507 739 507 c 25
 709 543 l 25
 709 543 774 603 811 645 c 24
 832 669 859 711 859 711 c 25
703 789 m 25
 703 789 775 732 793 711 c 0
 807 695 771 693 757 681 c 24
 718 649 697 632 658 600 c 25
 619 630 l 25
 703 789 l 25
632 642 m 24
 668 610 688 591 727 561 c 24
 776 524 803 502 856 471 c 24
 910 439 1000 399 1000 399 c 9
 1000 399 957 380 931 366 c 24
 912 356 907 321 883 336 c 0
 841 362 821 381 784 414 c 24
 721 469 686 501 628 561 c 24
 580 611 511 696 511 696 c 25
 536 732 l 25
 536 732 594 676 632 642 c 24
148 666 m 17
 222 654 227 653 271 630 c 24
 306 612 325 597 346 564 c 24
 358 544 365 521 349 504 c 24
 333 487 309 492 289 504 c 24
 256 524 251 550 226 579 c 24
 196 613 178 632 148 666 c 17
439 703 m 9
 100 703 l 25
 100 753 l 25
 454 753 l 25
 472 765 479 789 499 783 c 24
 533 773 551 753 565 720 c 24
 571 705 550 700 541 687 c 24
 500 631 482 595 436 543 c 24
 388 490 359 462 301 420 c 24
 254 386 223 373 170 350 c 24
 130 332 122 330 64 315 c 1
 140 368 183 400 253 462 c 24
 303 506 330 533 370 585 c 24
 403 627 430 675 439 703 c 9
EndSplineSet
EndChar
