Width: 1000
Flags: HW
LayerCount: 2
Fore
SplineSet
746 -13 m 25
 771.74 -18.8496 786.537 -21.0421 812 -28 c 24
 853.655 -39.3828 882.599 -35.2712 918 -60 c 24
 940.31 -75.584 951.275 -95.9844 948 -123 c 24
 945.404 -144.417 927.557 -159.854 906 -159 c 24
 878.222 -157.899 868.008 -137.207 847 -119 c 24
 826.759 -101.457 819.477 -87.3919 801 -68 c 24
 780.074 -46.0381 767.45 -34.4502 746 -13 c 25
571 -145 m 24
 538.837 -153.262 519.15 -148.05 486 -150 c 25
 525.78 -121.92 549.793 -108.186 588 -78 c 24
 620.504 -52.3203 636.19 -34.6904 667 -7 c 25
 692.35 -30.79 718.394 -36.008 732 -68 c 24
 737.832 -81.7129 717.443 -87.5705 704 -94 c 24
 653.884 -117.969 624.806 -131.178 571 -145 c 24
598 26 m 25
 846 26 l 25
 846 -24 l 25
 598 -24 l 25
 598 26 l 25
607 106 m 25
 858 106 l 25
 858 56 l 25
 607 56 l 25
 607 106 l 25
594 199 m 25
 854 199 l 25
 854 149 l 25
 594 149 l 25
 594 199 l 25
598 280 m 25
 801 280 l 25
 817 293 823 318 843 313 c 24
 878 303 895 282 912 250 c 24
 919 237 899 232 891 220 c 25
 891 21 l 17
 883 -8 877 -30 846 -33 c 1
 822 -31 811 -7 801 21 c 9
 801 230 l 25
 598 230 l 25
 598 280 l 25
575 310 m 25
 618 290 654 294 686 259 c 24
 700 244 673 230 665 211 c 25
 665 8 l 17
 657 -21 651 -43 620 -46 c 1
 596 -44 585 -20 575 8 c 9
 575 310 l 25
525 366 m 25
 876 366 l 25
 876 366 899 402 924 411 c 1
 950 407 938 378 969 345 c 1
 977 327 960 316 942 316 c 9
 525 316 l 25
 525 366 l 25
545 458 m 25
 811 458 l 25
 811 458 834 494 859 503 c 1
 885 499 873 470 904 437 c 1
 912 419 895 408 877 408 c 9
 545 408 l 25
 545 458 l 25
690 356 m 25
 690 628 l 25
 733 608 769 612 801 577 c 24
 815 562 788 548 780 529 c 25
 780 356 l 25
 690 356 l 25
542 547 m 25
 862 547 l 25
 862 547 885 583 910 592 c 1
 936 588 924 559 955 526 c 1
 963 508 946 497 928 497 c 9
 542 497 l 25
 542 547 l 25
435 297 m 25
 470.1 274.77 495.977 269.73 525 240 c 24
 545.837 218.655 561.605 200.61 558 171 c 24
 554.9 145.54 535.629 117.84 511 125 c 24
 480.663 133.818 488.898 169.307 472 196 c 24
 461.9 211.954 453.7 219.18 442 234 c 25
 435 297 l 25
396 366 m 25
 396 138 l 25
 387.03 127.86 382.691 121.452 373 112 c 24
 351.063 90.6055 341.459 74.454 315 59 c 24
 295.968 47.8838 281.45 51.0703 260 46 c 25
 284.18 90.46 302.204 113.422 322 160 c 24
 355.391 238.565 367.14 285.66 396 366 c 25
274 387 m 25
 468 387 l 25
 468 387 491 423 516 432 c 1
 542 428 530 399 561 366 c 1
 569 348 552 337 534 337 c 9
 274 337 l 25
 274 387 l 25
456 534 m 25
 456 -129 l 17
 448 -158 442 -180 411 -183 c 1
 387 -181 376 -157 366 -129 c 9
 366 534 l 25
 456 534 l 25
489 609 m 25
 505.38 576.24 526.457 561.344 531 525 c 24
 532.562 512.496 513.474 514.791 501 513 c 24
 434.277 503.421 396.247 500.638 329 496 c 24
 294.37 493.611 274.71 495.39 240 495 c 25
 298.5 519.57 332.309 531.587 390 558 c 24
 429.49 576.08 450.39 589.11 489 609 c 25
78 78 m 24
 43 99 41 129 18 162 c 25
 34 174 43 181 60 192 c 24
 117 230 150 251 207 288 c 25
 168 218 150 176 108 108 c 24
 99 94 92 69 78 78 c 24
36 582 m 25
 63 568 83 567 105 546 c 24
 136 517 157 500 168 459 c 24
 176 430 172 401 147 384 c 24
 127 370 102 383 87 402 c 24
 71 424 88 445 81 471 c 24
 68 516 54 539 36 582 c 25
447 657 m 25
 447 789 l 25
 490 769 526 773 558 738 c 24
 572 723 545 709 537 690 c 25
 537 657 l 25
 447 657 l 25
207 684 m 25
 741 684 l 25
 770 712 779 744 804 753 c 1
 830 749 872 696 903 663 c 1
 911 645 894 634 876 634 c 9
 207 634 l 25
 207 684 l 25
189 177 m 25
 189 720 l 25
 232 700 268 704 300 669 c 24
 314 654 287 640 279 621 c 25
 279 156 l 25
 265 100 270 63 243 12 c 24
 218 -37 193 -59 150 -93 c 24
 115 -121 88 -124 48 -144 c 25
 75 -114 96 -101 117 -66 c 24
 144 -21 156 7 171 57 c 24
 184 102 182 130 189 177 c 25
EndSplineSet
EndChar
