Width: 1000
Flags: H
TeX: 117 0
LayerCount: 2
Fore
SplineSet
549 104 m 1
 639 104 l 1
 639 -130 l 1
 549 -130 l 1
 549 104 l 1
396 107 m 1
 486 107 l 1
 486 -130 l 1
 396 -130 l 1
 396 107 l 1
54 -106 m 25
 801 -106 l 25
 830 -78 839 -46 864 -37 c 1
 890 -41 932 -94 963 -127 c 1
 971 -145 954 -156 936 -156 c 9
 54 -156 l 25
 54 -106 l 25
699 -130 m 25
 699 84 l 25
 267 84 l 25
 267 134 l 25
 699 134 l 25
 715 147 721 172 741 167 c 24
 776 157 793 136 810 104 c 24
 817 91 797 86 789 74 c 25
 789 -130 l 25
 699 -130 l 25
234 -136 m 25
 234 167 l 25
 277.29 147.11 312.953 151.251 345 116 c 24
 358.745 100.881 332.19 86.7197 324 68 c 25
 324 -136 l 25
 234 -136 l 25
528 374 m 25
 567 374 l 25
 609.12 345.92 629.837 324.867 675 302 c 24
 722.891 277.751 751.611 265.704 804 254 c 24
 862.514 240.928 897.33 244.85 957 239 c 25
 934.77 221.45 920.662 213.371 900 194 c 24
 883.058 178.116 884.203 149.987 861 149 c 24
 818.45 147.189 796.25 167.355 759 188 c 24
 698.545 221.506 665.836 243.651 612 287 c 24
 575.265 316.579 560.76 340.07 528 374 c 25
714 348 m 25
 510 348 l 25
 510 398 l 25
 735 398 l 25
 751.38 412.04 756.277 439.999 777 434 c 24
 814.358 423.186 829.331 398.553 849 365 c 24
 854.455 355.694 836.19 354.02 828 347 c 25
 792.9 317.75 775.108 298.655 738 272 c 24
 691.866 238.861 667.951 214.558 615 194 c 24
 566.406 175.134 534.48 181.19 483 173 c 25
 529.8 198.74 558.968 208.769 603 239 c 24
 637.844 262.923 653.843 281.387 684 311 c 24
 697.255 324.017 702.3 333.57 714 348 c 25
687 479 m 9
 687 660 l 25
 561 660 l 25
 561 710 l 25
 687 710 l 25
 703.38 722.87 708.891 748.435 729 743 c 24
 764.178 733.492 781.287 712.381 798 680 c 24
 804.55 667.309 785.19 661.7 777 650 c 25
 777 557 l 17
 777 532.167 792 527 813 527 c 9
 861 527 l 25
 875.04 536.36 887.298 537.193 897 551 c 24
 918.662 581.827 922.62 604.07 939 638 c 25
 936.66 595.88 936 560 933 530 c 0
 930.764 507.637 968.168 507.46 969 485 c 24
 969.705 465.967 948.87 463.04 936 449 c 25
 738 449 l 17
 693 449 693 458 687 479 c 9
534 536 m 25
 534 755 l 25
 577.29 735.11 612.953 739.251 645 704 c 24
 658.745 688.881 632.19 674.72 624 656 c 25
 624 539 l 17
 618 497 602.759 478.435 576 449 c 24
 554.133 424.945 532.08 423.38 504 407 c 25
 513.36 428.06 522.779 438.553 528 461 c 24
 534.646 489.581 531.66 506.75 534 536 c 25
357 422 m 25
 357 302 l 17
 349 273 349 256 318 253 c 1
 294 255 289 274 279 302 c 9
 279 422 l 25
 357 422 l 25
279 599 m 25
 308.25 576.77 335.44 573.706 354 542 c 24
 367.017 519.763 368.237 495.152 351 476 c 24
 337.603 461.114 314.161 467.839 300 482 c 24
 285.839 496.161 297.538 513.288 294 533 c 24
 289.337 558.981 284.85 573.26 279 599 c 25
87 371 m 24
 65.873 377.402 67.3567 399.505 57 419 c 24
 47.4141 437.045 44.1904 448.28 36 467 c 25
 126.09 465.05 176.892 461.249 267 462 c 24
 364.17 462.81 418.89 467.49 516 471 c 25
 469.2 451.89 445.289 433.227 396 422 c 24
 303.879 401.017 249.22 404.386 156 389 c 24
 128.561 384.471 113.615 362.935 87 371 c 24
384 224 m 25
 384 603 l 25
 198 603 l 25
 198 653 l 25
 384 653 l 25
 400.38 665.87 405.891 691.435 426 686 c 24
 461.178 676.492 478.287 655.381 495 623 c 24
 501.55 610.309 482.19 604.7 474 593 c 25
 474 197 l 25
 454.11 177.11 450.344 152.601 423 146 c 24
 405.234 141.712 401.003 164.256 387 176 c 24
 364.732 194.676 352.23 205.28 330 224 c 25
 384 224 l 25
165 341 m 25
 165 698 l 25
 208.29 678.11 243.953 682.251 276 647 c 24
 289.745 631.881 263.19 617.72 255 599 c 25
 255 293 l 17
 231 239 224.192 226.746 195 191 c 24
 166.176 155.705 145.609 138.732 108 113 c 24
 78.1914 92.6045 56.7598 89.21 24 74 c 25
 55.5898 109.1 78.96 124.606 105 164 c 24
 125.249 194.633 129.211 216.224 141 251 c 24
 152.662 285.403 155.64 305.9 165 341 c 25
276 767 m 25
 313.44 750.62 342.469 753.248 372 725 c 24
 382.181 715.262 355.867 709.966 345 701 c 24
 309.058 671.348 288.27 655.25 252 626 c 25
 201 647 l 25
 216.21 668.06 226.231 678.971 240 701 c 24
 255.54 725.863 261.96 741.26 276 767 c 25
EndSplineSet
EndChar
