Width: 1000
Flags: HW
LayerCount: 2
Fore
SplineSet
655 222 m 25
 870 222 l 25
 870 172 l 25
 655 172 l 25
 655 222 l 25
648 367 m 25
 811 367 l 25
 827 380 833 405 853 400 c 24
 888 390 905 369 922 337 c 24
 929 324 909 319 901 307 c 25
 901 210 l 17
 893 181 887 159 856 156 c 1
 832 158 821 182 811 210 c 9
 811 317 l 25
 648 317 l 25
 648 367 l 25
627 391 m 17
 670 371 697 379 738 340 c 9
 717 292 l 25
 717 205 l 17
 709 176 703 154 672 151 c 1
 648 153 637 177 627 205 c 9
 627 391 l 17
329 220 m 25
 527 220 l 25
 527 170 l 25
 329 170 l 25
 329 220 l 25
329 367 m 25
 483 367 l 25
 499 380 505 405 525 400 c 24
 560 390 577 369 594 337 c 24
 601 324 581 319 573 307 c 25
 573 209 l 17
 565 180 559 158 528 155 c 1
 504 157 493 181 483 209 c 9
 483 317 l 25
 329 317 l 25
 329 367 l 25
293 402 m 25
 336 382 372 386 404 351 c 24
 418 336 391 322 383 303 c 25
 383 197 l 17
 375 168 369 146 338 143 c 1
 314 145 303 169 293 197 c 9
 293 402 l 25
450 484 m 25
 724 484 l 25
 724 434 l 25
 450 434 l 25
 450 484 l 25
443 609 m 25
 673 609 l 25
 689 622 695 647 715 642 c 24
 750 632 767 611 784 579 c 24
 791 566 771 561 763 549 c 25
 763 481 l 17
 755 452 749 430 718 427 c 1
 694 429 683 453 673 481 c 9
 673 559 l 25
 443 559 l 25
 443 609 l 25
412 634 m 25
 455 614 491 618 523 583 c 24
 537 568 510 554 502 535 c 25
 502 466 l 17
 494 437 488 415 457 412 c 1
 433 414 422 438 412 466 c 9
 412 634 l 25
348 -75 m 25
 840 -75 l 25
 840 -125 l 25
 348 -125 l 25
 348 -75 l 25
774 105 m 25
 817 85 853 89 885 54 c 24
 899 39 872 25 864 6 c 25
 864 -129 l 17
 856 -158 850 -180 819 -183 c 1
 795 -181 784 -157 774 -129 c 9
 774 105 l 25
321 105 m 25
 364 85 400 89 432 54 c 24
 446 39 419 25 411 6 c 25
 411 -129 l 17
 403 -158 397 -180 366 -183 c 1
 342 -181 331 -157 321 -129 c 9
 321 105 l 25
549 -95 m 25
 549 171 l 25
 592 151 628 155 660 120 c 24
 674 105 647 91 639 72 c 25
 639 -95 l 25
 549 -95 l 25
123 153 m 24
 111 143 100 120 90 132 c 24
 58 170 51 201 42 249 c 9
 75 254 93 255 126 261 c 24
 157 267 174 272 204 279 c 25
 207 231 l 25
 174 201 157 182 123 153 c 24
48 579 m 17
 93 567 141 562 180 522 c 24
 204 497 204 464 189 432 c 24
 181 414 155 422 138 432 c 24
 118 443 117 461 105 480 c 24
 82 518 70 540 48 579 c 17
534 666 m 25
 534 796 l 25
 577 776 613 780 645 745 c 24
 659 730 632 716 624 697 c 25
 624 666 l 25
 534 666 l 25
204 690 m 25
 789 690 l 25
 818 718 827 750 852 759 c 1
 878 755 920 702 951 669 c 1
 959 651 942 640 924 640 c 9
 204 640 l 25
 204 690 l 25
189 180 m 9
 189 719 l 25
 232 699 268 703 300 668 c 24
 314 653 287 639 279 620 c 25
 279 168 l 17
 270 102 260 75 234 21 c 24
 206 -38 185 -71 141 -120 c 24
 118 -146 95 -149 66 -168 c 25
 87 -129 102 -109 120 -69 c 24
 142 -19 153 10 168 63 c 24
 180 108 189 123 189 180 c 9
EndSplineSet
EndChar
