Width: 1000
Flags: H
TeX: 117 0
LayerCount: 2
Fore
SplineSet
552 84 m 1
 642 84 l 1
 642 -147 l 1
 552 -147 l 1
 552 84 l 1
396 78 m 1
 486 78 l 1
 486 -147 l 1
 396 -147 l 1
 396 78 l 1
705 -135 m 25
 705 57 l 25
 258 57 l 25
 258 107 l 25
 705 107 l 25
 721 120 727 145 747 140 c 24
 782 130 799 109 816 77 c 24
 823 64 803 59 795 47 c 25
 795 -135 l 25
 705 -135 l 25
72 -111 m 25
 798 -111 l 25
 798 -111 836 -51 861 -42 c 1
 887 -46 929 -99 960 -132 c 1
 968 -150 951 -161 933 -161 c 9
 72 -161 l 25
 72 -111 l 25
231 -132 m 25
 231 132 l 25
 274 112 310 116 342 81 c 24
 356 66 329 52 321 33 c 25
 321 -132 l 25
 231 -132 l 25
669 267 m 24
 639.661 233.147 621.193 213.696 582 192 c 24
 553.688 176.327 532.59 181.02 501 174 c 25
 537.27 212.61 562.842 230.158 594 273 c 24
 619.546 308.125 625.11 333.39 645 372 c 25
 738 372 l 17
 714 327 701.092 304.029 669 267 c 24
516 369 m 25
 603 369 l 25
 584.28 340.92 577.223 322.398 555 297 c 24
 527.738 265.844 510.363 249.511 477 225 c 24
 452.539 207.029 436.733 198.782 408 189 c 24
 381.052 179.826 364.08 181.68 336 177 c 25
 376.95 215.61 402.507 234.941 441 276 c 24
 472.868 309.992 486.75 332.73 516 369 c 25
774 282 m 25
 774 358 l 25
 433 358 l 25
 433 408 l 25
 774 408 l 25
 790.38 420.87 795.891 446.435 816 441 c 24
 851.178 431.492 868.287 410.381 885 378 c 24
 891.55 365.309 872.19 359.7 864 348 c 25
 864 225 l 17
 846 189 833.614 167.192 801 144 c 24
 777.625 127.378 756.45 120.682 729 129 c 24
 709.413 134.936 717.434 160.558 702 174 c 24
 679.891 193.257 661.74 195.96 636 210 c 25
 720 210 l 25
 735.21 219.36 748.284 219.713 759 234 c 24
 770.768 249.69 768.15 263.28 774 282 c 25
444 468 m 25
 543 468 l 25
 523.11 441.09 513.849 424.345 492 399 c 24
 455.251 356.372 439.502 325.706 393 294 c 24
 359.667 271.272 332.61 275.7 294 264 c 25
 323.25 295.59 341.775 311.649 369 345 c 24
 388.701 369.134 397.781 384.401 414 411 c 24
 427.078 432.448 432.3 445.77 444 468 c 25
468 583 m 1
 786 583 l 1
 786 533 l 1
 468 533 l 1
 468 583 l 1
489 674 m 1
 771 674 l 1
 771 624 l 1
 489 624 l 1
 489 674 l 1
483 759 m 25
 723 759 l 25
 739.38 771.87 744.891 797.435 765 792 c 24
 800.178 782.492 817.287 761.381 834 729 c 24
 840.55 716.309 821.19 710.7 813 699 c 25
 813 573 l 17
 805 544 799 522 768 519 c 1
 744 521 733 545 723 573 c 9
 723 709 l 25
 483 709 l 25
 483 759 l 25
426 798 m 25
 469.29 778.11 504.953 782.251 537 747 c 24
 550.745 731.881 524.19 717.72 516 699 c 25
 516 567 l 17
 508 538 502 516 471 513 c 1
 447 515 436 539 426 567 c 9
 426 798 l 25
330 504 m 25
 735 504 l 25
 764 532 773 564 798 573 c 1
 824 569 866 516 897 483 c 1
 905 465 888 454 870 454 c 9
 330 454 l 25
 330 504 l 25
237 297 m 1
 237 297 263.605 218.063 255 168 c 24
 249.646 136.845 235.407 108.589 204 105 c 24
 175.22 101.711 157.582 128.042 150 156 c 24
 137.124 203.48 153.66 232.86 156 282 c 25
 87 324 l 25
 168 336 l 25
 187.89 382.8 199.044 409.228 219 456 c 24
 236.484 496.979 244.076 521.151 264 561 c 24
 278.089 589.178 289.62 603.09 306 630 c 25
 296.64 572.67 293.786 539.881 282 483 c 24
 266.857 409.92 237 297 237 297 c 1
72 618 m 25
 112 604 140 607 174 582 c 24
 201 562 217 543 219 510 c 24
 220 488 202 472 180 468 c 24
 160 464 148 479 135 495 c 24
 119 515 120 532 108 555 c 24
 95 580 86 593 72 618 c 25
156 768 m 25
 198 756 227 761 264 738 c 24
 288 723 303 706 303 678 c 24
 303 656 285 643 264 636 c 24
 246 630 233 639 219 651 c 24
 202 666 200 682 189 702 c 24
 175 727 169 742 156 768 c 25
EndSplineSet
EndChar
