Width: 1000
Flags: HW
LayerCount: 2
Fore
SplineSet
431 72 m 1
 748 72 l 1
 748 22 l 1
 431 22 l 1
 431 72 l 1
436 189 m 1
 748 189 l 1
 748 139 l 1
 436 139 l 1
 436 189 l 1
695 -84 m 25
 695 259 l 25
 422 259 l 25
 422 309 l 25
 695 309 l 25
 711.38 321.87 716.891 347.435 737 342 c 24
 772.178 332.492 789.287 311.381 806 279 c 24
 812.55 266.309 793.19 260.7 785 249 c 25
 785 -108 l 17
 777 -138 764.684 -167.879 732 -177 c 24
 711.038 -182.85 715.082 -146.663 699 -132 c 24
 674.776 -109.914 656.91 -102.72 630 -84 c 25
 695 -84 l 25
406 335 m 25
 449.29 315.11 484.953 319.251 517 284 c 24
 530.745 268.881 504.19 254.72 496 236 c 25
 496 -127 l 17
 488 -156 482 -178 451 -181 c 1
 427 -179 416 -155 406 -127 c 9
 406 335 l 25
702 456 m 25
 835 456 l 25
 835 456 858 492 883 501 c 1
 909 497 897 468 928 435 c 1
 936 417 919 406 901 406 c 9
 702 406 l 25
 702 456 l 25
666 564 m 25
 823 564 l 25
 823 564 846 600 871 609 c 1
 897 605 885 576 916 543 c 1
 924 525 907 514 889 514 c 9
 666 514 l 25
 666 564 l 25
571 584 m 25
 611.56 545.78 633.496 523.194 675 486 c 24
 734.919 432.304 765.89 398.268 831 351 c 24
 876.062 318.286 907.25 308.91 956 282 c 25
 938.84 264.06 927.48 255.408 912 236 c 24
 901.198 222.457 906.171 195.711 889 198 c 24
 856.682 202.309 846.452 226.434 822 248 c 24
 783.529 281.931 763.581 303.05 728 340 c 24
 692.57 376.793 672.816 397.858 640 437 c 24
 608.025 475.139 592.42 498.61 562 538 c 25
 571 584 l 25
531 624 m 25
 567.27 601.77 593.919 597.081 624 567 c 24
 631.399 559.601 616.68 552.36 612 543 c 25
 589.77 506.73 576.966 486.431 555 450 c 24
 528.994 406.869 518.527 379.801 489 339 c 24
 453.957 290.577 433.641 262.846 390 222 c 24
 353.82 188.138 330.225 171.356 286 149 c 24
 258.058 134.875 238.42 137.41 208 130 c 25
 247.39 168.22 272.383 187.116 309 228 c 24
 352.887 277 379.182 304.19 414 360 c 24
 459.144 432.363 478.443 477.024 513 555 c 24
 524.269 580.426 523.98 597.09 531 624 c 25
259 432 m 25
 391 432 l 25
 391 432 414 468 439 477 c 1
 465 473 453 444 484 411 c 1
 492 393 475 382 457 382 c 9
 259 382 l 25
 259 432 l 25
263 550 m 25
 373 550 l 25
 373 550 396 586 421 595 c 1
 447 591 435 562 466 529 c 1
 474 511 457 500 439 500 c 9
 263 500 l 25
 263 550 l 25
78 78 m 24
 40.4346 100.539 39.5703 134.73 15 171 c 25
 37.2305 183.87 50.0655 190.634 72 204 c 24
 124.953 236.269 154.35 255.24 207 288 c 25
 167.22 221.31 145.645 183.166 105 117 c 24
 95.3174 101.237 93.8631 68.4821 78 78 c 24
36 582 m 25
 62.9102 567.96 81.4434 565.14 105 546 c 24
 138.413 518.852 166.155 505.766 180 465 c 24
 190.131 435.17 183.122 407.263 159 387 c 24
 142.264 372.941 117.948 384.391 105 402 c 24
 84.3232 430.121 96.4935 456.408 84 489 c 24
 69.3906 527.111 54.7197 545.73 36 582 c 25
447 657 m 25
 447 789 l 25
 490 769 526 773 558 738 c 24
 572 723 545 709 537 690 c 25
 537 657 l 25
 447 657 l 25
207 684 m 25
 741 684 l 25
 770 712 779 744 804 753 c 1
 830 749 872 696 903 663 c 1
 911 645 894 634 876 634 c 9
 207 634 l 25
 207 684 l 25
189 177 m 25
 189 720 l 25
 232 700 268 704 300 669 c 24
 314 654 287 640 279 621 c 25
 279 156 l 25
 265 100 270 63 243 12 c 24
 218 -37 193 -59 150 -93 c 24
 115 -121 88 -124 48 -144 c 25
 75 -114 96 -101 117 -66 c 24
 144 -21 156 7 171 57 c 24
 184 102 182 130 189 177 c 25
EndSplineSet
EndChar
