Width: 1000
Flags: HW
TeX: 117 0
LayerCount: 2
Fore
SplineSet
571 396 m 25
 798 396 l 25
 798 396 820 427 844 436 c 1
 863 429 887 401 906 375 c 1
 914 357 898 346 880 346 c 9
 571 346 l 25
 571 396 l 25
546 177 m 25
 636 177 l 25
 636 -120 l 25
 546 -120 l 25
 546 177 l 25
378 183 m 25
 468 183 l 25
 468 -114 l 25
 378 -114 l 25
 378 183 l 25
60 -90 m 25
 804 -90 l 25
 833 -62 842 -30 867 -21 c 1
 893 -25 935 -78 966 -111 c 1
 974 -129 957 -140 939 -140 c 9
 60 -140 l 25
 60 -90 l 25
706 -129 m 25
 706 163 l 25
 244 163 l 25
 244 213 l 25
 706 213 l 25
 722 226 728 251 748 246 c 24
 783 236 800 215 817 183 c 24
 824 170 804 165 796 153 c 25
 796 -129 l 25
 706 -129 l 25
211 -114 m 25
 211 234 l 25
 254 214 290 218 322 183 c 24
 336 168 309 154 301 135 c 25
 301 -114 l 25
 211 -114 l 25
577 576 m 25
 829 576 l 25
 829 576 851 607 875 616 c 1
 894 609 918 581 937 555 c 1
 945 537 929 526 911 526 c 9
 577 526 l 25
 577 576 l 25
610 744 m 25
 649 726 678 728 709 699 c 24
 720 689 699 679 691 666 c 24
 654 605 640 566 595 510 c 24
 565 472 538 461 502 429 c 25
 523 483 537 513 556 567 c 24
 571 609 576 633 589 675 c 24
 597 702 602 717 610 744 c 25
280 433 m 25
 370 433 l 25
 370 273 l 25
 280 273 l 25
 280 433 l 25
283 684 m 25
 373 684 l 25
 373 553 l 25
 283 553 l 25
 283 684 l 25
145 306 m 25
 409 306 l 25
 409 306 431 337 455 346 c 1
 474 339 498 311 517 285 c 1
 525 267 509 256 491 256 c 9
 145 256 l 25
 145 306 l 25
157 459 m 25
 442 459 l 25
 442 409 l 25
 157 409 l 25
 157 459 l 25
166 580 m 25
 400 580 l 25
 416 593 422 618 442 613 c 24
 477 603 494 582 511 550 c 24
 518 537 498 532 490 520 c 25
 490 442 l 17
 482 413 476 391 445 388 c 1
 421 390 410 414 400 442 c 9
 400 530 l 25
 166 530 l 25
 166 580 l 25
148 723 m 25
 406 723 l 25
 406 723 428 754 452 763 c 1
 471 756 495 728 514 702 c 1
 522 684 506 673 488 673 c 9
 148 673 l 25
 148 723 l 25
115 759 m 25
 158 739 194 743 226 708 c 24
 240 693 213 679 205 660 c 25
 205 255 l 17
 197 226 191 204 160 201 c 1
 136 203 125 227 115 255 c 9
 115 759 l 25
EndSplineSet
EndChar
