Width: 1000
Flags: HW
LayerCount: 2
Fore
SplineSet
561 115 m 1
 651 115 l 1
 651 -104 l 1
 561 -104 l 1
 561 115 l 1
396 118 m 1
 486 118 l 1
 486 -110 l 1
 396 -110 l 1
 396 118 l 1
84 -80 m 25
 813 -80 l 25
 813 -80 851 -20 876 -11 c 1
 902 -15 944 -68 975 -101 c 1
 983 -119 966 -130 948 -130 c 9
 84 -130 l 25
 84 -80 l 25
723 -107 m 25
 723 80 l 25
 263 80 l 25
 263 130 l 25
 723 130 l 25
 739 143 745 168 765 163 c 24
 800 153 817 132 834 100 c 24
 841 87 821 82 813 70 c 25
 813 -107 l 25
 723 -107 l 25
235 -104 m 25
 235 160 l 25
 235 160 314 144 346 109 c 24
 360 94 333 80 325 61 c 25
 325 -104 l 25
 235 -104 l 25
732 322 m 1
 786 309 815 302 858 271 c 24
 887 251 904 232 909 197 c 24
 912 175 898 155 876 150 c 24
 852 145 837 159 820 177 c 24
 794 204 791 228 772 260 c 0
 757 286 748 298 732 322 c 1
576 325 m 1
 615 304 638 291 663 256 c 24
 683 228 691 205 685 171 c 24
 681 150 663 140 642 139 c 24
 623 138 609 149 601 166 c 24
 588 192 595 214 592 241 c 0
 588 274 584 291 576 325 c 1
402 322 m 1
 432 300 447 287 464 256 c 24
 479 229 488 208 481 178 c 24
 475 154 459 138 435 136 c 24
 413 134 396 148 390 169 c 24
 382 199 403 216 405 247 c 24
 407 276 408 291 402 322 c 1
287 319 m 1
 302 284 307 267 306 232 c 24
 305 204 300 187 282 165 c 24
 263 142 247 129 218 124 c 24
 200 121 184 131 177 148 c 24
 170 166 179 180 191 195 c 0
 208 217 226 222 243 244 c 24
 264 271 274 285 287 319 c 1
162 352 m 25
 785 352 l 25
 814 380 823 412 848 421 c 1
 874 417 916 364 947 331 c 1
 955 313 938 302 920 302 c 9
 162 302 l 25
 162 352 l 25
459 331 m 25
 459 796 l 25
 459 796 538 780 570 745 c 24
 584 730 557 716 549 697 c 25
 549 331 l 25
 459 331 l 25
252 466 m 1
 730 466 l 1
 730 416 l 1
 252 416 l 1
 252 466 l 1
152 583 m 25
 795 583 l 25
 824 611 833 643 858 652 c 1
 884 648 926 595 957 562 c 1
 965 544 948 533 930 533 c 9
 152 533 l 25
 152 583 l 25
256 688 m 25
 681 688 l 25
 697 701 703 726 723 721 c 24
 758 711 775 690 792 658 c 24
 799 645 779 640 771 628 c 25
 771 447 l 17
 763 418 757 396 726 393 c 1
 702 395 691 419 681 447 c 9
 681 638 l 25
 256 638 l 25
 256 688 l 25
EndSplineSet
EndChar
