Width: 1000
Flags: H
TeX: 117 0
LayerCount: 2
Fore
SplineSet
282 678 m 9
 90 678 l 25
 90 728 l 25
 291 728 l 25
 310 740 318 766 339 758 c 24
 373 746 383 720 399 688 c 24
 403 680 389 677 384 669 c 16
 384 669 347 603 321 561 c 24
 297 523 258 464 258 464 c 1
 258 464 307 409 328 368 c 24
 347 332 358 310 360 269 c 24
 362 223 362 192 339 152 c 24
 322 123 301 104 267 104 c 0
 250 104 258 138 243 153 c 24
 217 179 195 185 165 206 c 25
 238 206 l 18
 261 206 273 240 278 269 c 24
 285 304 280 327 267 360 c 24
 250 402 204 458 204 458 c 17
 204 458 235 527 251 572 c 24
 265 613 282 678 282 678 c 9
63 759 m 25
 63 759 142 743 174 708 c 24
 188 693 161 679 153 660 c 25
 153 -133 l 17
 145 -162 139 -184 108 -187 c 1
 84 -185 73 -161 63 -133 c 9
 63 759 l 25
723 135 m 17
 774 119 813 98 858 58 c 24
 892 28 913 4 919 -40 c 0
 922 -64 900 -90 881 -91 c 0
 856 -92 844 -72 832 -50 c 0
 819 -25 812 2 794 33 c 24
 769 75 751 95 723 135 c 17
438 144 m 25
 438 144 506 111 537 75 c 24
 545 66 521 66 513 57 c 0
 492 31 478 5 450 -22 c 24
 423 -48 405 -61 372 -79 c 24
 340 -96 320 -104 285 -112 c 1
 322 -69 356 -25 393 36 c 24
 416 75 438 144 438 144 c 25
603 -97 m 25
 603 216 l 25
 693 216 l 25
 693 -87 l 18
 693 -147 675 -166 636 -190 c 24
 615 -203 608 -165 588 -151 c 24
 556 -129 537 -118 504 -97 c 25
 603 -97 l 25
375 236 m 25
 825 236 l 25
 825 236 847 267 871 276 c 1
 890 269 914 241 933 215 c 1
 941 197 925 186 907 186 c 9
 375 186 l 25
 375 236 l 25
513 380 m 25
 693 380 l 25
 693 380 715 411 739 420 c 1
 758 413 782 385 801 359 c 1
 809 341 793 330 775 330 c 9
 513 330 l 25
 513 380 l 25
661 663 m 17
 702 656 l 9
 702 656 729 594 754 556 c 0
 778 519 788 507 815 481 c 24
 851 446 874 428 915 399 c 24
 946 377 1000 351 1000 351 c 25
 1000 351 952 346 924 335 c 24
 905 328 901 297 882 305 c 0
 858 315 828 349 801 384 c 24
 763 433 745 464 717 519 c 24
 690 573 661 663 661 663 c 17
841 637 m 9
 636 636 l 17
 636 686 l 9
 843 687 l 25
 862 700 870 730 891 721 c 24
 929 705 944 679 957 640 c 24
 962 625 935 626 927 612 c 0
 914 589 894 555 869 518 c 0
 845 483 804 432 804 432 c 9
 765 465 l 17
 765 465 795 516 810 550 c 24
 825 583 841 637 841 637 c 9
372 525 m 17
 433 511 447 505 480 471 c 24
 504 446 515 413 507 387 c 0
 502 370 477 366 462 375 c 0
 437 390 434 419 417 447 c 24
 399 477 390 495 372 525 c 17
534 585 m 24
 559 567 579 551 580 520 c 24
 581 500 557 480 538 488 c 24
 504 504 502 535 478 565 c 24
 458 590 446 604 426 629 c 17
 468 619 497 611 534 585 c 24
582 645 m 25
 471 645 l 25
 471 695 l 25
 579 695 l 25
 598 711 603 744 627 737 c 24
 666 726 682 699 699 662 c 24
 705 649 678 651 672 638 c 0
 660 612 656 592 640 560 c 0
 615 510 594 476 564 431 c 0
 531 382 510 356 465 317 c 24
 428 285 411 273 357 252 c 1
 411 315 430 350 471 416 c 24
 509 477 529 513 561 578 c 24
 573 603 582 645 582 645 c 25
447 776 m 25
 447 776 517 761 549 731 c 24
 560 721 533 714 527 701 c 0
 499 641 478 597 430 543 c 24
 397 506 366 489 324 473 c 1
 362 546 385 592 417 671 c 24
 433 710 447 776 447 776 c 25
EndSplineSet
EndChar
