Width: 1000
Flags: H
TeX: 117 0
LayerCount: 2
Fore
SplineSet
342 -105 m 25
 753 -105 l 25
 782 -77 791 -45 816 -36 c 1
 842 -40 884 -93 915 -126 c 1
 923 -144 906 -155 888 -155 c 9
 342 -155 l 25
 342 -105 l 25
567 663 m 1
 657 663 l 1
 657 -144 l 1
 567 -144 l 1
 567 663 l 1
375 309 m 25
 792 309 l 25
 821 337 830 369 855 378 c 1
 881 374 923 321 954 288 c 1
 962 270 945 259 927 259 c 9
 375 259 l 25
 375 309 l 25
738 483 m 1
 828 483 l 1
 828 42 l 1
 738 42 l 1
 738 483 l 1
417 486 m 1
 507 486 l 1
 507 51 l 1
 417 51 l 1
 417 486 l 1
351 81 m 25
 807 81 l 25
 836 109 845 141 870 150 c 1
 896 146 938 93 969 60 c 1
 977 42 960 31 942 31 c 9
 351 31 l 25
 351 81 l 25
360 507 m 25
 807 507 l 25
 836 535 845 567 870 576 c 1
 896 572 938 519 969 486 c 1
 977 468 960 457 942 457 c 9
 360 457 l 25
 360 507 l 25
828 741 m 25
 844.38 703.56 863.878 685.405 870 645 c 24
 871.587 634.524 853.547 643.005 843 642 c 24
 755.266 633.645 706.104 623.202 618 621 c 24
 518.52 618.513 462.45 626.49 363 630 c 25
 421.5 645.21 454.207 654.966 513 669 c 24
 635.574 698.26 705.15 712.92 828 741 c 25
276 625 m 25
 123 625 l 25
 123 675 l 25
 267 675 l 25
 288.06 687.87 296.51 711.062 321 708 c 24
 352.582 704.053 374.346 689.203 387 660 c 24
 394.742 642.133 370.53 634.38 360 618 c 25
 348.3 599.28 341.357 588.93 330 570 c 24
 306.255 530.425 293.4 507.78 270 468 c 25
 298.08 429.39 322.409 412.536 342 369 c 24
 365.29 317.245 378 284.754 378 228 c 24
 378 185.815 366.191 160.56 342 126 c 24
 323.201 99.1445 305.107 71.3896 273 78 c 24
 243.783 84.0156 257.99 123.206 240 147 c 24
 221.014 172.111 203.4 179.94 180 201 c 25
 279 201 l 25
 286.02 223.23 297.457 234.692 297 258 c 24
 296.249 296.318 292.94 319.622 276 354 c 24
 252.312 402.071 226.59 421.71 195 465 c 25
 276 625 l 25
99 705 m 25
 142 685 178 689 210 654 c 24
 224 639 197 625 189 606 c 25
 189 -129 l 17
 181 -158 175 -180 144 -183 c 1
 120 -181 109 -157 99 -129 c 9
 99 705 l 25
EndSplineSet
EndChar
