Width: 1000
Flags: HW
TeX: 117 0
LayerCount: 2
Fore
SplineSet
579 166 m 1
 855 166 l 1
 855 116 l 1
 579 116 l 1
 579 166 l 1
582 259 m 1
 852 259 l 1
 852 209 l 1
 582 209 l 1
 582 259 l 1
777 45 m 25
 777 304 l 25
 582 304 l 25
 582 354 l 25
 777 354 l 25
 793 367 799 392 819 387 c 24
 854 377 871 356 888 324 c 24
 895 311 875 306 867 294 c 25
 867 21 l 25
 847 -4 847 -35 816 -42 c 24
 792 -47 786 -18 768 0 c 24
 752 16 744 27 729 45 c 25
 777 45 l 25
564 387 m 25
 607 367 643 371 675 336 c 24
 689 321 662 307 654 288 c 25
 654 12 l 17
 646 -17 640 -39 609 -42 c 1
 585 -40 574 -16 564 12 c 9
 564 387 l 25
678 537 m 1
 768 537 l 1
 768 417 l 1
 678 417 l 1
 678 537 l 1
522 453 m 25
 840 453 l 25
 840 453 862 484 886 493 c 1
 905 486 929 458 948 432 c 1
 956 414 940 403 922 403 c 9
 522 403 l 25
 522 453 l 25
573 576 m 25
 804 576 l 25
 804 576 826 607 850 616 c 1
 869 609 893 581 912 555 c 1
 920 537 904 526 886 526 c 9
 573 526 l 25
 573 576 l 25
477 681 m 25
 819 681 l 25
 819 681 841 712 865 721 c 1
 884 714 908 686 927 660 c 1
 935 642 919 631 901 631 c 9
 477 631 l 25
 477 681 l 25
618 792 m 25
 658 778 687 783 720 756 c 24
 731 747 707 738 699 726 c 25
 681 690 674 668 654 633 c 24
 629 589 616 563 585 522 c 24
 559 488 544 468 510 441 c 24
 489 424 472 423 447 411 c 25
 476 460 496 486 522 537 c 24
 547 586 560 615 579 666 c 24
 597 714 603 743 618 792 c 25
405 12 m 25
 405 187 l 25
 306 187 l 25
 306 237 l 25
 405 237 l 25
 421 250 427 275 447 270 c 24
 482 260 499 239 516 207 c 24
 523 194 503 189 495 177 c 25
 495 27 l 25
 514 5 519 -13 543 -30 c 24
 563 -45 580 -43 603 -51 c 25
 909 -51 l 25
 981 -42 l 25
 967 -57 957 -64 945 -81 c 24
 930 -102 925 -116 912 -138 c 25
 627 -138 l 25
 599 -132 580 -136 555 -123 c 24
 516 -103 500 -81 465 -54 c 25
 435 -81 422 -102 387 -123 c 24
 368 -135 351 -143 330 -135 c 24
 310 -128 303 -111 300 -90 c 24
 297 -70 304 -56 318 -42 c 24
 347 -14 371 -9 405 12 c 25
327 498 m 25
 361 484 386 486 414 462 c 24
 445 435 466 413 471 372 c 24
 474 347 457 325 432 321 c 24
 409 318 400 341 387 360 c 24
 371 384 372 403 360 429 c 24
 348 456 340 471 327 498 c 25
345 732 m 25
 381 713 410 714 438 684 c 24
 463 657 474 634 474 597 c 24
 474 579 456 566 438 567 c 24
 417 568 408 583 396 600 c 24
 384 617 386 631 378 651 c 24
 366 683 358 700 345 732 c 25
243 646 m 25
 84 646 l 25
 84 696 l 25
 249 696 l 25
 269 707 279 731 300 723 c 24
 333 710 347 687 360 654 c 24
 365 641 347 636 339 624 c 25
 237 444 l 1
 237 444 301 381 321 330 c 24
 342 276 344 241 339 183 c 24
 336 153 324 136 303 114 c 24
 287 97 271 78 249 87 c 24
 223 98 231 128 213 150 c 24
 193 174 176 183 153 204 c 25
 246 204 l 25
 252 219 262 227 261 243 c 24
 258 282 251 304 234 339 c 24
 212 384 190 403 162 444 c 25
 183 492 197 518 216 567 c 24
 228 597 232 615 243 646 c 25
45 726 m 25
 88 706 124 710 156 675 c 24
 170 660 143 646 135 627 c 25
 135 -135 l 17
 127 -164 121 -186 90 -189 c 1
 66 -187 55 -163 45 -135 c 9
 45 726 l 25
EndSplineSet
EndChar
