Width: 1000
Flags: H
TeX: 117 0
LayerCount: 2
Fore
SplineSet
312 661 m 25
 138 661 l 25
 138 711 l 25
 312 711 l 25
 328 724 334 750 354 744 c 24
 392 733 412 713 429 678 c 24
 436 663 413 658 402 645 c 25
 285 465 l 25
 325 419 358 401 387 348 c 24
 410 306 422 276 417 228 c 24
 412 173 396 141 363 96 c 24
 344 70 323 49 291 54 c 24
 266 58 278 92 261 111 c 24
 242 133 224 138 201 156 c 25
 279 156 l 17
 315 177 329 205 333 246 c 24
 337 291 318 317 297 357 c 24
 273 403 249 423 219 465 c 25
 312 661 l 25
105 747 m 25
 148 727 184 731 216 696 c 24
 230 681 203 667 195 648 c 25
 195 -108 l 17
 187 -137 181 -159 150 -162 c 1
 126 -160 115 -136 105 -108 c 9
 105 747 l 25
279 -69 m 25
 825 -69 l 25
 854 -41 863 -9 888 0 c 1
 914 -4 956 -57 987 -90 c 1
 995 -108 978 -119 960 -119 c 9
 279 -119 l 25
 279 -69 l 25
495 197 m 25
 780 197 l 25
 780 147 l 25
 495 147 l 25
 495 197 l 25
498 454 m 25
 783 454 l 25
 783 404 l 25
 498 404 l 25
 498 454 l 25
717 -87 m 25
 717 658 l 25
 483 658 l 25
 483 708 l 25
 717 708 l 25
 733 721 739 746 759 741 c 24
 794 731 811 710 828 678 c 24
 835 665 815 660 807 648 c 25
 807 -87 l 25
 717 -87 l 25
453 -99 m 25
 453 738 l 25
 496 718 532 722 564 687 c 24
 578 672 551 658 543 639 c 25
 543 -99 l 25
 453 -99 l 25
EndSplineSet
EndChar
