Width: 1000
Flags: H
TeX: 117 0
LayerCount: 2
Fore
SplineSet
498 -65 m 1
 804 -65 l 1
 804 -115 l 1
 498 -115 l 1
 498 -65 l 1
498 183 m 25
 762 183 l 25
 778.38 195.87 783.891 221.435 804 216 c 24
 839.178 206.492 856.287 185.381 873 153 c 24
 879.55 140.309 860.19 134.7 852 123 c 25
 852 -81 l 17
 844 -110 838 -132 807 -135 c 1
 783 -133 772 -109 762 -81 c 9
 762 133 l 25
 498 133 l 25
 498 183 l 25
462 210 m 25
 505.29 190.11 540.953 194.251 573 159 c 24
 586.745 143.881 560.19 129.72 552 111 c 25
 552 -99 l 17
 544 -128 538 -150 507 -153 c 1
 483 -151 472 -127 462 -99 c 9
 462 210 l 25
723 570 m 25
 763.95 548.94 797.757 550.724 828 516 c 24
 839.729 502.532 813.36 492.21 804 477 c 25
 711 306 l 1
 657 300 l 25
 674.55 358.5 687.497 390.671 702 450 c 24
 713.281 496.152 714.81 523.2 723 570 c 25
486 558 m 25
 517.59 522.9 544.172 509.338 567 468 c 24
 588.678 428.745 597 401.843 597 357 c 24
 597 331.879 588.158 313.541 567 300 c 24
 551.926 290.353 534.655 296.345 522 309 c 24
 508.355 322.645 512.843 337.914 510 357 c 24
 504.632 393.042 505.32 413.817 501 450 c 24
 495.958 492.225 491.85 515.88 486 558 c 25
375 330 m 25
 807 330 l 25
 836 358 845 390 870 399 c 1
 896 395 938 342 969 309 c 1
 977 291 960 280 942 280 c 9
 375 280 l 25
 375 330 l 25
414 621 m 25
 813 621 l 25
 813 621 836 657 861 666 c 1
 887 662 875 633 906 600 c 1
 914 582 897 571 879 571 c 9
 414 571 l 25
 414 621 l 25
597 600 m 25
 597 762 l 25
 640 742 676 746 708 711 c 24
 722 696 695 682 687 663 c 25
 687 600 l 25
 597 600 l 25
300 652 m 25
 117 652 l 25
 117 702 l 25
 288 702 l 25
 310.23 712.53 322.12 738.031 345 729 c 24
 378.312 715.851 393.313 691.745 402 657 c 24
 406.433 639.27 383.7 635.04 372 621 c 25
 346.26 581.22 331.798 558.742 306 519 c 24
 288.508 492.053 278.55 476.91 261 450 c 25
 285.57 420.75 304.566 407.888 324 375 c 24
 350.652 329.896 371.15 303.939 378 252 c 24
 385.703 193.586 383.113 156.197 360 102 c 24
 346.595 70.5674 324.923 52.1123 291 48 c 24
 271.017 45.5781 275.444 75.9805 261 90 c 24
 235.301 114.943 217.08 124.77 189 147 c 25
 267 147 l 25
 275.19 159.87 286.183 164.854 288 180 c 24
 293.438 225.32 299.151 253.604 285 297 c 24
 263.086 364.203 231.93 393.99 198 456 c 25
 300 652 l 25
84 732 m 25
 127 712 163 716 195 681 c 24
 209 666 182 652 174 633 c 25
 174 -126 l 17
 166 -155 160 -177 129 -180 c 1
 105 -178 94 -154 84 -126 c 9
 84 732 l 25
EndSplineSet
EndChar
