Width: 1000
Flags: HW
TeX: 117 0
LayerCount: 2
Fore
SplineSet
336 339 m 25
 336 339 297 227 258 162 c 24
 220 99 195 65 141 15 c 24
 104 -19 76 -30 30 -48 c 1
 90 34 125 83 174 174 c 24
 211 243 249 360 249 360 c 9
 336 360 l 25
 336 339 l 25
123 684 m 1
 213 684 l 1
 213 357 l 1
 123 357 l 1
 123 684 l 1
258 -69 m 18
 276 -68 289 -46 288 -21 c 2
 288 687 l 9
 378 687 l 25
 378 -75 l 18
 378 -108 358 -151 318 -168 c 24
 291 -179 279 -143 255 -126 c 24
 225 -105 209 -91 180 -69 c 25
 258 -69 l 18
30 384 m 25
 345 384 l 25
 345 384 367 415 391 424 c 1
 410 417 434 389 453 363 c 1
 461 345 445 334 427 334 c 9
 30 334 l 25
 30 384 l 25
687 513 m 25
 777 513 l 25
 777 -69 l 25
 687 -69 l 25
 687 513 l 25
549 -48 m 25
 870 -48 l 25
 870 -48 892 -17 916 -8 c 1
 935 -15 959 -43 978 -69 c 1
 986 -87 970 -98 952 -98 c 9
 549 -98 l 25
 549 -48 l 25
545 168 m 25
 840 168 l 25
 840 168 862 199 886 208 c 1
 905 201 929 173 948 147 c 1
 956 129 940 118 922 118 c 9
 545 118 l 25
 545 168 l 25
539 357 m 25
 828 357 l 25
 828 357 850 388 874 397 c 1
 893 390 917 362 936 336 c 1
 944 318 928 307 910 307 c 9
 539 307 l 25
 539 357 l 25
582 507 m 25
 582 -99 l 17
 574 -128 568 -150 537 -153 c 1
 513 -151 502 -127 492 -99 c 9
 492 507 l 25
 582 507 l 25
537 534 m 25
 864 534 l 25
 864 534 886 565 910 574 c 1
 929 567 953 539 972 513 c 1
 980 495 964 484 946 484 c 9
 537 484 l 25
 537 534 l 25
747 738 m 17
 747 738 816 714 846 681 c 24
 856 670 835 661 828 648 c 24
 793 589 773 556 738 498 c 25
 669 498 l 25
 708 606 l 25
 747 738 l 17
560 753 m 25
 560 753 625 727 652 694 c 24
 661 683 640 675 634 663 c 24
 593 586 580 536 531 464 c 24
 490 402 462 366 405 322 c 9
 429 386 443 422 467 487 c 24
 491 550 504 585 526 649 c 24
 540 689 560 753 560 753 c 25
21 708 m 25
 363 708 l 25
 363 708 385 739 409 748 c 1
 428 741 452 713 471 687 c 1
 479 669 463 658 445 658 c 9
 21 658 l 25
 21 708 l 25
EndSplineSet
EndChar
