Width: 1000
Flags: H
TeX: 117 0
LayerCount: 2
Fore
SplineSet
474 143 m 25
 510 191 l 25
 569.67 136.01 597.746 98.2314 663 50 c 24
 706.342 17.9648 734.729 3.61523 786 -13 c 24
 862.183 -37.6885 908.61 -38.6201 987 -55 c 25
 965.94 -74.8896 954.588 -86.6846 933 -106 c 24
 910.113 -126.478 903.707 -156.488 873 -157 c 24
 822.602 -157.84 796.133 -135.08 753 -109 c 24
 694.518 -73.6387 665.717 -46.8086 615 -1 c 24
 556.671 51.6836 528.99 86.8398 474 143 c 25
720 162 m 25
 516 162 l 25
 516 212 l 25
 735 212 l 25
 751.38 223.7 758.111 248.959 777 242 c 24
 814.263 228.271 834.946 207.142 849 170 c 24
 855.791 152.053 830.7 146.21 819 131 c 25
 787.41 99.4102 770.933 80.1883 738 50 c 24
 695.997 11.4971 673.341 -11.8456 627 -45 c 24
 577.064 -80.7266 549.194 -103.667 492 -126 c 24
 424.852 -152.22 381 -162 312 -168 c 1
 396 -123 440.877 -98.3428 516 -43 c 24
 580.695 4.66113 612.319 38.0408 669 95 c 24
 692.164 118.277 700.11 135.87 720 162 c 25
516 302 m 25
 551.1 284.45 580.552 286.873 606 257 c 24
 616.54 244.627 593.19 235.04 585 221 c 25
 549.9 170.69 534.654 138.804 495 92 c 24
 462.895 54.1055 444.495 30.707 402 5 c 24
 348.09 -27.6123 310.5 -31.5996 252 -55 c 25
 298.8 -11.71 330.14 7.91699 372 56 c 24
 417.189 107.907 439.233 140.606 474 200 c 24
 495.733 237.127 499.62 262.22 516 302 c 25
645 329 m 9
 645 482 l 25
 735 482 l 25
 735 380 l 17
 731.793 356.122 741 356 768 356 c 9
 864 356 l 25
 873.36 370.04 880.06 377.111 888 392 c 24
 898.846 412.335 902.64 424.94 912 446 c 25
 921.36 415.58 921.504 396.334 936 368 c 24
 947.736 345.062 978.831 342.753 978 317 c 24
 977.226 293.006 954 278 933 275 c 9
 714 275 l 17
 684 278 658.919 297.61 645 329 c 9
477 488 m 25
 567 488 l 25
 555.3 451.73 554.704 428.749 537 395 c 24
 516.779 356.455 503.622 333.816 471 305 c 24
 432.05 270.595 401.46 262.91 357 236 c 25
 389.76 288.65 414.34 315.014 441 371 c 24
 461.525 414.104 462.96 442.37 477 488 c 25
342 515 m 25
 816 515 l 25
 845 543 854 575 879 584 c 1
 905 580 947 527 978 494 c 1
 986 476 969 465 951 465 c 9
 342 465 l 25
 342 515 l 25
579 491 m 25
 579 791 l 25
 622 771 658 775 690 740 c 24
 704 725 677 711 669 692 c 25
 669 491 l 25
 579 491 l 25
396 662 m 25
 789 662 l 25
 789 662 812 698 837 707 c 1
 863 703 851 674 882 641 c 1
 890 623 873 612 855 612 c 9
 396 612 l 25
 396 662 l 25
294 678 m 25
 132 678 l 25
 132 728 l 25
 306 728 l 25
 327.06 741.26 336.226 769.359 360 762 c 24
 398.2 750.176 416.976 726.058 432 689 c 24
 438.83 672.152 415.53 665.82 405 651 c 25
 374.58 614.34 356.649 594.286 327 557 c 24
 305.154 529.527 294.06 513.08 273 485 c 25
 299.91 442.88 321.87 422.75 342 377 c 24
 360.972 333.883 373.256 307.09 372 260 c 24
 370.816 215.617 360.628 188.942 336 152 c 24
 318.719 126.078 301.137 105.962 270 107 c 24
 249.082 107.697 258.165 137.969 246 155 c 24
 228.662 179.273 214.89 189.77 195 212 c 25
 252 212 l 25
 260.19 230.72 273.341 239.569 273 260 c 24
 272.128 312.316 264.53 342.034 249 392 c 24
 237.353 429.475 221.55 446.9 204 482 c 25
 220.38 512.42 231.583 528.603 246 560 c 24
 266.731 605.149 275.28 631.98 294 678 c 25
96 767 m 25
 139 747 175 751 207 716 c 24
 221 701 194 687 186 668 c 25
 186 -106 l 17
 178 -135 172 -157 141 -160 c 1
 117 -158 106 -134 96 -106 c 9
 96 767 l 25
EndSplineSet
EndChar
