Width: 1000
Flags: H
TeX: 117 0
LayerCount: 2
Fore
SplineSet
549 630 m 25
 549 792 l 25
 592 772 628 776 660 741 c 24
 674 726 647 712 639 693 c 25
 639 630 l 25
 549 630 l 25
261 676 m 25
 72 676 l 25
 72 726 l 25
 261 726 l 25
 276 738 283 765 300 756 c 24
 332 740 342 715 351 681 c 24
 354 668 336 666 327 657 c 25
 240 504 l 25
 261 471 282 457 294 420 c 24
 315 355 324 315 324 246 c 24
 324 199 305 174 279 135 c 24
 266 116 251 105 228 105 c 24
 216 105 226 125 219 135 c 24
 196 168 179 183 153 213 c 25
 213 213 l 25
 224 231 238 238 240 258 c 24
 245 302 242 329 231 372 c 24
 217 429 198 458 177 513 c 25
 196 550 207 571 225 609 c 24
 239 638 247 655 261 676 c 25
51 747 m 25
 94 727 130 731 162 696 c 24
 176 681 149 667 141 648 c 25
 141 -102 l 17
 133 -131 127 -153 96 -156 c 1
 72 -154 61 -130 51 -102 c 9
 51 747 l 25
627 132 m 25
 627 -102 l 17
 619 -131 613 -153 582 -156 c 1
 558 -154 547 -130 537 -102 c 9
 537 132 l 25
 627 132 l 25
291 38 m 25
 753 38 l 25
 753 38 791 98 816 107 c 1
 842 103 884 50 915 17 c 1
 923 -1 906 -12 888 -12 c 9
 291 -12 l 25
 291 38 l 25
420 172 m 25
 762 172 l 25
 762 122 l 25
 420 122 l 25
 420 172 l 25
438 281 m 25
 744 281 l 25
 744 231 l 25
 438 231 l 25
 438 281 l 25
411 387 m 25
 717 387 l 25
 733 400 739 425 759 420 c 24
 794 410 811 389 828 357 c 24
 835 344 815 339 807 327 c 25
 807 147 l 17
 799 118 793 96 762 93 c 1
 738 95 727 119 717 147 c 9
 717 337 l 25
 411 337 l 25
 411 387 l 25
378 423 m 25
 421 403 457 407 489 372 c 24
 503 357 476 343 468 324 c 25
 468 153 l 17
 460 124 454 102 423 99 c 1
 399 101 388 125 378 153 c 9
 378 423 l 25
669 633 m 25
 756 633 l 25
 748 607 744 592 735 567 c 24
 727 544 723 531 711 510 c 24
 702 493 693 486 681 471 c 25
 648 471 l 25
 669 633 l 25
432 642 m 25
 465 623 494 625 516 594 c 24
 537 565 540 538 531 504 c 24
 525 482 505 476 483 471 c 24
 468 468 452 472 447 486 c 24
 438 511 456 528 453 555 c 24
 450 590 440 608 432 642 c 25
303 504 m 25
 765 504 l 25
 794 532 803 564 828 573 c 1
 854 569 896 516 927 483 c 1
 935 465 918 454 900 454 c 9
 303 454 l 25
 303 504 l 25
351 654 m 25
 741 654 l 25
 770 682 779 714 804 723 c 1
 830 719 872 666 903 633 c 1
 911 615 894 604 876 604 c 9
 351 604 l 25
 351 654 l 25
EndSplineSet
EndChar
