Width: 1000
Flags: H
TeX: 117 0
LayerCount: 2
Fore
SplineSet
228 192 m 25
 297 192 l 25
 340.29 152.22 359.082 122.612 408 90 c 24
 486.396 37.7363 533.831 11.7616 621 -24 c 24
 671.955 -44.9053 704.392 -46.8292 759 -54 c 24
 820.581 -62.0859 855.99 -63 918 -63 c 25
 887.58 -84.0596 867.341 -92.0719 840 -117 c 24
 826.803 -129.033 833.75 -154.028 816 -156 c 24
 761.894 -162.012 728.8 -154.57 678 -135 c 24
 584.233 -98.877 536.422 -66.2671 450 -15 c 24
 398.062 15.8105 368.167 33.8173 324 75 c 24
 280.831 115.253 265.44 146.37 228 192 c 25
654 160 m 25
 126 160 l 25
 126 210 l 25
 672 210 l 25
 691.89 220.53 702.393 246.047 723 237 c 24
 761.7 220.01 777.834 194.623 795 156 c 24
 800.722 143.126 780.36 139.53 771 129 c 25
 721.86 91.5596 695.892 68.0223 645 33 c 24
 586.97 -6.93457 555.007 -31.4967 492 -63 c 24
 421.07 -98.4648 379.934 -118.767 303 -138 c 24
 228.794 -156.552 189 -165 108 -159 c 1
 201 -126 245.005 -109.441 327 -66 c 24
 422.233 -15.5449 472.341 19.7248 561 81 c 24
 600.149 108.058 617.73 129.19 654 160 c 25
261 426 m 25
 636 426 l 25
 665 454 674 486 699 495 c 1
 725 491 767 438 798 405 c 1
 806 387 789 376 771 376 c 9
 261 376 l 25
 261 426 l 25
243 540 m 25
 615 540 l 25
 644 568 653 600 678 609 c 1
 704 605 746 552 777 519 c 1
 785 501 768 490 750 490 c 9
 243 490 l 25
 243 540 l 25
243 318 m 25
 753 318 l 25
 782 346 791 378 816 387 c 1
 842 383 884 330 915 297 c 1
 923 279 906 268 888 268 c 9
 243 268 l 25
 243 318 l 25
474 618 m 1
 564 618 l 1
 564 300 l 1
 474 300 l 1
 474 618 l 1
540 786 m 25
 573.93 762.6 602.626 759.237 627 726 c 24
 635.445 714.483 614.19 707.7 606 696 c 25
 549 618 l 25
 477 618 l 25
 540 786 l 25
240 645 m 25
 711 645 l 25
 740 673 749 705 774 714 c 1
 800 710 842 657 873 624 c 1
 881 606 864 595 846 595 c 9
 240 595 l 25
 240 645 l 25
204 657 m 25
 247 637 283 641 315 606 c 24
 329 591 302 577 294 558 c 25
 294 297 l 17
 286 268 280 246 249 243 c 1
 225 245 214 269 204 297 c 9
 204 657 l 25
240 792 m 25
 277.44 777.96 305.982 782.416 336 756 c 24
 346.722 746.565 323.19 737.7 315 726 c 25
 288.09 681.54 275.554 654.748 246 612 c 24
 209.936 559.835 192.828 526.836 147 483 c 24
 110.881 448.451 81.1201 440.91 39 414 c 25
 75.2695 477.18 96.9863 512.115 132 576 c 24
 163.69 633.821 180.512 667.025 210 726 c 24
 222.645 751.289 228.3 766.26 240 792 c 25
EndSplineSet
EndChar
