Width: 1000
Flags: H
TeX: 117 0
LayerCount: 2
Fore
SplineSet
729 117 m 25
 773.46 92.4297 799.809 80.7375 843 54 c 24
 873.646 35.0283 894.544 27.3659 918 0 c 24
 931.492 -15.7412 941.767 -32.2128 933 -51 c 24
 921.609 -75.4082 901.125 -99.7073 876 -90 c 24
 833.381 -73.5332 827.454 -37.2519 801 0 c 24
 769.979 43.6836 757.08 71.3701 729 117 c 25
444 132 m 25
 481 110 513 109 540 75 c 24
 550 63 528 53 516 42 c 24
 489 16 471 4 441 -18 c 24
 413 -38 398 -52 366 -66 c 24
 332 -81 309 -81 273 -90 c 25
 306 -58 328 -44 357 -9 c 24
 384 23 395 45 417 81 c 24
 429 100 433 112 444 132 c 25
591 -63 m 25
 591 186 l 25
 681 186 l 25
 681 -96 l 25
 655 -117 648 -144 615 -150 c 24
 592 -154 582 -132 564 -117 c 24
 541 -98 531 -84 510 -63 c 25
 591 -63 l 25
471 325 m 25
 783 325 l 25
 783 275 l 25
 471 275 l 25
 471 325 l 25
480 211 m 25
 819 211 l 25
 819 161 l 25
 480 161 l 25
 480 211 l 25
465 443 m 25
 768 443 l 25
 784.38 455.87 789.891 481.435 810 476 c 24
 845.178 466.492 862.287 445.381 879 413 c 24
 885.55 400.309 866.19 394.7 858 383 c 25
 858 183 l 17
 850 154 844 132 813 129 c 1
 789 131 778 155 768 183 c 9
 768 393 l 25
 465 393 l 25
 465 443 l 25
423 468 m 25
 466 448 502 452 534 417 c 24
 548 402 521 388 513 369 c 25
 513 207 l 17
 505 178 499 156 468 153 c 1
 444 155 433 179 423 207 c 9
 423 468 l 25
696 624 m 25
 729 594 760 586 780 546 c 24
 787 532 760 532 747 525 c 24
 660 478 612 449 522 408 c 24
 457 379 418 370 351 345 c 25
 398 379 425 397 471 432 c 24
 541 484 582 511 648 567 c 24
 670 586 677 602 696 624 c 25
741 723 m 25
 794.82 703.11 830.909 703.297 879 672 c 24
 907.841 653.23 926.813 634.263 930 600 c 24
 932.495 573.181 917.357 537.451 891 543 c 24
 848.871 551.869 843.561 590.927 816 624 c 24
 784.99 661.212 770.25 684.39 741 723 c 25
438 684 m 25
 474 657 507 653 531 615 c 24
 540 600 515 593 501 582 c 24
 463 552 442 533 399 510 c 24
 368 494 346 494 312 483 c 25
 341 518 363 534 387 573 c 24
 412 613 418 641 438 684 c 25
552 528 m 25
 552 792 l 25
 595.29 772.11 630.953 776.251 663 741 c 24
 676.745 725.881 650.19 711.72 642 693 c 25
 642 501 l 25
 620.94 484.62 614.486 462.21 588 459 c 24
 567.061 456.462 560.55 477.3 543 489 c 25
 480 528 l 25
 552 528 l 25
261 667 m 25
 114 667 l 25
 114 717 l 25
 255 717 l 25
 280.74 733.38 292.921 770.934 321 759 c 24
 359.6 742.596 365.793 706.918 375 666 c 24
 378.269 651.472 356.977 650.882 348 639 c 24
 317.087 598.085 302.25 573.12 273 531 c 25
 225 465 l 25
 241.38 443.94 254.043 434.322 267 411 c 24
 295.216 360.211 315.756 332.328 330 276 c 24
 342.051 228.346 348.942 196.497 333 150 c 24
 318.757 108.456 300.943 75.2021 258 66 c 24
 228.833 59.75 230.087 104.111 207 123 c 24
 178.108 146.639 157.59 154.11 126 174 c 25
 243 174 l 25
 250.02 199.74 261 213.32 261 240 c 24
 261 276.943 256.021 298.428 243 333 c 24
 221.792 389.312 200.91 417.18 174 471 c 25
 190.38 507.27 199.854 527.625 216 564 c 24
 233.785 604.066 243.45 626.83 261 667 c 25
66 756 m 25
 109 736 145 740 177 705 c 24
 191 690 164 676 156 657 c 25
 156 -108 l 17
 148 -137 142 -159 111 -162 c 1
 87 -160 76 -136 66 -108 c 9
 66 756 l 25
EndSplineSet
EndChar
