Width: 1000
Flags: H
TeX: 117 0
LayerCount: 2
Fore
SplineSet
687 126 m 25
 666 186 l 25
 707 212 731 225 771 252 c 24
 798 270 837 303 837 303 c 25
 837 303 893 253 900 210 c 24
 903 192 872 202 855 195 c 24
 789 169 753 153 687 126 c 25
582 381 m 25
 648 381 l 25
 660 322 656 286 678 231 c 24
 704 166 730 134 771 78 c 24
 802 35 822 12 864 -21 c 24
 904 -52 934 -59 978 -84 c 25
 946 -97 928 -102 897 -117 c 24
 880 -125 876 -150 858 -144 c 24
 818 -130 801 -108 774 -75 c 24
 727 -18 707 19 672 84 c 24
 646 133 634 163 618 216 c 24
 599 279 596 317 582 381 c 25
399 -123 m 24
 386 -129 376 -147 366 -138 c 24
 332 -108 329 -78 306 -39 c 25
 380 -17 422 -7 495 18 c 24
 578 46 623 66 705 96 c 25
 720 39 l 25
 672 14 645 0 597 -24 c 24
 520 -63 476 -85 399 -123 c 24
453 409 m 25
 789 409 l 25
 789 359 l 25
 453 359 l 25
 453 409 l 25
462 554 m 25
 777 554 l 25
 777 504 l 25
 462 504 l 25
 462 554 l 25
456 720 m 25
 738 720 l 25
 754 733 760 758 780 753 c 24
 815 743 832 722 849 690 c 24
 856 677 836 672 828 660 c 25
 828 393 l 17
 820 364 814 342 783 339 c 1
 759 341 748 365 738 393 c 9
 738 670 l 25
 456 670 l 25
 456 720 l 25
426 -57 m 25
 426 750 l 25
 426 750 505 734 537 699 c 24
 551 684 524 670 516 651 c 25
 516 -57 l 25
 426 -57 l 25
276 676 m 25
 99 676 l 25
 99 726 l 25
 273 726 l 25
 293 738 303 765 324 756 c 24
 360 741 373 714 387 678 c 24
 392 666 371 667 363 657 c 24
 336 623 323 602 297 567 c 24
 275 537 240 489 240 489 c 1
 240 489 272 442 291 411 c 24
 317 368 337 347 354 300 c 24
 368 259 372 233 369 189 c 24
 366 152 360 129 339 99 c 24
 321 74 304 56 273 54 c 24
 252 53 252 79 237 93 c 24
 211 117 195 130 168 153 c 25
 243 153 l 26
 262 153 266 176 270 195 c 24
 278 233 284 257 273 294 c 24
 247 377 177 495 177 495 c 25
 276 676 l 25
60 759 m 25
 60 759 139 743 171 708 c 24
 185 693 158 679 150 660 c 25
 150 -111 l 17
 142 -140 136 -162 105 -165 c 1
 81 -163 70 -139 60 -111 c 9
 60 759 l 25
EndSplineSet
EndChar
