Width: 1000
Flags: H
TeX: 117 0
LayerCount: 2
Fore
SplineSet
840 -165 m 10
 483 -165 l 17
 455 -160 431 -142 426 -117 c 9
 426 258 l 25
 516 258 l 25
 516 -49 l 17
 516 -70 536 -84 552 -85 c 9
 840 -85 l 25
 891 69 l 25
 891 69 898 -15 912 -66 c 24
 918 -89 954 -100 942 -120 c 0
 923 -151 909 -165 840 -165 c 10
207 33 m 25
 756 33 l 25
 756 -17 l 25
 207 -17 l 25
 207 33 l 25
204 168 m 25
 744 168 l 25
 744 118 l 25
 204 118 l 25
 204 168 l 25
210 296 m 25
 702 296 l 25
 718 309 724 334 744 329 c 24
 779 319 796 298 813 266 c 24
 820 253 800 248 792 236 c 25
 792 11 l 17
 784 -18 778 -40 747 -43 c 1
 723 -41 712 -17 702 11 c 9
 702 246 l 25
 210 246 l 25
 210 296 l 25
165 317 m 25
 165 317 244 301 276 266 c 24
 290 251 263 237 255 218 c 25
 255 11 l 17
 247 -18 241 -40 210 -43 c 1
 186 -41 175 -17 165 11 c 9
 165 317 l 25
510 690 m 25
 510 395 l 17
 502 366 496 344 465 341 c 1
 441 343 430 367 420 395 c 9
 420 690 l 25
 510 690 l 25
567 400 m 25
 693 400 l 25
 693 400 715 431 739 440 c 1
 758 433 782 405 801 379 c 1
 809 361 793 350 775 350 c 9
 567 350 l 25
 567 400 l 25
564 509 m 25
 681 509 l 25
 681 509 703 540 727 549 c 1
 746 542 770 514 789 488 c 1
 797 470 781 459 763 459 c 9
 564 459 l 25
 564 509 l 25
180 389 m 25
 288 389 l 25
 288 389 310 420 334 429 c 1
 353 422 377 394 396 368 c 1
 404 350 388 339 370 339 c 9
 180 339 l 25
 180 389 l 25
180 496 m 25
 282 496 l 25
 282 496 304 527 328 536 c 1
 347 529 371 501 390 475 c 1
 398 457 382 446 364 446 c 9
 180 446 l 25
 180 496 l 25
822 558 m 25
 108 558 l 25
 108 608 l 25
 822 608 l 25
 834 617 838 636 852 632 c 24
 890 621 914 608 936 575 c 24
 945 562 920 557 909 545 c 25
 822 431 l 25
 822 558 l 25
108 644 m 1
 127 594 136 566 135 515 c 24
 134 480 122 460 102 431 c 24
 89 413 76 399 54 401 c 24
 33 403 13 419 15 440 c 24
 21 490 51 511 72 557 c 24
 87 590 94 606 108 644 c 1
108 723 m 25
 690 723 l 25
 719 751 728 783 753 792 c 1
 779 788 821 735 852 702 c 1
 860 684 843 673 825 673 c 9
 108 673 l 25
 108 723 l 25
EndSplineSet
EndChar
