Width: 1000
Flags: H
TeX: 117 0
LayerCount: 2
Fore
SplineSet
726 234 m 25
 747.06 215.28 764.811 209.733 780 186 c 24
 803.19 149.766 822 127.021 822 84 c 24
 822 59.9932 804.007 39 780 39 c 24
 754.34 39 738.501 59.1768 732 84 c 24
 723.86 115.079 748.284 132.898 747 165 c 24
 745.876 193.106 734.19 207.09 726 234 c 25
765 165 m 25
 756 123 l 25
 685.8 106.62 646.348 96.7356 576 81 c 24
 557.413 76.8428 542.157 59.2586 528 72 c 24
 499.209 97.9111 502.38 126.9 486 162 c 25
 765 165 l 25
586 693 m 1
 676 693 l 1
 676 111 l 1
 586 111 l 1
 586 693 l 1
804 -39 m 25
 804 256 l 25
 435 256 l 25
 435 306 l 25
 804 306 l 25
 820.38 318.87 825.891 344.435 846 339 c 24
 881.178 329.492 898.287 308.381 915 276 c 24
 921.55 263.309 902.19 257.7 894 246 c 25
 894 -45 l 17
 888 -75 879.16 -116.728 843 -126 c 24
 811.49 -134.079 802.859 -94.7346 777 -75 c 24
 758.398 -60.8037 747.72 -53.04 729 -39 c 25
 804 -39 l 25
405 336 m 25
 448.29 316.11 483.953 320.251 516 285 c 24
 529.745 269.881 503.19 255.72 495 237 c 25
 495 -84 l 17
 487 -113 481 -135 450 -138 c 1
 426 -136 415 -112 405 -84 c 9
 405 336 l 25
444 448 m 1
 819 448 l 1
 819 398 l 1
 444 398 l 1
 444 448 l 1
468 572 m 1
 804 572 l 1
 804 522 l 1
 468 522 l 1
 468 572 l 1
459 708 m 25
 762 708 l 25
 778 721 784 746 804 741 c 24
 839 731 856 710 873 678 c 24
 880 665 860 660 852 648 c 25
 852 420 l 17
 844 391 838 369 807 366 c 1
 783 368 772 392 762 420 c 9
 762 658 l 25
 459 658 l 25
 459 708 l 25
423 747 m 25
 466 727 502 731 534 696 c 24
 548 681 521 667 513 648 c 25
 513 414 l 17
 505 385 499 363 468 360 c 1
 444 362 433 386 423 414 c 9
 423 747 l 25
249 664 m 25
 114 664 l 25
 114 714 l 25
 258 714 l 25
 275.55 725.7 284.243 753.646 303 744 c 24
 338.802 725.588 347.141 697.004 363 660 c 24
 366.965 650.749 353.017 647.725 348 639 c 24
 326.077 600.873 314.731 578.787 294 540 c 24
 278.46 510.924 255 465 255 465 c 1
 255 465 310.795 431.356 327 396 c 24
 351.286 343.012 356.032 307.254 354 249 c 24
 352.413 203.518 342.054 176.633 318 138 c 24
 301.674 111.778 285.618 85.9176 255 90 c 24
 229.565 93.3916 242.636 128.924 228 150 c 24
 212.899 171.745 198.72 179.28 180 198 c 25
 258 198 l 25
 262.68 220.23 270.71 232.294 270 255 c 24
 268.341 308.09 268.135 339.395 252 390 c 24
 241.748 422.153 222.72 433.92 204 462 c 25
 214.53 491.25 224.24 506.656 231 537 c 24
 241.878 585.828 241.98 614.47 249 664 c 25
81 744 m 25
 124 724 160 728 192 693 c 24
 206 678 179 664 171 645 c 25
 171 -117 l 17
 163 -146 157 -168 126 -171 c 1
 102 -169 91 -145 81 -117 c 9
 81 744 l 25
EndSplineSet
EndChar
