Width: 1000
Flags: H
TeX: 117 0
LayerCount: 2
Fore
SplineSet
456 -75 m 1
 888 -75 l 1
 888 -125 l 1
 456 -125 l 1
 456 -75 l 1
708 148 m 1
 894 148 l 1
 894 98 l 1
 708 98 l 1
 708 148 l 1
459 138 m 25
 579 138 l 25
 579 138 602 174 627 183 c 1
 653 179 641 150 672 117 c 1
 680 99 663 88 645 88 c 9
 459 88 l 25
 459 138 l 25
678 321 m 25
 837 321 l 25
 853 334 859 359 879 354 c 24
 914 344 931 323 948 291 c 24
 955 278 935 273 927 261 c 25
 927 -105 l 17
 919 -134 913 -156 882 -159 c 1
 858 -157 847 -133 837 -105 c 9
 837 271 l 25
 678 271 l 25
 678 321 l 25
426 315 m 25
 469 295 505 299 537 264 c 24
 551 249 524 235 516 216 c 25
 516 -108 l 17
 508 -137 502 -159 471 -162 c 1
 447 -160 436 -136 426 -108 c 9
 426 315 l 25
549 396 m 25
 582.93 367.92 614.823 362.617 636 324 c 24
 643.815 309.748 614.04 311.19 600 303 c 25
 456 234 l 25
 456 285 l 25
 549 396 l 25
801 601 m 25
 531 601 l 25
 531 651 l 25
 792 651 l 25
 811.89 662.7 821.054 688.133 843 681 c 24
 879.193 669.237 901.065 648.451 912 612 c 24
 918.808 589.309 891.87 580.89 879 561 c 25
 854.43 527.07 842.651 506.321 816 474 c 24
 787.559 439.508 772.045 418.974 738 390 c 24
 716.449 371.659 703.285 353.116 675 354 c 24
 655.085 354.622 657.342 380.288 642 393 c 24
 616.014 414.532 598.08 422.28 570 441 c 25
 666 441 l 25
 690.57 463.23 707.633 472.676 729 498 c 24
 760.606 535.459 772.92 560.83 801 601 c 25
528 753 m 25
 564.27 731.94 596.197 732.821 621 699 c 24
 631.379 684.848 604.53 677.04 594 663 c 25
 565.92 617.37 556.608 586.9 522 546 c 24
 491.422 509.863 468.388 494.259 429 468 c 24
 408.03 454.021 392.4 453.36 369 444 c 25
 398.25 490.8 416.229 516.308 444 564 c 24
 470.078 608.785 485.952 633.643 507 681 c 24
 518.88 707.729 519.81 724.92 528 753 c 25
309 628 m 25
 144 628 l 25
 144 678 l 25
 312 678 l 25
 330.72 694.38 335.868 726.033 360 720 c 24
 398.525 710.369 414.24 683.519 432 648 c 24
 438.387 635.227 419.19 629.7 411 618 c 25
 384.09 578.22 367.454 556.727 342 516 c 24
 326.46 491.137 320.04 475.74 306 450 c 25
 329.4 418.41 348.836 404.368 366 369 c 24
 387.971 323.726 401.974 296.232 405 246 c 24
 408.008 196.067 403.371 164.742 381 120 c 24
 365.052 88.1035 347.551 62.8066 312 60 c 24
 285.557 57.9121 284.588 91.1436 267 111 c 24
 248.317 132.093 237.72 143.94 219 165 c 25
 297 165 l 17
 321 180 325.109 212.72 324 246 c 24
 322.645 286.676 307.372 307.739 291 345 c 24
 273.308 385.265 258.06 405.39 237 444 c 25
 256.89 489.63 269.861 514.646 288 561 c 24
 297.979 586.501 300.81 601.87 309 628 c 25
108 711 m 25
 151 691 187 695 219 660 c 24
 233 645 206 631 198 612 c 25
 198 -129 l 17
 190 -158 184 -180 153 -183 c 1
 129 -181 118 -157 108 -129 c 9
 108 711 l 25
EndSplineSet
EndChar
