Width: 1000
Flags: H
TeX: 117 0
LayerCount: 2
Fore
SplineSet
615 450 m 25
 615 450 694 434 726 399 c 24
 740 384 713 370 705 351 c 25
 705 -114 l 17
 697 -143 691 -165 660 -168 c 1
 636 -166 625 -142 615 -114 c 9
 615 450 l 25
474 288 m 25
 759 288 l 25
 759 288 781 319 805 328 c 1
 824 321 848 293 867 267 c 1
 875 249 859 238 841 238 c 9
 474 238 l 25
 474 288 l 25
366 108 m 25
 798 108 l 25
 827 136 836 168 861 177 c 1
 887 173 929 120 960 87 c 1
 968 69 951 58 933 58 c 9
 366 58 l 25
 366 108 l 25
435 90 m 25
 435 321 l 25
 435 321 514 305 546 270 c 24
 560 255 533 241 525 222 c 25
 525 90 l 25
 435 90 l 25
498 627 m 25
 528 657 l 25
 528 657 605 591 660 555 c 24
 710 522 741 508 795 483 c 24
 860 454 966 417 966 417 c 25
 966 417 921 409 894 399 c 24
 874 392 867 372 846 375 c 24
 793 383 765 399 719 426 c 24
 671 454 650 479 609 516 c 24
 564 557 498 627 498 627 c 25
699 670 m 25
 534 670 l 25
 534 720 l 25
 714 720 l 25
 734 728 745 748 765 741 c 24
 795 730 810 711 822 681 c 24
 827 669 810 664 801 654 c 24
 756 602 724 563 683 521 c 0
 658 496 642 473 610 449 c 24
 567 416 541 398 492 375 c 24
 430 346 394 333 327 315 c 1
 395 362 433 390 496 444 c 24
 542 483 566 506 606 551 c 24
 645 595 699 670 699 670 c 25
543 795 m 25
 543 795 610 782 642 756 c 24
 652 748 632 739 624 729 c 24
 591 685 574 659 537 618 c 24
 500 576 478 552 435 516 c 24
 400 487 378 475 336 453 c 1
 389 526 420 569 468 648 c 24
 501 703 543 795 543 795 c 25
303 685 m 25
 117 685 l 25
 117 735 l 25
 315 735 l 25
 330 748 335 775 354 768 c 24
 391 755 408 732 423 696 c 24
 429 681 405 679 396 666 c 24
 345 590 269 468 269 468 c 25
 269 468 310 442 327 417 c 24
 355 376 370 351 384 303 c 24
 397 261 399 235 395 192 c 24
 390 142 385 112 360 69 c 24
 345 43 327 20 297 24 c 24
 267 28 272 65 249 84 c 24
 220 109 198 115 165 135 c 25
 270 135 l 18
 303 135 315 193 318 237 c 24
 321 282 307 308 285 348 c 24
 258 397 195 459 195 459 c 1
 195 459 231 526 252 570 c 24
 273 614 303 685 303 685 c 25
78 762 m 25
 78 762 157 746 189 711 c 24
 203 696 176 682 168 663 c 25
 168 -108 l 17
 160 -137 154 -159 123 -162 c 1
 99 -160 88 -136 78 -108 c 9
 78 762 l 25
EndSplineSet
EndChar
