Width: 1000
Flags: HW
LayerCount: 2
Fore
SplineSet
717 531 m 25
 807 531 l 25
 807 -90 l 25
 717 -90 l 25
 717 531 l 25
582 -72 m 25
 876 -72 l 25
 876 -72 899 -36 924 -27 c 1
 950 -31 938 -60 969 -93 c 1
 977 -111 960 -122 942 -122 c 9
 582 -122 l 25
 582 -72 l 25
591 147 m 25
 867 147 l 25
 867 147 890 183 915 192 c 1
 941 188 929 159 960 126 c 1
 968 108 951 97 933 97 c 9
 591 97 l 25
 591 147 l 25
594 339 m 25
 861 339 l 25
 861 339 884 375 909 384 c 1
 935 380 923 351 954 318 c 1
 962 300 945 289 927 289 c 9
 594 289 l 25
 594 339 l 25
624 525 m 25
 624 -129 l 17
 616 -158 610 -180 579 -183 c 1
 555 -181 544 -157 534 -129 c 9
 534 525 l 25
 624 525 l 25
564 558 m 25
 882 558 l 25
 882 558 905 594 930 603 c 1
 956 599 944 570 975 537 c 1
 983 519 966 508 948 508 c 9
 564 508 l 25
 564 558 l 25
774 744 m 25
 818.46 728.79 851.307 734.354 888 705 c 24
 900.427 695.059 871.835 685.851 864 672 c 24
 849.916 647.102 844.361 631.797 832 606 c 24
 817.451 575.637 809.43 558.42 795 528 c 25
 735 525 l 25
 744.36 571.8 750.632 598.013 759 645 c 24
 765.847 683.445 768.15 705.39 774 744 c 25
588 753 m 25
 631.29 736.62 663.537 740.743 699 711 c 24
 711.027 700.913 688.02 689.04 681 675 c 24
 666.96 646.92 661.806 629.517 645 603 c 24
 609.03 546.248 588.684 513.891 546 462 c 24
 528.585 440.828 513.06 434.55 492 417 c 25
 513.06 477.84 524.99 512.143 546 573 c 24
 558.92 610.423 570.004 630.445 579 669 c 24
 586.486 701.086 584.49 720.24 588 753 c 25
297 33 m 25
 348 -1 384 -12 429 -54 c 24
 450 -74 468 -92 462 -120 c 24
 456 -149 435 -171 405 -171 c 24
 380 -171 373 -147 360 -126 c 24
 342 -98 344 -76 327 -48 c 24
 316 -30 303 -24 288 -9 c 25
 297 33 l 25
228 36 m 25
 228 459 l 25
 318 459 l 25
 318 33 l 25
 304 -6 305 -32 282 -66 c 24
 258 -100 237 -114 201 -135 c 24
 160 -160 133 -169 87 -183 c 24
 61 -191 45 -187 18 -189 c 25
 68 -153 99 -135 147 -96 c 24
 171 -77 182 -63 201 -39 c 24
 222 -12 230 7 228 36 c 25
36 57 m 25
 414 57 l 25
 414 57 437 93 462 102 c 1
 488 98 476 54 507 21 c 1
 515 3 498 7 480 7 c 9
 36 7 l 25
 36 57 l 25
66 189 m 25
 396 189 l 25
 396 189 419 225 444 234 c 1
 470 230 458 201 489 168 c 1
 497 150 480 139 462 139 c 9
 66 139 l 25
 66 189 l 25
132 315 m 25
 438 315 l 25
 438 265 l 25
 132 265 l 25
 132 315 l 25
129 489 m 25
 381 489 l 25
 397 502 403 527 423 522 c 24
 458 512 475 491 492 459 c 24
 499 446 479 441 471 429 c 25
 471 298 l 17
 463 269 457 247 426 244 c 1
 402 246 391 270 381 298 c 9
 381 439 l 25
 129 439 l 25
 129 489 l 25
90 522 m 25
 133 502 169 506 201 471 c 24
 215 456 188 442 180 423 c 25
 180 304 l 17
 172 275 166 253 135 250 c 1
 111 252 100 276 90 304 c 9
 90 522 l 25
309 759 m 25
 352 739 388 743 420 708 c 24
 434 693 407 679 399 660 c 25
 399 549 l 17
 391 520 385 498 354 495 c 1
 330 497 319 521 309 549 c 9
 309 759 l 25
144 759 m 25
 187 739 223 743 255 708 c 24
 269 693 242 679 234 660 c 25
 234 552 l 17
 226 523 220 501 189 498 c 1
 165 500 154 524 144 552 c 9
 144 759 l 25
42 636 m 25
 435 636 l 25
 435 636 458 672 483 681 c 1
 509 677 497 648 528 615 c 1
 536 597 519 586 501 586 c 9
 42 586 l 25
 42 636 l 25
EndSplineSet
EndChar
