Width: 1000
Flags: H
TeX: 117 0
LayerCount: 2
Fore
SplineSet
729 51 m 25
 779.31 25.2598 811.07 16.4844 858 -15 c 24
 904.159 -45.9678 933.693 -62.7695 966 -108 c 24
 978.26 -125.164 978.576 -147.778 963 -162 c 24
 943.815 -179.517 921.12 -180.648 897 -171 c 24
 868.568 -159.627 862.448 -137.653 843 -114 c 24
 819.071 -84.8975 807.417 -66.9981 786 -36 c 24
 762.942 -2.62695 751.23 17.0703 729 51 c 25
564 36 m 25
 597.93 11.4297 626.43 6.92994 651 -27 c 24
 658.764 -37.7217 637.784 -43.3232 627 -51 c 24
 568.577 -92.5898 537.3 -119.295 474 -153 c 24
 446.193 -167.807 426.977 -168.264 396 -174 c 24
 363.604 -179.999 344.76 -179.49 312 -183 c 25
 370.5 -139.71 407.069 -119.737 462 -72 c 24
 505.729 -33.9971 524.22 -6.12012 564 36 c 25
489 85 m 1
 900 85 l 1
 900 35 l 1
 489 35 l 1
 489 85 l 1
495 201 m 1
 873 201 l 1
 873 151 l 1
 495 151 l 1
 495 201 l 1
501 325 m 1
 858 325 l 1
 858 275 l 1
 501 275 l 1
 501 325 l 1
501 444 m 25
 822 444 l 25
 838.38 456.87 843.891 482.435 864 477 c 24
 899.178 467.492 916.287 446.381 933 414 c 24
 939.55 401.309 920.19 395.7 912 384 c 25
 912 54 l 17
 904 25 898 3 867 0 c 1
 843 2 832 26 822 54 c 9
 822 394 l 25
 501 394 l 25
 501 444 l 25
447 471 m 25
 490.29 451.11 525.953 455.251 558 420 c 24
 571.745 404.881 545.19 390.72 537 372 c 25
 537 54 l 17
 529 25 523 3 492 0 c 1
 468 2 457 26 447 54 c 9
 447 471 l 25
510 553 m 1
 819 553 l 1
 819 503 l 1
 510 503 l 1
 510 553 l 1
495 714 m 25
 765 714 l 25
 781 727 787 752 807 747 c 24
 842 737 859 716 876 684 c 24
 883 671 863 666 855 654 c 25
 855 543 l 17
 847 514 841 492 810 489 c 1
 786 491 775 515 765 543 c 9
 765 664 l 25
 495 664 l 25
 495 714 l 25
480 744 m 25
 523 724 559 728 591 693 c 24
 605 678 578 664 570 645 c 25
 570 528 l 17
 562 499 556 477 525 474 c 1
 501 476 490 500 480 528 c 9
 480 744 l 25
309 655 m 25
 114 655 l 1
 114 705 l 25
 300 705 l 25
 316.38 716.7 322.567 740.252 342 735 c 24
 376.426 725.695 394.644 706.689 411 675 c 24
 417.996 661.444 390 642 390 642 c 1
 276 456 l 1
 276 456 336.909 409.271 363 369 c 24
 391.825 324.509 410.651 295.907 414 243 c 24
 416.875 197.581 403.088 169.971 378 132 c 24
 357.747 101.348 339.604 78.1375 303 75 c 24
 281.005 73.1143 287.405 106.272 273 123 c 24
 250.86 148.711 234.57 159.6 210 183 c 25
 285 183 l 25
 297.87 205.23 316.626 214.35 318 240 c 24
 320.369 284.227 315.168 312.096 294 351 c 24
 270.262 394.627 207 444 207 444 c 1
 207 444 240.526 521.441 264 570 c 24
 280.325 603.771 291.45 621.85 309 655 c 25
93 738 m 25
 136 718 172 722 204 687 c 24
 218 672 191 658 183 639 c 25
 183 -135 l 17
 175 -164 169 -186 138 -189 c 1
 114 -187 103 -163 93 -135 c 9
 93 738 l 25
EndSplineSet
EndChar
