Width: 1000
Flags: HW
LayerCount: 2
Fore
SplineSet
261 387 m 25
 294 371 319 371 345 345 c 24
 372 318 389 296 390 258 c 24
 391 232 374 205 348 207 c 24
 320 209 320 241 303 264 c 24
 286 286 277 299 261 321 c 25
 261 387 l 25
228 507 m 25
 228 270 l 25
 213 245 207 230 189 207 c 24
 161 171 147 148 111 120 c 24
 79 95 54 93 18 75 c 25
 58 143 83 180 120 249 c 24
 147 300 161 330 183 384 c 24
 203 431 210 459 228 507 c 25
42 540 m 25
 321 540 l 25
 321 540 344 576 369 585 c 1
 395 581 383 552 414 519 c 1
 422 501 405 490 387 490 c 9
 42 490 l 25
 42 540 l 25
195 762 m 25
 238 742 274 746 306 711 c 24
 320 696 293 682 285 663 c 25
 285 -141 l 17
 277 -170 271 -192 240 -195 c 1
 216 -193 205 -169 195 -141 c 9
 195 762 l 25
456 -56 m 1
 864 -56 l 1
 864 -106 l 1
 456 -106 l 1
 456 -56 l 1
681 318 m 25
 681 405 l 25
 722 364 745 341 786 300 c 24
 816 270 834 252 864 222 c 25
 853 206 847 196 837 180 c 24
 829 167 831 145 816 147 c 24
 791 150 783 169 768 189 c 24
 730 237 715 268 681 318 c 25
630 408 m 25
 657 408 l 25
 657 222 l 25
 650 211 648 204 639 195 c 24
 620 176 608 164 585 150 c 24
 556 132 537 128 507 114 c 25
 530 158 548 182 567 228 c 24
 596 297 605 338 630 408 c 25
633 624 m 25
 676 604 712 608 744 573 c 24
 758 558 731 544 723 525 c 25
 723 -39 l 17
 715 -68 709 -90 678 -93 c 1
 654 -91 643 -67 633 -39 c 9
 633 624 l 25
489 429 m 25
 780 429 l 25
 780 429 803 465 828 474 c 1
 854 470 842 441 873 408 c 1
 881 390 864 379 846 379 c 9
 489 379 l 25
 489 429 l 25
450 684 m 25
 843 684 l 25
 859 697 865 722 885 717 c 24
 920 707 937 686 954 654 c 24
 961 641 941 636 933 624 c 25
 933 -111 l 17
 925 -140 919 -162 888 -165 c 1
 864 -163 853 -139 843 -111 c 9
 843 634 l 25
 450 634 l 25
 450 684 l 25
420 714 m 25
 463 694 499 698 531 663 c 24
 545 648 518 634 510 615 c 25
 510 -108 l 17
 502 -137 496 -159 465 -162 c 1
 441 -160 430 -136 420 -108 c 9
 420 714 l 25
EndSplineSet
EndChar
