Width: 1000
Flags: H
TeX: 117 0
LayerCount: 2
Fore
SplineSet
564 138 m 25
 564 138 631 87 678 60 c 24
 748 20 789 -2 864 -33 c 24
 907 -50 978 -63 978 -63 c 25
 978 -63 911 -80 870 -96 c 24
 851 -103 845 -128 825 -123 c 24
 763 -106 734 -81 681 -45 c 24
 635 -14 614 11 573 48 c 24
 546 73 507 114 507 114 c 25
 564 138 l 25
417 138 m 25
 528 138 l 1
 528 138 503 97 480 78 c 24
 416 27 377 1 306 -39 c 24
 255 -68 224 -81 168 -99 c 24
 124 -113 98 -116 51 -120 c 9
 117 -79 154 -57 219 -15 c 24
 274 21 305 41 357 81 c 24
 383 101 417 138 417 138 c 25
462 297 m 25
 462 297 541 281 573 246 c 24
 587 231 560 217 552 198 c 25
 552 -144 l 17
 544 -173 538 -195 507 -198 c 1
 483 -196 472 -172 462 -144 c 9
 462 297 l 25
93 162 m 25
 768 162 l 25
 768 162 806 222 831 231 c 1
 857 227 899 174 930 141 c 1
 938 123 921 112 903 112 c 9
 93 112 l 25
 93 162 l 25
318 399 m 25
 318 399 430 387 501 372 c 24
 577 356 621 349 693 321 c 24
 729 307 762 303 777 267 c 24
 787 244 763 216 738 216 c 0
 711 216 693 231 663 243 c 0
 579 277 531 294 444 318 c 24
 380 336 276 351 276 351 c 25
 318 399 l 25
624 504 m 25
 717 504 l 1
 717 504 672 426 633 384 c 24
 582 329 551 299 489 258 c 24
 438 224 404 211 345 195 c 24
 282 179 238 178 180 177 c 9
 239 200 277 212 331 237 c 0
 371 255 395 269 431 296 c 24
 485 337 515 361 561 411 c 24
 591 443 624 504 624 504 c 25
138 524 m 25
 720 524 l 25
 720 524 758 584 783 593 c 1
 809 589 851 536 882 503 c 1
 890 485 873 474 855 474 c 9
 138 474 l 25
 138 524 l 25
432 651 m 25
 432 651 492 627 516 597 c 24
 524 587 499 586 492 576 c 1
 336 330 l 1
 318 309 285 306 264 333 c 0
 254 345 255 369 276 387 c 1
 432 651 l 25
468 654 m 25
 468 798 l 25
 468 798 547 782 579 747 c 24
 593 732 566 718 558 699 c 25
 558 654 l 25
 468 654 l 25
774 634 m 25
 192 634 l 25
 192 684 l 25
 771 684 l 25
 793 697 804 726 828 717 c 24
 868 702 883 675 900 636 c 24
 905 623 881 626 870 618 c 24
 831 592 810 576 772 549 c 25
 774 634 l 25
204 735 m 17
 223 711 232 697 236 669 c 24
 241 635 240 613 225 582 c 24
 212 555 198 534 168 531 c 24
 145 528 123 547 122 570 c 24
 120 604 146 618 161 648 c 24
 178 682 187 701 204 735 c 17
EndSplineSet
EndChar
