Width: 1000
Flags: HW
TeX: 117 0
LayerCount: 2
Fore
SplineSet
495 157 m 1
 816 157 l 1
 816 107 l 1
 495 107 l 1
 495 157 l 1
492 316 m 1
 810 316 l 1
 810 266 l 1
 492 266 l 1
 492 316 l 1
759 -36 m 25
 759 397 l 25
 483 397 l 25
 483 447 l 25
 759 447 l 25
 775.38 459.87 780.891 485.435 801 480 c 24
 836.178 470.492 853.287 449.381 870 417 c 24
 876.55 404.309 857.19 398.7 849 387 c 25
 849 -75 l 17
 834 -105 807.951 -135.65 768 -138 c 24
 744.351 -139.392 760.274 -100.623 747 -81 c 24
 732.622 -59.7461 717.72 -53.5498 699 -36 c 25
 759 -36 l 25
444 489 m 25
 487.29 469.11 522.953 473.251 555 438 c 24
 568.745 422.881 542.19 408.72 534 390 c 25
 534 -90 l 17
 526 -119 520 -141 489 -144 c 1
 465 -142 454 -118 444 -90 c 9
 444 489 l 25
756 693 m 25
 793.44 676.62 818.273 674.077 852 651 c 24
 886.14 627.642 911.637 614.407 927 576 c 24
 938.078 548.305 937.662 516.207 912 501 c 24
 888.075 486.822 865.975 508.65 846 528 c 24
 825.692 547.673 829.539 569.178 816 594 c 24
 794.381 633.635 779.4 654.39 756 693 c 25
597 420 m 25
 597 768 l 25
 640.29 748.11 675.953 752.251 708 717 c 24
 721.745 701.881 695.19 687.72 687 669 c 25
 687 420 l 25
 597 420 l 25
444 696 m 25
 481.44 673.77 512.799 673.001 540 639 c 24
 549.941 626.573 525.36 618.87 516 606 c 25
 496.11 567.39 494.87 538.529 465 507 c 24
 429.513 469.541 397.29 463.08 354 435 c 25
 375.06 475.95 392.989 496.468 408 540 c 24
 428.354 599.028 429.96 635.16 444 696 c 25
249 459 m 25
 273.57 446.13 292.631 445.854 312 426 c 24
 341.014 396.261 360.526 376.674 369 336 c 24
 373.803 312.949 363.258 292.123 342 282 c 24
 326.766 274.745 314.757 291.576 306 306 c 24
 293.482 326.617 303.95 345.651 291 366 c 24
 278.051 386.35 261.72 389.79 243 405 c 25
 249 459 l 25
201 390 m 25
 186.96 336.18 184.801 303.977 165 252 c 24
 147.114 205.05 138.085 175.811 105 138 c 24
 78.7031 107.946 51.9297 105.06 18 84 c 25
 37.8896 129.63 50.422 154.82 69 201 c 24
 91.3857 256.645 105.537 287.62 123 345 c 24
 146.548 422.37 154.11 467.61 174 546 c 25
 201 390 l 25
30 564 m 25
 285 564 l 25
 285 564 308 600 333 609 c 1
 359 605 347 576 378 543 c 1
 386 525 369 514 351 514 c 9
 30 514 l 25
 30 564 l 25
177 762 m 25
 220 742 256 746 288 711 c 24
 302 696 275 682 267 663 c 25
 267 -105 l 17
 259 -134 253 -156 222 -159 c 1
 198 -157 187 -133 177 -105 c 9
 177 762 l 25
EndSplineSet
EndChar
