Width: 1000
Flags: HW
LayerCount: 2
Fore
SplineSet
213 378 m 25
 253 362 281 362 315 336 c 24
 339 318 353 300 357 270 c 24
 360 246 354 224 333 213 c 24
 315 203 301 219 285 231 c 24
 269 243 268 258 255 273 c 24
 240 291 229 299 213 315 c 25
 213 378 l 25
183 252 m 25
 170 231 166 217 150 198 c 24
 121 162 104 141 69 111 c 24
 45 91 27 87 0 72 c 25
 35 136 60 170 90 237 c 24
 126 316 138 363 168 444 c 25
 183 423 l 25
 183 252 l 25
18 501 m 25
 282 501 l 25
 282 501 305 537 330 546 c 1
 356 542 344 513 375 480 c 1
 383 462 366 451 348 451 c 9
 18 451 l 25
 18 501 l 25
156 759 m 25
 199 739 235 743 267 708 c 24
 281 693 254 679 246 660 c 25
 246 -138 l 17
 238 -167 232 -189 201 -192 c 1
 177 -190 166 -166 156 -138 c 9
 156 759 l 25
875 435 m 25
 875 252 l 25
 857.84 236.79 849.287 226.835 831 213 c 24
 804.345 192.834 789.895 179.948 760 165 c 24
 730.878 150.438 711.81 148.53 681 138 c 25
 714.15 180.12 734.928 202.325 766 246 c 24
 790.779 280.83 802.645 301.971 824 339 c 24
 845.181 375.726 855.11 397.56 875 435 c 25
817 672 m 25
 879 672 l 25
 879 585 l 25
 864.18 567.45 855.896 557.486 841 540 c 24
 820.016 515.365 812.324 497.147 787 477 c 24
 741.027 440.426 709.53 427.59 660 396 c 25
 698.61 452.16 725.303 480.762 759 540 c 24
 786.803 588.876 794.38 620.52 817 672 c 25
834 -57 m 25
 834 649 l 25
 651 649 l 25
 651 699 l 25
 834 699 l 25
 850.38 711.87 855.891 737.435 876 732 c 24
 911.178 722.492 928.287 701.381 945 669 c 24
 951.55 656.309 932.19 650.7 924 639 c 25
 924 -108 l 17
 909 -129 894.772 -162 863 -162 c 24
 832.66 -162 829.996 -127.791 807 -108 c 24
 782.345 -86.7803 766.74 -76.8896 741 -57 c 25
 834 -57 l 25
597 399 m 25
 597 234 l 25
 582.57 222.3 575.508 214.229 560 204 c 24
 520.414 177.89 499.743 159.311 456 141 c 24
 414.903 123.797 388.29 124.53 345 114 c 25
 384.78 149.1 408.767 167.221 447 204 c 24
 480.603 236.324 500.571 254.043 529 291 c 24
 559.348 330.452 570.48 356.88 597 399 c 25
543 663 m 25
 594 663 l 25
 594 564 l 25
 569.82 531.24 560.791 508.791 532 480 c 24
 501.665 449.665 481.779 434.327 444 414 c 24
 409.136 395.241 385.44 393.87 348 381 c 25
 381.93 416.1 403.457 433.74 435 471 c 24
 465.995 507.613 484.482 528.189 508 570 c 24
 526.999 603.776 529.35 626.73 543 663 c 25
554 -51 m 25
 554 643 l 25
 328 643 l 25
 328 693 l 25
 554 693 l 25
 570.38 705.87 575.891 731.435 596 726 c 24
 631.178 716.492 648.287 695.381 665 663 c 24
 671.55 650.309 652.19 644.7 644 633 c 25
 644 -66 l 17
 630 -105 619.87 -149.291 576 -159 c 24
 543.528 -166.187 546.243 -115.768 522 -93 c 24
 500.945 -73.2266 484.79 -67.3799 461 -51 c 25
 554 -51 l 25
EndSplineSet
EndChar
