Width: 1000
Flags: H
TeX: 117 0
LayerCount: 2
Fore
SplineSet
516 42 m 25
 584 31 623 30 690 15 c 24
 765 -2 811 -6 879 -42 c 24
 912 -60 935 -80 939 -117 c 24
 942 -140 914 -151 891 -150 c 24
 855 -149 839 -130 807 -114 c 24
 771 -95 755 -76 717 -60 c 24
 671 -41 642 -38 594 -24 c 24
 559 -14 539 -9 504 0 c 25
 516 42 l 25
567 273 m 25
 601 257 631 261 654 231 c 24
 665 217 641 205 633 189 c 25
 617 156 608 137 591 105 c 24
 565 54 558 20 522 -24 c 24
 503 -47 484 -73 456 -63 c 24
 433 -55 447 -24 453 0 c 24
 466 47 485 69 504 114 c 24
 530 176 542 211 567 273 c 25
792 123 m 25
 894 123 l 25
 879 96 875 78 855 54 c 24
 825 19 804 3 768 -27 c 24
 735 -55 716 -71 678 -93 c 24
 633 -119 608 -138 558 -150 c 24
 495 -165 457 -155 393 -159 c 25
 478 -124 533 -117 612 -69 c 24
 680 -28 711 8 765 66 c 24
 782 84 781 101 792 123 c 25
366 153 m 25
 838 153 l 25
 867 181 876 213 901 222 c 1
 927 218 969 165 1000 132 c 1
 1008 114 991 103 973 103 c 9
 366 103 l 25
 366 153 l 25
483 295 m 1
 855 295 l 1
 855 245 l 1
 483 245 l 1
 483 295 l 1
447 431 m 25
 891 431 l 25
 891 431 914 462 939 471 c 1
 965 467 969 443 1000 410 c 1
 1008 392 991 381 973 381 c 9
 447 381 l 25
 447 431 l 25
465 543 m 25
 798 543 l 25
 814 556 820 581 840 576 c 24
 875 566 892 545 909 513 c 24
 916 500 896 495 888 483 c 25
 888 285 l 17
 880 256 874 234 843 231 c 1
 819 233 808 257 798 285 c 9
 798 493 l 25
 465 493 l 25
 465 543 l 25
606 264 m 25
 606 777 l 25
 649 757 685 761 717 726 c 24
 731 711 704 697 696 678 c 25
 696 264 l 25
 606 264 l 25
423 663 m 25
 825 663 l 25
 854 691 863 723 888 732 c 1
 914 728 956 675 987 642 c 1
 995 624 978 613 960 613 c 9
 423 613 l 25
 423 663 l 25
255 504 m 25
 299 478 325 465 369 438 c 24
 391 425 406 421 423 402 c 24
 441 382 452 368 456 342 c 24
 460 317 464 290 441 279 c 24
 417 267 398 286 378 303 c 24
 354 324 355 349 333 372 c 24
 307 400 285 409 255 432 c 25
 255 504 l 25
249 441 m 25
 234 394 232 365 210 321 c 24
 185 270 168 242 129 201 c 24
 96 166 67 159 27 132 c 25
 61 205 82 245 114 318 c 24
 138 372 151 403 171 459 c 24
 183 492 186 512 195 546 c 25
 249 546 l 25
 249 441 l 25
36 582 m 25
 384 582 l 25
 384 582 407 618 432 627 c 1
 458 623 446 594 477 561 c 1
 485 543 468 532 450 532 c 9
 36 532 l 25
 36 582 l 25
216 771 m 25
 259 751 295 755 327 720 c 24
 341 705 314 691 306 672 c 25
 306 -123 l 17
 298 -152 292 -174 261 -177 c 1
 237 -175 226 -151 216 -123 c 9
 216 771 l 25
EndSplineSet
EndChar
