Width: 1000
Flags: H
TeX: 117 0
LayerCount: 2
Fore
SplineSet
484 -96 m 25
 857 -96 l 25
 857 -146 l 25
 484 -146 l 25
 484 -96 l 25
490 133 m 25
 800 133 l 25
 816 146 822 171 842 166 c 24
 877 156 894 135 911 103 c 24
 918 90 898 85 890 73 c 25
 890 -114 l 17
 882 -143 876 -165 845 -168 c 1
 821 -166 810 -142 800 -114 c 9
 800 83 l 25
 490 83 l 25
 490 133 l 25
493 280 m 25
 808 280 l 25
 808 230 l 25
 493 230 l 25
 493 280 l 25
493 449 m 25
 748 449 l 25
 764 462 770 487 790 482 c 24
 825 472 842 451 859 419 c 24
 866 406 846 401 838 389 c 25
 838 264 l 17
 830 235 824 213 793 210 c 1
 769 212 758 236 748 264 c 9
 748 399 l 25
 493 399 l 25
 493 449 l 25
451 486 m 25
 494 466 530 470 562 435 c 24
 576 420 549 406 541 387 c 25
 541 -119 l 17
 533 -148 527 -170 496 -173 c 1
 472 -171 461 -147 451 -119 c 9
 451 486 l 25
283 440 m 25
 331 412 364 404 407 369 c 24
 424 355 428 340 431 318 c 24
 433 299 434 282 419 270 c 24
 402 257 384 259 365 269 c 24
 341 282 335 300 319 323 c 24
 303 347 298 363 284 388 c 25
 283 440 l 25
242 516 m 25
 264 516 l 25
 264 316 l 25
 254 293 252 279 239 258 c 24
 207 205 192 171 149 126 c 24
 111 87 89 72 35 48 c 9
 60 91 76 114 98 159 c 24
 137 237 158 282 191 363 c 24
 215 421 222 456 242 516 c 25
607 585 m 25
 607 774 l 25
 650 754 686 758 718 723 c 24
 732 708 705 694 697 675 c 25
 697 585 l 25
 607 585 l 25
833 565 m 25
 460 565 l 25
 460 615 l 25
 833 615 l 25
 860 627 873 655 901 646 c 24
 937 634 945 605 962 571 c 24
 966 563 953 560 947 553 c 25
 833 475 l 25
 833 565 l 25
476 682 m 17
 494 637 505 615 500 571 c 24
 495 531 487 499 451 480 c 24
 427 467 394 484 388 511 c 24
 381 545 411 560 427 591 c 24
 445 627 457 647 476 682 c 17
41 553 m 25
 377 553 l 25
 377 553 399 584 423 593 c 1
 442 586 466 558 485 532 c 1
 493 514 477 503 459 503 c 9
 41 503 l 25
 41 553 l 25
229 771 m 25
 272 751 308 755 340 720 c 24
 354 705 327 691 319 672 c 25
 319 -129 l 17
 311 -158 305 -180 274 -183 c 1
 250 -181 239 -157 229 -129 c 9
 229 771 l 25
EndSplineSet
EndChar
