Width: 1000
Flags: HW
LayerCount: 2
Fore
SplineSet
225 504 m 25
 271 472 301 460 342 423 c 24
 369 398 394 384 399 348 c 24
 403 317 389 289 360 279 c 24
 336 271 323 296 306 315 c 24
 293 329 297 343 288 360 c 24
 278 378 270 386 258 402 c 24
 245 420 238 429 225 447 c 25
 225 504 l 25
204 582 m 25
 243 555 l 25
 225 414 l 25
 211 381 206 362 189 330 c 24
 160 275 145 242 108 192 c 24
 79 153 57 135 21 102 c 9
 43 156 56 186 78 240 c 24
 113 325 136 372 168 459 c 24
 185 506 190 534 204 582 c 25
192 768 m 25
 235 748 271 752 303 717 c 24
 317 702 290 688 282 669 c 25
 282 -120 l 17
 274 -149 268 -171 237 -174 c 1
 213 -172 202 -148 192 -120 c 9
 192 768 l 25
36 603 m 25
 345 603 l 25
 345 603 367 634 391 643 c 1
 410 636 434 608 453 582 c 1
 461 564 445 553 427 553 c 9
 36 553 l 25
 36 603 l 25
727 100 m 25
 759 78 780 68 810 43 c 24
 847 12 875 -2 897 -45 c 24
 914 -77 921 -106 903 -138 c 24
 891 -160 862 -159 840 -147 c 24
 814 -132 814 -108 801 -81 c 24
 784 -44 779 -21 763 17 c 24
 750 50 741 68 727 100 c 25
354 -45 m 25
 825 -12 l 25
 824 -66 l 25
 673 -95 588 -108 438 -141 c 24
 421 -145 408 -172 396 -159 c 24
 365 -123 370 -89 354 -45 c 25
555 198 m 25
 647 198 l 25
 628 150 616 123 597 75 c 24
 577 24 566 -6 546 -57 c 25
 467 -57 l 25
 555 198 l 25
387 224 m 25
 741 224 l 25
 741 224 779 285 804 294 c 1
 830 290 872 237 903 204 c 1
 911 186 894 175 876 175 c 9
 387 175 l 25
 387 224 l 25
462 408 m 25
 717 408 l 25
 717 408 739 439 763 448 c 1
 782 441 806 413 825 387 c 1
 833 369 817 358 799 358 c 9
 462 358 l 25
 462 408 l 25
634 746 m 25
 659 716 670 697 697 668 c 24
 735 627 758 605 800 567 c 24
 842 529 866 508 911 474 c 24
 938 453 956 445 984 426 c 25
 961 410 947 402 926 384 c 24
 910 371 907 336 889 346 c 24
 833 376 816 414 776 463 c 24
 726 524 703 562 658 626 c 24
 637 656 627 675 607 706 c 25
 634 746 l 25
374 307 m 24
 350 291 333 290 306 279 c 25
 338 322 358 345 388 389 c 24
 423 441 443 470 474 525 c 24
 509 587 527 623 558 687 c 24
 575 723 582 746 597 783 c 25
 627 757 652 750 675 717 c 24
 682 707 669 698 663 687 c 24
 648 657 638 641 621 612 c 24
 593 565 577 538 546 492 c 24
 519 452 504 428 471 393 c 24
 437 356 416 336 374 307 c 24
EndSplineSet
EndChar
