Width: 1000
Flags: H
TeX: 117 0
LayerCount: 2
Fore
SplineSet
609 158 m 25
 744 158 l 25
 744 108 l 25
 609 108 l 25
 609 158 l 25
597 387 m 25
 699 387 l 25
 715 400 721 425 741 420 c 24
 776 410 793 389 810 357 c 24
 817 344 797 339 789 327 c 25
 789 144 l 17
 781 115 775 93 744 90 c 1
 720 92 709 116 699 144 c 9
 699 337 l 25
 597 337 l 25
 597 387 l 25
549 426 m 25
 592 406 628 410 660 375 c 24
 674 360 647 346 639 327 c 25
 639 102 l 17
 631 73 625 51 594 48 c 1
 570 50 559 74 549 102 c 9
 549 426 l 25
546 540 m 25
 717 540 l 25
 717 540 740 576 765 585 c 1
 791 581 779 552 810 519 c 1
 818 501 801 490 783 490 c 9
 546 490 l 25
 546 540 l 25
819 -51 m 25
 819 664 l 25
 477 664 l 25
 477 714 l 25
 819 714 l 25
 835 727 841 752 861 747 c 24
 896 737 913 716 930 684 c 24
 937 671 917 666 909 654 c 25
 909 -96 l 25
 889 -121 890 -159 858 -159 c 24
 825 -159 827 -117 801 -96 c 24
 774 -74 753 -69 723 -51 c 25
 819 -51 l 25
426 739 m 25
 469 719 505 723 537 688 c 24
 551 673 524 659 516 640 c 25
 516 -96 l 17
 508 -125 502 -147 471 -150 c 1
 447 -148 436 -124 426 -96 c 9
 426 739 l 25
264 378 m 25
 296 367 318 370 345 351 c 24
 377 329 401 314 411 276 c 24
 417 252 401 230 378 222 c 24
 357 215 342 232 327 249 c 24
 313 265 321 283 309 300 c 24
 296 319 282 324 264 339 c 25
 264 378 l 25
237 498 m 25
 246 318 l 25
 230 282 224 260 204 225 c 24
 179 181 167 153 132 117 c 24
 102 85 75 79 39 54 c 25
 65 109 80 140 105 195 c 24
 130 249 144 279 168 333 c 24
 196 397 210 434 237 498 c 25
78 528 m 25
 309 528 l 25
 309 528 332 564 357 573 c 1
 383 569 371 540 402 507 c 1
 410 489 393 478 375 478 c 9
 78 478 l 25
 78 528 l 25
218 789 m 25
 261 769 297 773 329 738 c 24
 343 723 316 709 308 690 c 25
 308 -93 l 17
 300 -122 294 -144 263 -147 c 1
 239 -145 228 -121 218 -93 c 9
 218 789 l 25
EndSplineSet
EndChar
