Width: 1000
Flags: HW
LayerCount: 2
Fore
SplineSet
267 423 m 25
 306.78 403.11 339.379 405.176 369 372 c 24
 401.849 335.21 417 304.076 417 255 c 24
 417 231.688 377.787 241.191 357 252 c 24
 341.568 260.024 350.007 278.559 342 294 c 24
 333.484 310.423 328.081 319.919 315 333 c 24
 298.454 349.546 285.72 354.96 267 369 c 25
 267 423 l 25
216 273 m 25
 207.81 234.39 212.446 209.404 195 174 c 24
 171.729 126.772 152.386 102.035 114 66 c 24
 93.3857 46.6484 73.7402 47.7002 48 36 c 25
 72.5703 80.46 93.46 102.327 111 150 c 24
 139.418 227.238 150.038 273.071 165 354 c 24
 175.881 412.855 177 447.33 177 507 c 25
 216 507 l 25
 216 273 l 25
36 534 m 25
 279 534 l 25
 308 562 317 594 342 603 c 1
 368 599 410 546 441 513 c 1
 449 495 432 484 414 484 c 9
 36 484 l 25
 36 534 l 25
198 771 m 25
 241 751 277 755 309 720 c 24
 323 705 296 691 288 672 c 25
 288 -102 l 17
 280 -131 274 -153 243 -156 c 1
 219 -154 208 -130 198 -102 c 9
 198 771 l 25
741 786 m 25
 788.97 771.96 820.938 775.376 864 750 c 24
 890.014 734.671 909 717.156 909 687 c 24
 909 660.099 894.521 641.146 870 630 c 24
 848.275 620.125 826.125 624.409 810 642 c 24
 794.109 659.336 814.162 680.792 804 702 c 24
 786.305 738.93 765.57 753.24 741 786 c 25
876 240 m 25
 909.93 218.94 941.723 219.794 963 186 c 24
 972.351 171.148 941.04 169.53 927 159 c 25
 886.05 127.41 866.349 104.609 822 78 c 24
 713.824 13.0947 654.922 -30.1758 537 -75 c 24
 452.483 -107.126 397.92 -100.62 309 -117 c 25
 434.19 -56.1602 510.181 -31.833 630 39 c 24
 722.862 93.8965 768.464 135.745 852 204 c 24
 865.066 214.677 866.64 225.96 876 240 c 25
588 786 m 25
 623.1 776.64 649.325 784.303 678 762 c 24
 690.321 752.417 672.51 738.21 669 723 c 25
 669 564 l 25
 669 499.65 670.076 462.957 678 399 c 24
 686.492 330.454 698.13 292.86 711 225 c 17
 743.507 119.695 775.362 60.9225 855 -27 c 9
 948 45 l 25
 933.96 -2.96973 912 -28.1279 912 -78 c 24
 912 -102.066 947.714 -113.915 936 -135 c 24
 922.163 -159.906 893.513 -169.431 867 -159 c 24
 812.911 -137.72 784.576 -111.8 753 -63 c 24
 692.4 30.6533 665.305 90.3691 636 198 c 24
 600.312 329.074 606.72 408.45 588 543 c 25
 588 786 l 25
438 234 m 25
 885 330 l 25
 901.38 344.04 906.656 373.18 927 366 c 24
 955.97 355.775 962.762 329.856 970 300 c 24
 973.499 285.567 958.41 279.87 951 267 c 25
 438 159 l 25
 438 234 l 25
438 390 m 25
 839 468 l 25
 854.21 482.04 858.524 511.012 878 504 c 24
 912.627 491.534 925.148 466.097 939 432 c 24
 943.779 420.236 925.58 417.36 917 408 c 25
 438 321 l 25
 438 390 l 25
438 552 m 25
 786 603 l 25
 815.25 617.04 828.996 644.334 861 639 c 24
 902.322 632.113 924.763 610.856 948 576 c 24
 956.261 563.609 931.53 559.53 921 549 c 25
 438 480 l 25
 438 552 l 25
EndSplineSet
EndChar
