Width: 1000
Flags: H
TeX: 117 0
LayerCount: 2
Fore
SplineSet
654 165 m 25
 702 165 l 25
 732.42 132.24 746.834 110.977 780 81 c 24
 807.951 55.7363 825.253 42.6319 858 24 c 24
 893.52 3.79102 916.56 -1.62012 954 -18 c 25
 928.26 -37.8896 911.731 -46.7519 888 -69 c 24
 874.001 -82.124 877.189 -108 858 -108 c 24
 832.961 -108 823.901 -87.4736 807 -69 c 24
 773.196 -32.0518 756.405 -8.91403 729 33 c 24
 696.598 82.5566 683.25 113.52 654 165 c 25
651 102 m 25
 625.26 68.0703 615.385 44.8418 585 15 c 24
 549.271 -20.0898 527.42 -39.877 483 -63 c 24
 440.652 -85.0439 411.63 -84.96 366 -99 c 25
 403.44 -65.0703 427.683 -49.085 462 -12 c 24
 500.473 29.5752 518.233 56.5186 552 102 c 24
 575.6 133.787 586.77 153.24 609 186 c 25
 651 102 l 25
432 195 m 25
 846 195 l 25
 846 195 869 231 894 240 c 1
 920 236 908 207 939 174 c 1
 947 156 930 145 912 145 c 9
 432 145 l 25
 432 195 l 25
618 333 m 25
 661.29 313.11 696.953 317.251 729 282 c 24
 742.745 266.881 716.19 252.72 708 234 c 25
 708 -114 l 17
 700 -143 694 -165 663 -168 c 1
 639 -166 628 -142 618 -114 c 9
 618 333 l 25
534 609 m 25
 567.93 571.56 582.974 546.272 621 513 c 24
 667.676 472.159 693.703 446.024 750 420 c 24
 819.585 387.834 865.29 387.06 939 366 c 25
 915.6 350.79 899.36 346.088 879 327 c 24
 861.238 310.349 866.238 283.262 843 276 c 24
 819.337 268.605 804.455 284.579 783 297 c 24
 737.211 323.51 712.093 340.476 672 375 c 24
 627.484 413.333 604.883 438.102 567 483 c 24
 541.47 513.259 532.23 534.24 510 567 c 25
 534 609 l 25
708 621 m 25
 795 621 l 25
 785.64 592.92 784.237 575.474 771 549 c 24
 744.259 495.517 730.807 463.327 693 417 c 24
 646.957 360.581 620.042 326.13 558 288 c 24
 504.721 255.255 468 246 405 240 c 9
 445.95 272.76 474.249 285.633 510 324 c 24
 570.792 389.24 601.535 429.803 651 504 c 24
 679.155 546.232 685.77 575.37 708 621 c 25
516 654 m 25
 798 654 l 25
 798 654 821 690 846 699 c 1
 872 695 860 666 891 633 c 1
 899 615 882 604 864 604 c 9
 516 604 l 25
 516 654 l 25
519 783 m 25
 556.44 761.94 589.734 763.74 615 729 c 24
 626.699 712.914 600.36 701.55 591 684 c 25
 572.28 641.88 565.332 616.321 543 576 c 24
 523.03 539.944 510.294 519.885 483 489 c 24
 465.332 469.008 450.06 463.38 429 447 c 25
 441.87 489.12 449.466 512.779 462 555 c 24
 471.696 587.662 477.737 605.946 486 639 c 24
 499.974 694.896 506.13 726.84 519 783 c 25
315 573 m 25
 358 553 394 557 426 522 c 24
 440 507 413 493 405 474 c 25
 405 54 l 17
 397 25 391 3 360 0 c 1
 336 2 325 26 315 54 c 9
 315 573 l 25
177 540 m 25
 220 520 256 524 288 489 c 24
 302 474 275 460 267 441 c 25
 267 -96 l 17
 259 -125 253 -147 222 -150 c 1
 198 -148 187 -124 177 -96 c 9
 177 540 l 25
219 759 m 25
 256.44 735.6 286.735 732.918 315 699 c 24
 324.143 688.028 302.19 680.7 294 669 c 25
 269.43 606.99 260.614 569.766 231 510 c 24
 196.076 439.518 177.397 398.009 129 336 c 24
 101.344 300.565 74.0996 292.08 39 264 c 25
 60.0596 314.31 72.5767 342.428 93 393 c 24
 121.72 464.115 140.035 503.482 165 576 c 24
 189.223 646.359 197.94 687.63 219 759 c 25
EndSplineSet
EndChar
