Width: 1000
Flags: H
TeX: 117 0
LayerCount: 2
Fore
SplineSet
366 -81 m 25
 789 -81 l 25
 818 -53 827 -21 852 -12 c 1
 878 -16 920 -69 951 -102 c 1
 959 -120 942 -131 924 -131 c 9
 366 -131 l 25
 366 -81 l 25
510 121 m 1
 810 121 l 1
 810 71 l 1
 510 71 l 1
 510 121 l 1
531 314 m 1
 816 314 l 1
 816 264 l 1
 531 264 l 1
 531 314 l 1
519 513 m 25
 753 513 l 25
 769 526 775 551 795 546 c 24
 830 536 847 515 864 483 c 24
 871 470 851 465 843 453 c 25
 843 84 l 17
 835 55 829 33 798 30 c 1
 774 32 763 56 753 84 c 9
 753 463 l 25
 519 463 l 25
 519 513 l 25
468 537 m 25
 511 517 547 521 579 486 c 24
 593 471 566 457 558 438 c 25
 558 81 l 17
 550 52 544 30 513 27 c 1
 489 29 478 53 468 81 c 9
 468 537 l 25
402 687 m 25
 822 687 l 25
 822 687 845 723 870 732 c 1
 896 728 884 699 915 666 c 1
 923 648 906 637 888 637 c 9
 402 637 l 25
 402 687 l 25
291 408 m 25
 323.76 390.45 346.041 386.293 375 363 c 24
 400.915 342.155 421.935 329.499 429 297 c 24
 435.288 268.076 430.208 240.513 405 225 c 24
 385.372 212.922 367.296 232.704 351 249 c 24
 333.606 266.394 337.037 285.141 324 306 c 24
 313.44 322.896 303.87 329.79 291 345 c 25
 291 408 l 25
264 285 m 25
 240.6 249.9 232.726 225.894 204 195 c 24
 170.03 158.467 146.707 141.37 105 114 c 24
 71.3135 91.8926 48.2695 86.5498 12 69 c 25
 57.6299 133.35 86.8753 167.303 129 234 c 24
 157.226 278.69 170.214 305.841 192 354 c 24
 214.747 404.283 223.11 434.52 243 486 c 25
 264 285 l 25
57 543 m 25
 366 543 l 25
 366 543 389 579 414 588 c 1
 440 584 428 555 459 522 c 1
 467 504 450 493 432 493 c 9
 57 493 l 25
 57 543 l 25
222 774 m 25
 265 754 301 758 333 723 c 24
 347 708 320 694 312 675 c 25
 312 -108 l 17
 304 -137 298 -159 267 -162 c 1
 243 -160 232 -136 222 -108 c 9
 222 774 l 25
EndSplineSet
EndChar
