Width: 1000
Flags: H
TeX: 117 0
LayerCount: 2
Fore
SplineSet
726 -81 m 9
 726 348 l 25
 769.29 328.11 804.953 332.251 837 297 c 24
 850.745 281.881 824.19 267.72 816 249 c 25
 816 6 l 17
 816 -15 821.869 -28 834 -28 c 9
 867 -28 l 25
 876.36 -16.2998 883.801 -11.1408 891 2 c 24
 908.523 33.9873 914.79 53.8496 930 87 c 17
 930 42.54 930 -42 930 -42 c 9
 930 -42 957.86 -59.5616 954 -75 c 24
 948.579 -96.6855 928.38 -98.79 912 -114 c 25
 780 -114 l 17
 750.703 -106.59 731.848 -93.9131 726 -81 c 9
579 351 m 25
 622 331 658 335 690 300 c 24
 704 285 677 271 669 252 c 25
 669 -63 l 17
 661 -92 655 -114 624 -117 c 1
 600 -115 589 -91 579 -63 c 9
 579 351 l 25
423 87 m 25
 423 345 l 25
 466.29 325.11 501.953 329.251 534 294 c 24
 547.745 278.881 521.19 264.72 513 246 c 25
 513 87 l 17
 507 36 494.312 0.864258 468 -48 c 24
 452.311 -77.1367 434.764 -88.5361 408 -108 c 24
 382.61 -126.465 364.08 -129.96 336 -144 c 25
 360.57 -93.6904 379.267 -67.3965 399 -15 c 24
 413.403 23.2441 413.64 47.2197 423 87 c 25
750 489 m 25
 802.65 462.09 842.362 460.966 885 420 c 24
 907.513 398.37 908.516 372.729 903 342 c 24
 899.2 320.828 885.466 301.615 864 303 c 24
 836.643 304.765 824.94 325.015 810 348 c 24
 793.263 373.75 798.025 394.741 786 423 c 24
 774.52 449.979 764.04 463.26 750 489 c 25
471 321 m 24
 456.479 318.147 444.29 297.479 435 309 c 24
 407.577 343.004 411.21 373.05 396 414 c 25
 469.71 414 511.319 411.91 585 414 c 24
 676.343 416.592 727.74 421.32 819 426 c 25
 846 390 l 25
 751.23 371.28 698.006 359.481 603 342 c 24
 551.733 332.567 522.15 331.048 471 321 c 24
570 576 m 25
 663 576 l 25
 637.26 525.69 625.749 495.653 597 447 c 24
 579.977 418.191 565.89 404.91 546 378 c 25
 498 378 l 25
 512.04 408.42 522.55 424.513 534 456 c 24
 550.697 501.919 555.96 529.2 570 576 c 25
579 567 m 25
 579 747 l 25
 622.29 727.11 657.953 731.251 690 696 c 24
 703.745 680.881 677.19 666.72 669 648 c 25
 669 567 l 25
 579 567 l 25
396 591 m 25
 777 591 l 25
 806 619 815 651 840 660 c 1
 866 656 908 603 939 570 c 1
 947 552 930 541 912 541 c 9
 396 541 l 25
 396 591 l 25
243 423 m 25
 276.93 413.64 301.4 419.517 330 399 c 24
 358.741 378.382 373.639 358.598 381 324 c 24
 386.621 297.58 379.1 277.1 360 258 c 24
 348.388 246.388 329.007 248.813 318 261 c 24
 292.037 289.744 295.135 317.322 276 351 c 24
 265.709 369.112 255.87 376.62 243 393 c 25
 243 423 l 25
216 261 m 25
 204.3 238.77 201.2 224 186 204 c 24
 156.427 165.088 141.1 140.325 102 111 c 24
 73.8418 89.8818 50.7598 90.8701 18 78 c 25
 46.0801 124.8 64.7891 149.595 90 198 c 24
 123.369 262.068 140.95 299.019 168 366 c 24
 190.167 420.891 197.28 453.84 216 510 c 25
 216 261 l 25
45 555 m 25
 297 555 l 25
 297 555 320 591 345 600 c 1
 371 596 359 567 390 534 c 1
 398 516 381 505 363 505 c 9
 45 505 l 25
 45 555 l 25
189 738 m 25
 232.29 718.11 267.953 722.251 300 687 c 24
 313.745 671.881 287.19 657.72 279 639 c 25
 279 -87 l 17
 271 -116 265 -138 234 -141 c 1
 210 -139 199 -115 189 -87 c 9
 189 738 l 25
EndSplineSet
EndChar
