Width: 1000
Flags: H
TeX: 117 0
LayerCount: 2
Fore
SplineSet
66 468 m 25
 780 468 l 25
 809 496 818 528 843 537 c 1
 869 533 911 480 942 447 c 1
 950 429 933 418 915 418 c 9
 66 418 l 25
 66 468 l 25
123 630 m 25
 447 630 l 25
 447 630 470 666 495 675 c 1
 521 671 509 642 540 609 c 1
 548 591 531 580 513 580 c 9
 123 580 l 25
 123 630 l 25
597 258 m 9
 597 753 l 25
 640.29 733.11 675.953 737.251 708 702 c 24
 721.745 686.881 695.19 672.72 687 654 c 25
 687 312 l 25
 694.02 261.69 687.813 230.802 705 183 c 24
 725.917 124.824 748.707 96.4395 783 45 c 24
 805.104 11.8438 823.26 -2.58008 849 -33 c 25
 861.87 -20.1299 869.336 -13.0724 882 0 c 24
 905.608 24.3701 918.6 38.4297 942 63 c 25
 931.47 11.5195 916.751 -16.4834 915 -69 c 24
 914.319 -89.4219 940.595 -97.0898 936 -117 c 24
 931.686 -135.698 916.136 -145.565 897 -147 c 24
 864.457 -149.44 844.733 -141.472 816 -126 c 24
 782.366 -107.89 765.822 -92.0367 741 -63 c 24
 703.255 -18.8457 680.776 7.00012 657 60 c 24
 623.975 133.619 606 174 597 258 c 9
729 690 m 25
 761.76 672.45 783.915 668.136 813 645 c 24
 836.452 626.345 853.408 613.989 861 585 c 24
 867.688 559.465 866.787 535.268 846 519 c 24
 829.011 505.704 807.852 516.367 792 531 c 24
 773.481 548.095 777.284 567.569 768 591 c 24
 752.714 629.58 744.21 651.39 729 690 c 25
102 294 m 25
 471 294 l 25
 471 294 494 330 519 339 c 1
 545 335 533 306 564 273 c 1
 572 255 555 244 537 244 c 9
 102 244 l 25
 102 294 l 25
270 273 m 25
 302.76 258.96 329.339 262.733 354 237 c 24
 364.523 226.019 344.85 215.04 339 201 c 25
 317.94 162.39 309.396 138.594 285 102 c 24
 260.066 64.5996 247.199 41.1699 213 12 c 24
 166.574 -27.5986 144 -39 81 -72 c 9
 117.27 -17.0098 140.922 12.0322 174 69 c 24
 204.215 121.036 217.379 152.555 243 207 c 24
 254.842 232.163 259.47 247.26 270 273 c 25
387 198 m 25
 415.08 189.81 433.263 190.898 459 177 c 24
 492.77 158.765 514.473 148.072 537 117 c 24
 550.889 97.8428 558.063 77.3562 546 57 c 24
 533.923 36.6191 511.708 29.249 489 36 c 24
 460.451 44.4873 455.77 68.6534 435 90 c 24
 413.646 111.947 381 147 381 147 c 1
 387 198 l 25
780 351 m 25
 817.44 331.11 848.97 332.661 876 300 c 24
 886.758 287 861.36 278.04 852 264 c 25
 835.62 230.07 828.613 209.759 810 177 c 24
 770.052 106.691 750.168 64.954 702 0 c 24
 672.432 -39.8721 653.546 -62.8353 612 -90 c 24
 560.694 -123.546 528 -141 468 -153 c 9
 504.27 -116.73 528.519 -99.6993 561 -60 c 24
 613.021 3.58105 643.039 39.7903 684 111 c 24
 719.543 172.79 729.526 212.815 756 279 c 24
 766.993 306.481 770.64 322.92 780 351 c 25
312 768 m 25
 355 748 391 752 423 717 c 24
 437 702 410 688 402 669 c 25
 402 -114 l 17
 394 -143 388 -165 357 -168 c 1
 333 -166 322 -142 312 -114 c 9
 312 768 l 25
EndSplineSet
EndChar
