Width: 1000
Flags: H
TeX: 117 0
LayerCount: 2
Fore
SplineSet
948 -42 m 25
 925.77 -59.5498 909.984 -65.9814 891 -87 c 24
 876.604 -102.939 885.468 -135 864 -135 c 24
 829.605 -135 818.231 -106.272 792 -84 c 24
 756.047 -53.4736 736.699 -34.9227 705 0 c 24
 667.542 41.2666 649.732 67.4146 615 111 c 24
 590.06 142.298 576.57 160.41 552 192 c 25
 615 192 l 25
 646.59 161.58 663.25 143.168 696 114 c 24
 738.174 76.4385 758.981 50.7263 807 21 c 24
 858.211 -10.7021 893.01 -17.4297 948 -42 c 25
525 150 m 25
 484.05 110.22 462.056 86.6084 420 48 c 24
 390.646 21.0518 375.737 3.20623 342 -18 c 24
 293.271 -48.6299 263.008 -61.5736 210 -84 c 24
 171.494 -100.291 149.224 -110.024 108 -117 c 24
 72.2383 -123.052 51.2695 -117 15 -117 c 25
 68.8203 -90.0898 101.097 -78.4433 153 -48 c 24
 222.979 -6.95508 264.787 13.9306 327 66 c 24
 373.422 104.854 389.22 137.37 429 183 c 25
 525 183 l 25
 525 150 l 25
495 330 m 25
 538 310 574 314 606 279 c 24
 620 264 593 250 585 231 c 25
 585 -120 l 17
 577 -149 571 -171 540 -174 c 1
 516 -172 505 -148 495 -120 c 9
 495 330 l 25
66 216 m 25
 789 216 l 25
 818 244 827 276 852 285 c 1
 878 281 920 228 951 195 c 1
 959 177 942 166 924 166 c 9
 66 166 l 25
 66 216 l 25
843 552 m 25
 869.91 535.62 890 532.549 912 510 c 24
 938.068 483.279 963 466.145 963 429 c 24
 963 398.798 955.558 370.281 927 360 c 24
 905.969 352.429 897.25 381.651 888 402 c 24
 878.75 422.35 888.423 437.589 882 459 c 24
 870.698 496.672 858.21 515.73 843 552 c 25
408 612 m 25
 415.02 567.54 426 542.911 426 498 c 24
 426 469.788 415.993 451.993 396 432 c 24
 380.303 416.303 361.175 402.815 342 414 c 24
 320.897 426.31 318.637 450.165 324 474 c 24
 330.421 502.536 353.791 509.015 369 534 c 24
 386.684 563.052 392.79 581.58 408 612 c 25
546 669 m 25
 633 669 l 25
 623.64 624.54 624.315 597.776 609 555 c 24
 590.128 502.287 575.87 473.355 546 426 c 24
 527.441 396.577 512.724 382.27 486 360 c 24
 449.104 329.254 428.297 309.557 384 291 c 24
 339.979 272.559 310.8 276.36 264 267 c 25
 300.27 289.23 323.24 298.117 357 324 c 24
 393.791 352.206 417.382 367.045 444 405 c 24
 481.554 458.549 495.428 493.99 519 555 c 24
 535.467 597.619 535.47 624.54 546 669 c 25
768 643 m 25
 369 643 l 25
 369 693 l 25
 765 693 l 25
 780.21 707.04 783.831 733.654 804 729 c 24
 842.102 720.207 862.365 699.816 882 666 c 24
 889.523 653.043 867.36 647.7 858 636 c 25
 838.11 557.61 835.728 510.6 807 435 c 24
 790.743 392.22 774.892 369.765 744 336 c 24
 723.405 313.489 707.917 288.017 678 294 c 24
 645.389 300.522 650.218 339.537 624 360 c 24
 600.868 378.054 581.91 378.3 555 390 c 25
 642 390 l 25
 664.23 398.19 683.973 392.685 699 411 c 24
 724.634 442.241 726.48 468.266 738 507 c 24
 753.483 559.062 756.3 589.96 768 643 c 25
123 408 m 25
 186 408 l 25
 208.23 431.4 221.716 443.736 243 468 c 24
 280.242 510.456 299.73 535.71 336 579 c 25
 306.75 514.65 281.081 481.773 261 414 c 24
 252.352 384.812 271.229 365.572 264 336 c 24
 257.757 310.46 252.215 289.245 228 279 c 24
 210.625 271.649 194.437 286.126 186 303 c 24
 174.477 326.046 183 343.26 183 369 c 25
 123 408 l 25
81 678 m 25
 117.27 662.79 141.868 661.681 174 639 c 24
 203.134 618.435 229.784 605.411 234 570 c 24
 237.348 541.876 215.869 521.956 189 513 c 24
 169.584 506.528 156.384 523.705 144 540 c 24
 132.324 555.363 140.014 570.446 132 588 c 24
 115.245 624.7 100.89 642.9 81 678 c 25
180 798 m 25
 219.78 786.3 246.503 789.432 282 768 c 24
 311.115 750.421 331.296 735.127 339 702 c 24
 345.055 675.964 336.7 649.221 312 639 c 24
 288.29 629.188 268.249 646.14 252 666 c 24
 233.478 688.639 245.007 712.321 231 738 c 24
 216.294 764.961 199.89 774.6 180 798 c 25
EndSplineSet
EndChar
