Width: 1000
Flags: H
TeX: 117 0
LayerCount: 2
Fore
SplineSet
816 235 m 25
 846 203 876 194 894 153 c 24
 900 139 874 141 861 134 c 24
 825 116 803 109 768 90 c 24
 740 75 726 63 699 46 c 25
 657 93 l 25
 692 121 714 133 747 162 c 24
 776 189 789 206 816 235 c 25
549 253 m 25
 609 253 l 25
 629 207 629 174 660 134 c 24
 710 69 748 41 813 -7 c 24
 857 -39 888 -47 936 -73 c 25
 907 -80 888 -79 861 -91 c 24
 841 -101 838 -133 816 -129 c 24
 776 -123 758 -100 729 -70 c 24
 673 -11 640 25 600 97 c 24
 569 152 569 192 549 253 c 25
291 -41 m 25
 364 -30 405 -29 477 -13 c 24
 554 4 596 19 672 40 c 25
 666 6 l 25
 617 -23 590 -40 540 -66 c 24
 485 -96 453 -111 396 -139 c 24
 379 -147 365 -171 351 -157 c 24
 314 -123 314 -86 291 -41 c 25
414 296 m 25
 744 296 l 25
 744 244 l 25
 414 244 l 25
 414 296 l 25
414 421 m 25
 753 421 l 25
 753 368 l 25
 414 368 l 25
 414 421 l 25
405 532 m 25
 708 532 l 25
 724 546 730 572 750 567 c 24
 785 556 802 534 819 501 c 24
 826 487 806 482 798 470 c 25
 798 263 l 17
 790 232 784 209 753 206 c 1
 729 208 718 234 708 263 c 9
 708 480 l 25
 405 480 l 25
 405 532 l 25
366 -82 m 25
 366 576 l 25
 409 555 445 560 477 523 c 24
 491 507 464 493 456 473 c 25
 456 -82 l 25
 366 -82 l 25
212 657 m 25
 762 657 l 25
 791 685 800 717 825 726 c 1
 851 722 893 669 924 636 c 1
 932 618 915 607 897 607 c 9
 212 607 l 25
 212 657 l 25
33 255 m 25
 207 309 l 25
 195 282 193 264 177 240 c 24
 159 213 145 201 120 180 c 24
 107 169 94 148 81 159 c 24
 49 186 52 218 33 255 c 25
42 576 m 25
 86 562 118 567 156 540 c 24
 185 520 202 497 201 462 c 24
 200 438 177 419 153 423 c 24
 124 428 120 456 102 480 c 24
 76 516 65 539 42 576 c 25
177 186 m 25
 177 690 l 25
 220 670 256 674 288 639 c 24
 302 624 275 610 267 591 c 25
 267 174 l 25
 255 126 256 97 237 51 c 24
 211 -14 195 -52 153 -108 c 24
 133 -135 109 -137 81 -156 c 25
 100 -105 112 -76 129 -24 c 24
 144 21 151 47 162 93 c 24
 170 129 171 150 177 186 c 25
504 621 m 25
 504 786 l 25
 547 766 583 770 615 735 c 24
 629 720 602 706 594 687 c 25
 594 621 l 25
 504 621 l 25
EndSplineSet
EndChar
