Width: 1000
Flags: H
TeX: 117 0
LayerCount: 2
Fore
SplineSet
687 13 m 1
 882 13 l 1
 882 -37 l 1
 687 -37 l 1
 687 13 l 1
666 489 m 25
 828 489 l 25
 844 502 850 527 870 522 c 24
 905 512 922 491 939 459 c 24
 946 446 926 441 918 429 c 25
 918 -9 l 17
 910 -38 904 -60 873 -63 c 1
 849 -61 838 -37 828 -9 c 9
 828 439 l 25
 666 439 l 25
 666 489 l 25
648 513 m 25
 691 493 727 497 759 462 c 24
 773 447 746 433 738 414 c 25
 738 -90 l 17
 730 -119 724 -141 693 -144 c 1
 669 -142 658 -118 648 -90 c 9
 648 513 l 25
480 153 m 25
 511.59 133.11 533.133 126.838 561 102 c 24
 587.735 78.1699 611.99 65.3066 618 30 c 24
 623.005 0.59375 610.733 -23.915 585 -39 c 24
 565.849 -50.2266 545.447 -37.8545 531 -21 c 24
 513.637 -0.743164 522.615 20.1133 513 45 c 24
 502.628 71.8447 492.87 85.2598 480 111 c 25
 480 153 l 25
402 123 m 25
 402 462 l 25
 492 462 l 25
 492 84 l 25
 465.09 34.8604 457.775 1.92676 423 -42 c 24
 390.07 -83.5947 367.918 -107.237 321 -132 c 24
 280.818 -153.207 251.46 -146.64 207 -156 c 25
 243.27 -126.75 268.597 -115.423 300 -81 c 24
 330.182 -47.916 342.973 -25.0547 363 15 c 24
 383.027 55.0547 386.79 80.8799 402 123 c 25
276 294 m 25
 528 294 l 25
 528 294 551 330 576 339 c 1
 602 335 590 306 621 273 c 1
 629 255 612 244 594 244 c 9
 276 244 l 25
 276 294 l 25
363 483 m 25
 531 483 l 25
 531 483 554 519 579 528 c 1
 605 524 593 495 624 462 c 1
 632 444 615 433 597 433 c 9
 363 433 l 25
 363 483 l 25
366 639 m 25
 403.44 614.43 433.643 610.659 462 576 c 24
 471.632 564.229 454.084 553.46 447 540 c 24
 430.644 508.922 421.963 490.894 402 462 c 24
 377.384 426.371 365.55 403.564 333 375 c 24
 307.031 352.211 285.42 349.38 255 333 c 25
 271.38 363.42 284.029 378.978 297 411 c 24
 321.587 471.698 332.03 507.318 351 570 c 24
 358.977 596.358 360.15 612.09 366 639 c 25
486 660 m 25
 486 800 l 25
 529.29 780.11 564.953 784.251 597 749 c 24
 610.745 733.881 584.19 719.72 576 701 c 25
 576 660 l 25
 486 660 l 25
207 693 m 25
 771 693 l 25
 800 721 809 753 834 762 c 1
 860 758 902 705 933 672 c 1
 941 654 924 643 906 643 c 9
 207 643 l 25
 207 693 l 25
0 234 m 25
 44.46 243.36 69.957 246.843 114 258 c 24
 157.779 269.091 181.71 278.13 225 291 c 17
 210 240 l 1
 190.421 218.002 129.314 184.797 102 159 c 8
 89.4414 147.139 76.918 127.767 63 138 c 24
 26.9209 164.528 24.5703 196.56 0 234 c 25
33 573 m 25
 76.29 546.09 110.886 542.751 144 504 c 24
 169.483 474.18 184.234 445.867 174 408 c 24
 167.707 384.715 134.683 380.59 114 393 c 24
 88.8379 408.097 96.042 435.241 84 462 c 24
 64.4502 505.444 52.8896 529.71 33 573 c 25
174 69 m 25
 174 720 l 25
 217.29 700.11 252.953 704.251 285 669 c 24
 298.745 653.881 272.19 639.72 264 621 c 25
 264 63 l 17
 252 -9 239.956 -17.0195 210 -60 c 24
 184.888 -96.0303 165.056 -114.914 126 -135 c 24
 80.8262 -158.232 49.1396 -155.13 0 -168 c 25
 32.7598 -143.43 55.8672 -134.756 84 -105 c 24
 117.452 -69.6182 133.63 -46.249 156 -3 c 24
 169.298 22.709 166.98 40.9199 174 69 c 25
EndSplineSet
EndChar
