Width: 1000
Flags: H
TeX: 117 0
LayerCount: 2
Fore
SplineSet
660 147 m 9
 660 468 l 25
 703 448 739 452 771 417 c 24
 785 402 758 388 750 369 c 25
 750 147 l 17
 660 147 l 9
285 156 m 9
 285 468 l 25
 328 448 364 452 396 417 c 24
 410 402 383 388 375 369 c 25
 375 156 l 17
 285 156 l 9
72 342 m 25
 798 342 l 25
 827 370 836 402 861 411 c 1
 887 407 929 354 960 321 c 1
 968 303 951 292 933 292 c 9
 72 292 l 25
 72 342 l 25
111 183 m 25
 783 183 l 25
 812 211 821 243 846 252 c 1
 872 248 914 195 945 162 c 1
 953 144 936 133 918 133 c 9
 111 133 l 25
 111 183 l 25
177 42 m 25
 708 42 l 25
 737 70 746 102 771 111 c 1
 797 107 839 54 870 21 c 1
 878 3 861 -8 843 -8 c 9
 177 -8 l 25
 177 42 l 25
546 729 m 25
 546 -132 l 17
 538 -161 532 -183 501 -186 c 1
 477 -184 466 -160 456 -132 c 9
 456 729 l 25
 546 729 l 25
222 511 m 1
 813 511 l 1
 813 461 l 1
 222 461 l 1
 222 511 l 1
231 626 m 1
 813 626 l 1
 813 576 l 1
 231 576 l 1
 231 626 l 1
240 741 m 25
 744 741 l 25
 760 754 766 779 786 774 c 24
 821 764 838 743 855 711 c 24
 862 698 842 693 834 681 c 25
 834 486 l 17
 826 457 820 435 789 432 c 1
 765 434 754 458 744 486 c 9
 744 691 l 25
 240 691 l 25
 240 741 l 25
192 771 m 25
 235 751 271 755 303 720 c 24
 317 705 290 691 282 672 c 25
 282 465 l 17
 274 436 268 414 237 411 c 1
 213 413 202 437 192 465 c 9
 192 771 l 25
EndSplineSet
EndChar
