Width: 1000
Flags: HW
LayerCount: 2
Fore
SplineSet
435 216 m 25
 467.76 203.13 492.049 205.639 519 183 c 24
 528.354 175.144 513.51 164.7 510 153 c 25
 459 36 l 25
 393 36 l 25
 435 216 l 25
543 501 m 1
 633 501 l 1
 633 216 l 1
 543 216 l 1
 543 501 l 1
656 226 m 25
 656 -101 l 17
 648 -130 642 -152 611 -155 c 1
 587 -153 576 -129 566 -101 c 9
 566 226 l 25
 656 226 l 25
247 61 m 25
 797 61 l 25
 826 89 835 121 860 130 c 1
 886 126 928 73 959 40 c 1
 967 22 950 11 932 11 c 9
 247 11 l 25
 247 61 l 25
363 252 m 25
 803 252 l 25
 803 202 l 25
 363 202 l 25
 363 252 l 25
355 385 m 25
 808 385 l 25
 808 335 l 25
 355 335 l 25
 355 385 l 25
358 523 m 25
 738 523 l 25
 754.38 535.87 759.891 561.435 780 556 c 24
 815.178 546.492 832.287 525.381 849 493 c 24
 855.55 480.309 836.19 474.7 828 463 c 25
 828 233 l 17
 820 204 814 182 783 179 c 1
 759 181 748 205 738 233 c 9
 738 473 l 25
 358 473 l 25
 358 523 l 25
340 553 m 25
 383.29 533.11 418.953 537.251 451 502 c 24
 464.745 486.881 438.19 472.72 430 454 c 25
 430 243 l 17
 422 214 416 192 385 189 c 1
 361 191 350 215 340 243 c 9
 340 553 l 25
482 639 m 25
 525.68 624.96 554.769 626.789 594 603 c 24
 603.224 597.407 582.101 590.896 576 582 c 24
 553.976 549.881 543.06 530.76 522 498 c 25
 469 498 l 25
 482 639 l 25
234 270 m 25
 234 216 l 25
 194 186 172 169 132 138 c 24
 120 129 113 104 102 114 c 24
 70 142 71 173 51 210 c 25
 234 270 l 25
57 543 m 25
 87 522 108 514 135 489 c 24
 164 462 189 449 198 411 c 24
 204 386 192 362 168 351 c 24
 149 342 130 355 117 372 c 24
 99 395 106 416 96 444 c 24
 82 483 72 504 57 543 c 25
498 642 m 25
 498 792 l 25
 541.29 772.11 576.953 776.251 609 741 c 24
 622.745 725.881 596.19 711.72 588 693 c 25
 588 642 l 25
 498 642 l 25
207 672 m 25
 777 672 l 25
 806 700 815 732 840 741 c 1
 866 737 908 684 939 651 c 1
 947 633 930 622 912 622 c 9
 207 622 l 25
 207 672 l 25
183 111 m 25
 183 702 l 25
 226.29 682.11 261.953 686.251 294 651 c 24
 307.745 635.881 281.19 621.72 273 603 c 25
 273 75 l 25
 257.79 29.3701 256.344 0.593539 234 -42 c 24
 218.2 -72.1182 205.215 -89.0094 177 -108 c 24
 142.574 -131.172 116.61 -131.79 78 -147 c 25
 101.4 -114.24 119.768 -98.8935 138 -63 c 24
 157.604 -24.4033 163.161 0.088919 174 42 c 24
 180.795 68.2734 179.49 84.0898 183 111 c 25
EndSplineSet
EndChar
