Width: 1000
Flags: HW
TeX: 117 0
LayerCount: 2
Fore
SplineSet
537 -57 m 1
 795 -57 l 1
 795 -107 l 1
 537 -107 l 1
 537 -57 l 1
534 216 m 25
 753 216 l 25
 769 229 775 254 795 249 c 24
 830 239 847 218 864 186 c 24
 871 173 851 167 843 156 c 25
 843 -87 l 17
 835 -116 829 -138 798 -141 c 1
 774 -139 763 -115 753 -87 c 9
 753 165 l 25
 534 165 l 25
 534 216 l 25
510 232 m 25
 553 212 589 216 621 181 c 24
 635 166 608 152 600 133 c 25
 600 -88 l 17
 592 -117 586 -139 555 -142 c 1
 531 -140 520 -116 510 -88 c 9
 510 232 l 25
555 592 m 25
 595 542 612 508 657 462 c 24
 718 400 754 367 825 318 c 24
 881 279 920 269 981 237 c 25
 959 218 946 208 924 189 c 24
 910 176 907 152 888 156 c 24
 847 165 831 190 798 216 c 24
 758 248 736 267 702 306 c 24
 651 364 628 400 582 462 c 24
 560 492 549 510 528 540 c 25
 555 592 l 25
558 670 m 25
 750 670 l 25
 770 682 779 709 801 702 c 24
 836 691 849 666 864 633 c 24
 869 623 851 620 843 612 c 25
 814 546 804 506 768 444 c 24
 724 367 699 321 639 255 c 24
 595 207 561 187 504 156 c 24
 466 135 440 136 399 123 c 25
 458 184 494 215 549 279 c 24
 600 339 630 373 669 441 c 24
 706 506 726 552 744 619 c 9
 558 619 l 25
 558 670 l 25
546 756 m 25
 583 741 611 743 642 717 c 24
 652 709 635 699 630 687 c 25
 609 630 601 596 576 540 c 24
 556 496 544 470 513 432 c 24
 487 400 464 391 432 365 c 25
 466 474 487 535 519 645 c 24
 531 688 535 713 546 756 c 25
201 630 m 1
 291 630 l 1
 291 75 l 1
 201 75 l 1
 201 630 l 1
69 113 m 1
 381 113 l 1
 381 63 l 1
 69 63 l 1
 69 113 l 1
81 382 m 1
 396 382 l 1
 396 332 l 1
 81 332 l 1
 81 382 l 1
96 667 m 25
 351 667 l 25
 367 680 373 705 393 700 c 24
 428 690 445 669 462 637 c 24
 469 624 449 619 441 607 c 25
 441 83 l 17
 433 54 427 32 396 29 c 1
 372 31 361 55 351 83 c 9
 351 616 l 25
 96 616 l 25
 96 667 l 25
48 699 m 25
 91 679 127 683 159 648 c 24
 173 633 146 619 138 600 c 25
 138 39 l 17
 130 10 124 -12 93 -15 c 1
 69 -13 58 11 48 39 c 9
 48 699 l 25
EndSplineSet
EndChar
