Width: 1000
Flags: HW
TeX: 117 0
LayerCount: 2
Fore
SplineSet
102 153 m 24
 72 188 73 219 55 261 c 25
 85 266 103 266 133 273 c 24
 186 285 215 295 268 309 c 25
 216 254 190 220 135 168 c 24
 125 158 111 142 102 153 c 24
487 285 m 25
 541 285 l 25
 572 232 584 199 621 150 c 24
 655 105 676 80 721 45 c 24
 760 14 787 3 834 -15 c 24
 878 -32 906 -31 952 -42 c 25
 922 -64 904 -76 874 -99 c 24
 856 -113 852 -140 829 -138 c 24
 789 -134 768 -115 739 -87 c 24
 661 -10 621 38 559 129 c 24
 521 184 515 224 487 285 c 25
580 291 m 25
 580 627 l 25
 623 607 659 611 691 576 c 24
 705 561 678 547 670 528 c 25
 670 291 l 25
 580 291 l 25
760 259 m 25
 382 259 l 25
 382 309 l 25
 754 309 l 25
 770 320 778 344 796 336 c 24
 834 319 850 295 868 258 c 24
 873 247 851 247 844 237 c 24
 803 182 790 144 745 93 c 24
 689 31 653 2 586 -51 c 0
 544 -84 512 -93 463 -114 c 24
 431 -128 413 -134 379 -141 c 24
 341 -149 319 -148 280 -153 c 25
 320 -133 344 -125 382 -102 c 24
 457 -57 503 -35 571 21 c 24
 630 70 656 105 703 165 c 24
 730 199 738 222 760 259 c 25
829 448 m 25
 378 448 l 25
 378 498 l 25
 838 498 l 25
 852 509 859 534 874 525 c 24
 913 502 928 476 946 435 c 24
 951 424 931 424 921 417 c 25
 796 339 l 25
 829 448 l 25
349 123 m 9
 349 525 l 25
 392 505 428 509 460 474 c 24
 474 459 447 445 439 426 c 25
 439 111 l 17
 429 57 415 28 385 -18 c 24
 360 -56 337 -71 301 -99 c 24
 273 -121 253 -126 223 -144 c 25
 245 -114 261 -99 280 -66 c 24
 304 -25 317 -0 333 45 c 24
 344 74 348 78 349 123 c 9
75 606 m 25
 109 590 133 587 162 564 c 24
 186 545 199 530 207 501 c 24
 214 475 215 451 196 432 c 24
 181 417 157 420 141 435 c 24
 115 460 118 486 105 519 c 24
 92 552 87 572 75 606 c 25
475 648 m 25
 475 798 l 25
 518 778 554 782 586 747 c 24
 600 732 573 718 565 699 c 25
 565 648 l 25
 475 648 l 25
232 659 m 25
 763 659 l 25
 792 687 801 719 826 728 c 1
 852 724 894 671 925 638 c 1
 933 620 916 609 898 609 c 9
 232 609 l 25
 232 659 l 25
199 168 m 9
 199 701 l 25
 242 681 278 685 310 650 c 24
 324 635 297 621 289 602 c 25
 289 159 l 17
 273 90 258 47 223 -18 c 24
 199 -63 178 -86 139 -120 c 24
 110 -146 86 -149 52 -168 c 25
 71 -142 85 -130 100 -102 c 24
 130 -47 146 -14 168 45 c 24
 185 91 198 108 199 168 c 9
EndSplineSet
EndChar
