Width: 1000
Flags: H
TeX: 117 0
LayerCount: 2
Fore
SplineSet
72 -66 m 25
 807 -66 l 25
 836 -38 845 -6 870 3 c 1
 896 -1 938 -54 969 -87 c 1
 977 -105 960 -116 942 -116 c 9
 72 -116 l 25
 72 -66 l 25
195 231 m 25
 684 231 l 25
 713 259 722 291 747 300 c 1
 773 296 815 243 846 210 c 1
 854 192 837 181 819 181 c 9
 195 181 l 25
 195 231 l 25
467 -96 m 25
 467 765 l 25
 467 765 546 749 578 714 c 24
 592 699 565 685 557 666 c 25
 557 -96 l 25
 467 -96 l 25
231 501 m 25
 720 501 l 25
 749 529 758 561 783 570 c 1
 809 566 851 513 882 480 c 1
 890 462 873 451 855 451 c 9
 231 451 l 25
 231 501 l 25
225 669 m 25
 225 669 302 650 339 618 c 24
 350 608 327 598 321 585 c 24
 296 528 288 493 261 438 c 24
 230 375 215 337 171 282 c 24
 137 240 129 231 66 192 c 9
 98 261 120 298 147 369 c 24
 173 436 183 476 201 546 c 24
 213 593 225 669 225 669 c 25
EndSplineSet
EndChar
