Width: 1000
Flags: HW
LayerCount: 2
Fore
SplineSet
455 659 m 25
 545 659 l 25
 545 85 l 25
 455 85 l 25
 455 659 l 25
285 117 m 25
 714 117 l 25
 714 67 l 25
 285 67 l 25
 285 117 l 25
285 331 m 25
 711 331 l 25
 711 281 l 25
 285 281 l 25
 285 331 l 25
276 516 m 25
 654 516 l 25
 670.38 528.87 675.891 554.435 696 549 c 24
 731.178 539.492 748.287 518.381 765 486 c 24
 771.55 473.309 752.19 467.7 744 456 c 25
 744 97 l 17
 736 68 730 43 699 43 c 1
 675 43 664 69 654 97 c 9
 654 466 l 25
 276 466 l 25
 276 516 l 25
259 545 m 25
 259 545 337.953 529.251 370 494 c 24
 383.745 478.881 357.19 464.72 349 446 c 25
 349 85 l 17
 341 56 335 31 304 31 c 1
 280 31 269 57 259 85 c 9
 259 545 l 25
829 411 m 25
 829 411 908 395 940 360 c 24
 954 345 927 331 919 312 c 25
 919 -96 l 17
 911 -125 905 -150 874 -150 c 1
 850 -150 839 -124 829 -96 c 9
 829 411 l 25
123 -61 m 25
 873 -61 l 25
 873 -111 l 25
 123 -111 l 25
 123 -61 l 25
75 402 m 25
 75 402 154 386 186 351 c 24
 200 336 173 322 165 303 c 25
 165 -90 l 17
 157 -119 151 -144 120 -144 c 1
 96 -144 85 -118 75 -90 c 9
 75 402 l 25
69 687 m 25
 774 687 l 25
 774 687 812 747 837 756 c 1
 863 752 905 699 936 666 c 1
 944 648 927 637 909 637 c 9
 69 637 l 25
 69 687 l 25
EndSplineSet
EndChar
