Width: 1000
Flags: H
TeX: 117 0
LayerCount: 2
Fore
SplineSet
228 172 m 25
 768 172 l 25
 768 122 l 25
 228 122 l 25
 228 172 l 25
219 341 m 25
 753 341 l 25
 753 291 l 25
 219 291 l 25
 219 341 l 25
711 -57 m 25
 711 450 l 25
 207 450 l 25
 207 500 l 25
 711 500 l 25
 727 513 733 538 753 533 c 24
 788 523 805 502 822 470 c 24
 829 457 809 452 801 440 c 25
 801 -72 l 18
 801 -120 771 -132 735 -144 c 24
 715 -151 711 -120 693 -108 c 24
 658 -86 636 -77 600 -57 c 25
 711 -57 l 25
183 525 m 25
 183 525 262 509 294 474 c 24
 308 459 281 445 273 426 c 25
 273 -99 l 17
 265 -128 259 -150 228 -153 c 1
 204 -151 193 -127 183 -99 c 9
 183 525 l 25
606 776 m 17
 653 760 677 744 708 708 c 24
 725 688 728 668 723 642 c 24
 720 625 709 610 691 610 c 24
 671 610 662 625 651 642 c 24
 639 662 643 677 636 699 c 24
 626 730 618 746 606 776 c 17
453 777 m 25
 453 777 532 761 564 726 c 24
 578 711 551 697 543 678 c 25
 543 -63 l 17
 535 -92 529 -114 498 -117 c 1
 474 -115 463 -91 453 -63 c 9
 453 777 l 25
120 633 m 25
 747 633 l 25
 776 661 785 693 810 702 c 1
 836 698 878 645 909 612 c 1
 917 594 900 583 882 583 c 9
 120 583 l 25
 120 633 l 25
EndSplineSet
EndChar
