Width: 1000
Flags: H
TeX: 117 0
LayerCount: 2
Fore
SplineSet
441 474 m 9
 366 474 l 17
 394 510 410 540 434 585 c 24
 449 614 458 638 465 663 c 9
 597 663 l 17
 571 628 556 608 530 572 c 0
 500 530 477 503 441 474 c 9
642 471 m 25
 642 84 l 2
 642 63 655 -21 649 -54 c 0
 641 -96 606 -108 586 -108 c 0
 566 -108 548 -101 547 -79 c 0
 546 -59 552 33 552 69 c 2
 552 471 l 25
 642 471 l 25
435 471 m 25
 435 87 l 2
 435 66 444 -18 438 -51 c 0
 430 -93 395 -105 375 -105 c 0
 355 -105 337 -98 336 -76 c 0
 335 -56 345 36 345 72 c 2
 345 471 l 25
 435 471 l 25
804 38 m 10
 804 448 l 25
 150 448 l 25
 150 498 l 25
 804 498 l 25
 820 511 826 536 846 531 c 24
 881 521 898 500 915 468 c 24
 922 455 902 450 894 438 c 25
 894 24 l 18
 894 -3 900 -84 891 -106 c 0
 878 -138 848 -154 810 -160 c 0
 769 -166 782 -118 761 -94 c 24
 736 -65 720 -52 693 -25 c 17
 765 -25 l 2
 790 -25 804 -3 804 38 c 10
105 522 m 25
 148 502 184 506 216 471 c 24
 230 456 203 442 195 423 c 25
 195 33 l 2
 195 12 204 -72 198 -105 c 0
 190 -147 155 -159 135 -159 c 0
 115 -159 97 -152 96 -130 c 0
 95 -110 105 -18 105 18 c 2
 105 522 l 25
45 693 m 25
 783 693 l 25
 812 721 821 753 846 762 c 1
 872 758 914 705 945 672 c 1
 953 654 936 643 918 643 c 9
 45 643 l 25
 45 693 l 25
EndSplineSet
EndChar
