Width: 1000
Flags: H
TeX: 117 0
LayerCount: 2
Fore
SplineSet
47.9307 2.63086 m 25
 779.599 24.6699 l 25
 779.599 24.6699 815.774 85.7861 840.492 95.5352 c 1
 866.602 92.3193 910.178 40.6084 942.157 8.55664 c 1
 950.695 -9.19434 934.034 -20.7012 916.043 -21.2432 c 9
 49.4355 -47.3457 l 25
 47.9307 2.63086 l 25
426 -123 m 9
 426 162 l 25
 516 162 l 25
 516 -51 l 17
 525 -75 529.322 -75.438 555 -84 c 9
 747 -84 l 25
 755.19 -72.2998 761.256 -66.5889 768 -54 c 24
 778.883 -33.6855 782.64 -21.0596 792 0 c 25
 800.19 -33.9297 799.162 -54.955 813 -87 c 24
 821.91 -107.634 852.418 -109.786 849 -132 c 24
 845.546 -154.453 819.72 -152.13 801 -165 c 25
 498 -165 l 17
 456 -165 439.185 -154.513 426 -123 c 9
165.046 100.201 m 25
 617.841 113.84 l 25
 645.984 142.7 654.017 174.957 678.734 184.705 c 1
 704.843 181.49 748.42 129.778 780.399 97.7266 c 1
 788.938 79.9756 772.276 68.4688 754.285 67.9268 c 9
 166.551 50.2246 l 25
 165.046 100.201 l 25
822 192 m 24
 823.98 180.118 806.971 178.339 795 177 c 24
 638.668 159.509 549.966 154.358 393 144 c 24
 319.413 139.144 277.714 135.789 204 138 c 24
 160.336 139.31 136.29 147.15 93 153 c 25
 151.5 162.36 184.297 169.013 243 177 c 24
 356.312 192.416 420.601 198.243 534 213 c 24
 591.428 220.474 624.435 221.583 681 234 c 24
 720.752 242.726 741.39 254.13 780 267 c 25
 796.38 237.75 816.489 225.068 822 192 c 24
354 345 m 25
 351 387 l 25
 669 486 l 25
 691.23 456.75 716.78 446.562 726 411 c 24
 729.572 397.222 704.015 407.486 690 405 c 24
 558.934 381.746 485.04 368.4 354 345 c 25
315 306 m 9
 315 474 l 25
 358.29 454.11 393.953 458.251 426 423 c 24
 439.745 407.881 413.19 393.72 405 375 c 25
 405 357 l 17
 411 336 423.169 346.506 450 337 c 9
 774 337 l 25
 784.53 348.31 793.664 352.399 801 366 c 24
 812.769 387.82 813.81 402.6 822 426 c 25
 831.36 393.24 832.844 373.429 846 342 c 24
 854.145 322.543 878.329 317.964 876 297 c 24
 873.714 276.427 861 273 837 261 c 9
 375 261 l 17
 336 258 325.312 275.423 315 306 c 9
777 759 m 25
 809.76 735.6 838.144 732.142 861 699 c 24
 868.999 687.402 846.36 682.53 837 672 c 25
 783.18 629.88 756.505 600.93 699 564 c 24
 628.522 518.739 584.917 499.458 510 462 c 24
 425.728 419.863 378.866 394.013 291 360 c 24
 233.295 337.663 198.494 331.009 138 318 c 24
 89.4707 307.563 61.1396 307.02 12 300 c 25
 78.6904 328.08 117.248 341.79 183 372 c 24
 290.463 421.375 352.057 447.592 456 504 c 24
 544.186 551.856 593.007 581.173 675 639 c 24
 704.748 659.98 717.424 677.264 741 705 c 24
 757.393 724.285 762.96 737.94 777 759 c 25
30 552 m 25
 789 552 l 25
 818 580 827 612 852 621 c 1
 878 617 920 564 951 531 c 1
 959 513 942 502 924 502 c 9
 30 502 l 25
 30 552 l 25
432 525 m 25
 432 795 l 25
 475 775 511 779 543 744 c 24
 557 729 530 715 522 696 c 25
 522 525 l 25
 432 525 l 25
108 666 m 25
 567 666 l 25
 596 694 605 726 630 735 c 1
 656 731 698 678 729 645 c 1
 737 627 720 616 702 616 c 9
 108 616 l 25
 108 666 l 25
EndSplineSet
EndChar
