Width: 1000
Flags: HW
LayerCount: 2
Fore
SplineSet
606 381 m 25
 813 381 l 25
 827.04 398.55 826.723 428.97 849 426 c 24
 879.354 421.953 891.627 397.432 903 369 c 24
 910.166 351.084 895.68 339.72 891 321 c 25
 891 0 l 25
 867.6 -36.2695 856.975 -61.007 828 -93 c 24
 800.033 -123.881 783.955 -147.195 744 -159 c 24
 723.402 -165.086 710.094 -148.208 696 -132 c 24
 684.821 -119.145 696.046 -102.046 684 -90 c 24
 663.268 -69.2676 643.74 -68.04 618 -54 c 25
 744 -54 l 25
 761.55 -36.4502 774.687 -29.2763 789 -9 c 24
 803.186 11.0957 808.47 25.7695 819 48 c 25
 819 333 l 25
 606 333 l 25
 606 381 l 25
651 279 m 25
 645.15 225.18 648.997 193.554 636 141 c 24
 621.863 83.8369 609.642 51.9934 582 0 c 24
 560.031 -41.3232 544.061 -63.9044 510 -96 c 24
 482.107 -122.283 462.08 -134.076 426 -147 c 24
 382.356 -162.634 354.63 -159.81 309 -168 c 25
 380.37 -108.33 432.586 -86.5831 492 -15 c 24
 532.136 33.3564 538.77 72.1719 558 132 c 24
 570.658 171.382 568.303 195.901 573 237 c 24
 577.667 277.834 582 301.05 582 342 c 25
 582 789 l 25
 619.44 776.13 649.391 783.365 678 756 c 24
 690.017 744.506 661.53 735.87 651 723 c 25
 651 279 l 25
390 624 m 25
 789 624 l 25
 818 652 827 684 852 693 c 1
 878 689 920 636 951 603 c 1
 959 585 942 574 924 574 c 9
 390 574 l 25
 390 624 l 25
165 506 m 1
 357 506 l 1
 357 456 l 1
 165 456 l 1
 165 506 l 1
165 286 m 1
 354 286 l 1
 354 236 l 1
 165 236 l 1
 165 286 l 1
159 726 m 25
 324 726 l 25
 339.21 741.21 341.541 765 363 765 c 24
 388.6 765 401.189 743.71 411 720 c 24
 417.514 704.259 403.68 694.38 399 678 c 25
 399 -48 l 17
 390 -81 369.668 -124.085 327 -135 c 24
 297.334 -142.589 292.725 -101.525 270 -81 c 24
 256.438 -68.75 248.04 -62.7002 234 -51 c 25
 321 -51 l 25
 321 690 l 25
 165 690 l 25
 159 726 l 25
129 750 m 25
 166.44 740.64 196.552 752.078 225 726 c 24
 238.907 713.252 210.36 700.38 201 684 c 25
 201 132 l 17
 189 78 178.089 25.3994 147 -36 c 24
 130.179 -69.2227 111.029 -82.9785 81 -105 c 24
 57.3369 -122.353 38.9102 -123.3 12 -135 c 25
 37.7402 -89.3701 52.0078 -63.4863 78 -18 c 0
 114 45 129 102 129 165 c 9
 129 750 l 25
EndSplineSet
EndChar
