Width: 1000
Flags: H
TeX: 117 0
LayerCount: 2
Fore
SplineSet
840 192 m 24
 845 177 816 184 801 180 c 24
 717 157 670 143 585 123 c 24
 516 107 477 101 408 87 c 25
 408 135 l 25
 510 171 569 187 669 228 c 24
 710 245 729 261 768 282 c 25
 796 247 826 235 840 192 c 24
864 -138 m 9
 417 -138 l 17
 389 -133 365 -115 360 -90 c 9
 360 327 l 25
 403 307 439 311 471 276 c 24
 485 261 458 247 450 228 c 25
 450 -22 l 17
 450 -43 470 -57 486 -58 c 9
 771 -58 l 25
 786 -35 797 -24 810 0 c 24
 828 34 834 55 849 90 c 25
 854 39 848 8 861 -42 c 24
 868 -70 906 -90 900 -105 c 0
 893 -123 885 -132 864 -138 c 9
795 726 m 25
 795 726 861 693 882 654 c 24
 890 639 861 636 849 624 c 24
 765 540 722 490 636 408 c 24
 572 347 533 315 465 258 c 24
 399 203 364 170 294 120 c 24
 231 75 196 47 126 15 c 24
 80 -6 57 -12 0 -15 c 9
 74 38 118 64 189 120 c 24
 289 198 345 242 438 327 c 24
 517 400 558 445 630 525 c 24
 698 601 795 726 795 726 c 25
405 396 m 25
 405 777 l 25
 448 757 484 761 516 726 c 24
 530 711 503 697 495 678 c 25
 495 396 l 25
 405 396 l 25
48 413 m 25
 838 413 l 25
 867 441 876 473 901 482 c 1
 927 478 969 425 1000 392 c 1
 1008 374 991 363 973 363 c 9
 48 363 l 25
 48 413 l 25
180 609 m 25
 564 609 l 25
 564 609 586 640 610 649 c 1
 629 642 653 614 672 588 c 1
 680 570 664 559 646 559 c 9
 180 559 l 25
 180 609 l 25
EndSplineSet
EndChar
