Width: 1000
Flags: HW
TeX: 117 0
LayerCount: 2
Fore
SplineSet
165 241 m 1
 846 241 l 1
 846 191 l 1
 165 191 l 1
 165 241 l 1
798 474 m 25
 841 454 877 458 909 423 c 24
 923 408 896 394 888 375 c 25
 888 -102 l 17
 880 -131 874 -153 843 -156 c 1
 819 -154 808 -130 798 -102 c 9
 798 474 l 25
654 99 m 1
 867 99 l 1
 867 49 l 1
 654 49 l 1
 654 99 l 1
174 129 m 25
 291 129 l 25
 307 142 313 167 333 162 c 24
 368 152 385 131 402 99 c 24
 409 86 389 81 381 69 c 25
 381 -102 l 17
 373 -131 367 -153 336 -156 c 1
 312 -154 301 -130 291 -102 c 9
 291 79 l 25
 174 79 l 25
 174 129 l 25
624 132 m 25
 667 112 703 116 735 81 c 24
 749 66 722 52 714 33 c 25
 714 -90 l 17
 706 -119 700 -141 669 -144 c 1
 645 -142 634 -118 624 -90 c 9
 624 132 l 25
633 353 m 1
 831 353 l 1
 831 303 l 1
 633 303 l 1
 633 353 l 1
609 468 m 25
 652 448 688 452 720 417 c 24
 734 402 707 388 699 369 c 25
 699 327 l 17
 691 298 685 276 654 273 c 1
 630 275 619 299 609 327 c 9
 609 468 l 25
159 358 m 1
 318 358 l 1
 318 308 l 1
 159 308 l 1
 159 358 l 1
285 480 m 25
 328.29 460.11 363.953 464.251 396 429 c 24
 409.745 413.881 383.19 399.72 375 381 c 25
 375 339 l 17
 367 310 361 288 330 285 c 1
 306 287 295 311 285 339 c 9
 285 480 l 25
123 51 m 25
 123 480 l 25
 166 460 202 464 234 429 c 24
 248 414 221 400 213 381 c 25
 213 48 l 25
 201 18 202 -3 186 -30 c 24
 158 -76 138 -101 99 -138 c 24
 78 -158 59 -160 33 -174 c 25
 58 -138 80 -122 96 -81 c 24
 116 -32 112 0 123 51 c 25
213 520 m 1
 750 520 l 1
 750 470 l 1
 213 470 l 1
 213 520 l 1
75 618 m 25
 810 618 l 25
 839 646 848 678 873 687 c 1
 899 683 941 630 972 597 c 1
 980 579 963 568 945 568 c 9
 75 568 l 25
 75 618 l 25
450 798 m 25
 493 778 529 782 561 747 c 24
 575 732 548 718 540 699 c 25
 540 -144 l 17
 532 -173 526 -195 495 -198 c 1
 471 -196 460 -172 450 -144 c 9
 450 798 l 25
165 726 m 25
 690 726 l 25
 706 739 712 764 732 759 c 24
 767 749 784 728 801 696 c 24
 808 683 788 678 780 666 c 25
 780 501 l 17
 772 472 766 450 735 447 c 1
 711 449 700 473 690 501 c 9
 690 676 l 25
 165 676 l 25
 165 726 l 25
EndSplineSet
EndChar
