Width: 1000
Flags: H
TeX: 117 0
LayerCount: 2
Fore
SplineSet
162 268 m 1
 393 268 l 1
 393 218 l 1
 162 218 l 1
 162 268 l 1
183 481 m 1
 399 481 l 1
 399 431 l 1
 183 431 l 1
 183 481 l 1
819 99 m 25
 861.12 67.4102 891.123 56.5342 927 18 c 24
 955.579 -12.6963 981 -33.0701 981 -75 c 24
 981 -100.76 955.672 -117 930 -117 c 24
 901.138 -117 889.733 -91.5049 876 -66 c 24
 863.684 -43.127 875.482 -24.5545 867 0 c 24
 852.989 40.5566 837.72 60.3896 819 99 c 25
567 -105 m 24
 552.067 -107.891 541.558 -130.949 531 -120 c 24
 501.561 -89.4707 503.55 -59.6104 486 -21 c 25
 897 0 l 25
 903 -48 l 25
 771.96 -70.2305 697.49 -79.7438 567 -105 c 24
729 246 m 24
 748.301 311.623 752.79 350.31 768 417 c 25
 808.95 393.6 843.259 393.605 873 357 c 24
 884.066 343.379 853.034 337.078 846 321 c 24
 820.037 261.657 812.701 225.282 789 165 c 24
 758.868 88.3604 739.59 46.0498 708 -30 c 25
 633 -42 l 25
 670.44 70.3203 695.593 132.415 729 246 c 24
468 531 m 25
 891 531 l 25
 891 531 914 567 939 576 c 1
 965 572 953 543 984 510 c 1
 992 492 975 481 957 481 c 9
 468 481 l 25
 468 531 l 25
678 756 m 25
 718.95 740.79 750.53 746.223 783 717 c 24
 795.929 705.364 773.635 691.455 768 675 c 24
 744.385 606.043 732.588 566.616 708 498 c 24
 682.271 426.196 672.25 383.645 639 315 c 24
 599.46 233.369 574.179 188.192 522 114 c 24
 498.675 80.834 476.25 70.0801 447 42 c 25
 469.23 93.4805 482.921 122.038 504 174 c 24
 533.24 246.08 551.402 286.206 576 360 c 24
 600.598 433.794 610.598 476.674 630 552 c 24
 650.387 631.149 659.28 676.44 678 756 c 25
330 -63 m 25
 330 673 l 25
 177 673 l 25
 177 723 l 25
 330 723 l 25
 346.38 735.87 351.89 761.435 372 756 c 24
 407.178 746.492 424.287 725.381 441 693 c 24
 447.55 680.309 428.19 674.7 420 663 c 25
 420 -87 l 17
 408 -117 405.434 -146.343 375 -153 c 24
 349.087 -158.669 345.025 -124.173 324 -108 c 24
 299.307 -89.0049 283.74 -80.5498 258 -63 c 25
 330 -63 l 25
144 102 m 25
 144 753 l 25
 187.29 733.11 222.953 737.251 255 702 c 24
 268.745 686.881 242.19 672.72 234 654 c 25
 234 99 l 25
 217.62 55.71 216.676 27.1592 192 -12 c 24
 161.956 -59.6787 138.078 -82.5124 96 -120 c 24
 72.9199 -140.562 53.9102 -143.79 27 -159 c 25
 51.5703 -119.22 67.6107 -98.0471 90 -57 c 24
 109.8 -20.7002 121.703 -0.152299 135 39 c 24
 142.981 62.501 140.49 77.4297 144 102 c 25
EndSplineSet
EndChar
