Width: 1000
Flags: H
TeX: 117 0
LayerCount: 2
Fore
SplineSet
616 176 m 25
 753 176 l 25
 753 126 l 25
 616 126 l 25
 616 176 l 25
605 399 m 25
 699 399 l 25
 715.38 411.87 720.891 437.435 741 432 c 24
 776.178 422.492 793.287 401.381 810 369 c 24
 816.55 356.309 797.19 350.7 789 339 c 25
 789 141 l 17
 781 112 775 90 744 87 c 1
 720 89 709 113 699 141 c 9
 699 349 l 25
 605 349 l 25
 605 399 l 25
561 423 m 25
 604 403 640 407 672 372 c 24
 686 357 659 343 651 324 c 25
 651 123 l 17
 643 94 637 72 606 69 c 1
 582 71 571 95 561 123 c 9
 561 423 l 25
519 525 m 25
 732 525 l 25
 732 525 755 561 780 570 c 1
 806 566 794 537 825 504 c 1
 833 486 816 475 798 475 c 9
 519 475 l 25
 519 525 l 25
828 -43 m 25
 828 669 l 25
 468 669 l 25
 468 719 l 25
 828 719 l 25
 844.38 731.87 849.891 757.435 870 752 c 24
 905.178 742.492 922.287 721.381 939 689 c 24
 945.55 676.309 926.19 670.7 918 659 c 25
 918 -76 l 17
 897 -109 887.695 -134.861 852 -142 c 24
 829.228 -146.555 830.535 -112.228 813 -97 c 24
 785.786 -73.3672 767.25 -64.0596 738 -43 c 25
 828 -43 l 25
438 747 m 25
 481.29 727.11 516.953 731.251 549 696 c 24
 562.745 680.881 536.19 666.72 528 648 c 25
 528 -87 l 17
 520 -116 514 -138 483 -141 c 1
 459 -139 448 -115 438 -87 c 9
 438 747 l 25
150 302 m 25
 360 302 l 25
 360 252 l 25
 150 252 l 25
 150 302 l 25
139 508 m 25
 339 508 l 25
 339 458 l 25
 139 458 l 25
 139 508 l 25
297 -39 m 25
 297 679 l 25
 138 679 l 25
 138 729 l 25
 297 729 l 25
 313 742 319 767 339 762 c 24
 374 752 391 731 408 699 c 24
 415 686 395 681 387 669 c 25
 387 -75 l 25
 369 -101 373 -137 342 -141 c 24
 313 -145 313 -106 291 -87 c 24
 268 -66 253 -58 228 -39 c 25
 297 -39 l 25
117 48 m 25
 117 756 l 25
 160 736 196 740 228 705 c 24
 242 690 215 676 207 657 c 25
 207 48 l 25
 184 -8 184 -48 147 -96 c 24
 118 -134 85 -136 45 -162 c 25
 65 -116 80 -92 96 -45 c 24
 108 -10 109 12 117 48 c 25
EndSplineSet
EndChar
