Width: 1000
Flags: HW
LayerCount: 2
Fore
SplineSet
0 90 m 25
 70 108 l 25
 84 137 94 153 106 183 c 24
 127 235 136 265 155 318 c 24
 179 385 193 422 217 489 c 25
 202 377 195 313 179 201 c 24
 172 154 159 81 159 81 c 1
 159 81 191 -31 192 -105 c 24
 192 -126 182 -147 161 -150 c 24
 135 -154 110 -145 100 -120 c 24
 75 -56 89 -14 82 54 c 25
 0 90 l 25
18 513 m 25
 52 497 77 496 105 471 c 24
 129 449 142 431 147 399 c 24
 150 376 143 357 123 345 c 24
 107 335 90 344 77 357 c 24
 59 375 62 393 53 417 c 24
 39 454 32 476 18 513 c 25
109 741 m 25
 150 718 179 713 214 681 c 24
 233 664 240 647 240 621 c 24
 240 598 234 578 213 570 c 24
 193 562 175 574 162 591 c 24
 140 618 141 642 129 675 c 24
 120 700 117 715 109 741 c 25
786 664 m 25
 683 664 l 25
 683 714 l 25
 798 714 l 25
 818 723 829 747 849 738 c 24
 879 724 889 701 897 669 c 24
 900 657 882 656 873 648 c 25
 751 465 l 25
 687 465 l 25
 786 664 l 25
660 786 m 25
 696 768 723 769 752 741 c 24
 761 732 744 723 739 711 c 25
 719 676 711 654 688 621 c 24
 667 591 653 575 626 549 c 24
 603 527 586 518 561 498 c 25
 587 562 604 597 627 663 c 24
 643 710 647 738 660 786 c 25
296 217 m 1
 521 217 l 1
 521 167 l 1
 296 167 l 1
 296 217 l 1
672 -84 m 25
 672 465 l 25
 762 465 l 25
 762 -114 l 17
 757 -138 745 -168 716 -174 c 24
 692 -179 685 -150 665 -135 c 24
 638 -115 622 -104 594 -84 c 25
 672 -84 l 25
590 140 m 25
 872 140 l 25
 872 90 l 25
 590 90 l 25
 590 140 l 25
572 312 m 25
 892 312 l 25
 892 312 914 343 938 352 c 1
 957 345 981 317 1000 291 c 1
 1008 273 992 262 974 262 c 9
 572 262 l 25
 572 312 l 25
598 492 m 25
 818 492 l 25
 834 505 840 530 860 525 c 24
 895 515 912 494 929 462 c 24
 936 449 916 444 908 432 c 25
 908 96 l 17
 900 67 894 45 863 42 c 1
 839 44 828 68 818 96 c 9
 818 442 l 25
 598 442 l 25
 598 492 l 25
288 93 m 25
 501 93 l 25
 501 43 l 25
 288 43 l 25
 288 93 l 25
451 -81 m 25
 451 277 l 25
 299 277 l 25
 299 327 l 25
 451 327 l 25
 467 340 473 365 493 360 c 24
 528 350 545 329 562 297 c 24
 569 284 549 279 541 267 c 25
 541 -99 l 17
 531 -129 524 -157 493 -165 c 24
 469 -171 465 -139 447 -123 c 24
 428 -106 418 -97 399 -81 c 25
 451 -81 l 25
252 354 m 25
 295 334 331 338 363 303 c 24
 377 288 350 274 342 255 c 25
 342 -105 l 17
 334 -134 328 -156 297 -159 c 1
 273 -157 262 -133 252 -105 c 9
 252 354 l 25
219 426 m 25
 485 426 l 25
 485 426 507 457 531 466 c 1
 550 459 574 431 593 405 c 1
 601 387 585 376 567 376 c 9
 219 376 l 25
 219 426 l 25
255 549 m 25
 444 549 l 25
 444 549 466 580 490 589 c 1
 509 582 533 554 552 528 c 1
 560 510 544 499 526 499 c 9
 255 499 l 25
 255 549 l 25
225 672 m 25
 475 672 l 25
 475 672 497 703 521 712 c 1
 540 705 564 677 583 651 c 1
 591 633 575 622 557 622 c 9
 225 622 l 25
 225 672 l 25
351 405 m 25
 351 789 l 25
 394 769 430 773 462 738 c 24
 476 723 449 709 441 690 c 25
 441 405 l 25
 351 405 l 25
EndSplineSet
EndChar
