Width: 1000
Flags: H
TeX: 117 0
LayerCount: 2
Fore
SplineSet
696 0 m 1
 696 14.04 747 0.544922 747 18 c 9
 794.97 -12.4199 821.685 -30.1318 870 -60 c 24
 886.047 -69.9199 895.62 -74.6396 912 -84 c 25
 894.45 -98.04 884.814 -106.297 867 -120 c 24
 854.387 -129.703 847.026 -153.142 834 -144 c 24
 770.328 -99.3184 696 -7.60547 696 0 c 1
786 102 m 25
 810.57 77.4297 837.313 71.7227 849 39 c 24
 854.131 24.6338 828.87 26.1904 816 18 c 25
 750.48 -6.57031 648 -45 648 -45 c 1
 648 -45 648 -24.8701 648 -12 c 25
 684.27 17.25 705.077 33.3242 741 63 c 24
 758.904 77.791 768.45 86.79 786 102 c 25
366 -27 m 25
 410.46 -21.1504 435.425 -16.8926 480 -12 c 24
 531.384 -6.36035 560.52 -4.67969 612 0 c 25
 552.33 -40.9502 520.096 -66.209 459 -105 c 24
 446.159 -113.152 434.653 -129.774 423 -120 c 24
 390.406 -92.6631 388.23 -63.2695 366 -27 c 25
444 147 m 17
 486 138 516.55 133.03 552 105 c 24
 571.447 89.623 576.173 69.5879 573 45 c 24
 570.671 26.9482 558.19 11.373 540 12 c 24
 514.704 12.8721 501.812 28.2354 486 48 c 24
 472.132 65.335 476.67 81.5635 468 102 c 24
 460.232 120.311 453.36 129.45 444 147 c 17
588 -93 m 25
 588 234 l 25
 631.29 214.11 666.953 218.251 699 183 c 24
 712.745 167.881 686.19 153.72 678 135 c 25
 678 -135 l 17
 666 -168 660.188 -185.492 633 -189 c 24
 608.33 -192.184 604.229 -162.778 585 -147 c 24
 558.583 -125.324 542.91 -114.06 516 -93 c 25
 588 -93 l 25
705 252 m 25
 771 252 l 25
 813.12 212.22 832.304 184.293 879 150 c 24
 908.111 128.621 930.24 126.21 963 111 c 25
 945.45 98.1299 933.7 93.0718 918 78 c 24
 904.157 64.7109 907.158 37.9052 888 39 c 24
 853.944 40.9463 837.384 60.1464 813 84 c 24
 782.373 113.961 773.169 137.96 750 174 c 24
 731.009 203.542 722.55 221.58 705 252 c 25
483 258 m 25
 597 258 l 25
 571.26 227.58 560.619 206.657 531 180 c 24
 489.951 143.056 466.26 120.967 417 96 c 24
 379.285 76.8848 352.95 79.5303 312 69 c 25
 349.44 102.93 374.101 118.532 408 156 c 24
 441.127 192.614 453.75 218.22 483 258 c 25
672 246 m 25
 672 516 l 25
 715.29 496.11 750.953 500.251 783 465 c 24
 796.745 449.881 770.19 435.72 762 417 c 25
 762 246 l 25
 672 246 l 25
498 264 m 25
 498 522 l 25
 541.29 502.11 576.953 506.251 609 471 c 24
 622.745 455.881 596.19 441.72 588 423 c 25
 588 264 l 25
 498 264 l 25
330 272 m 25
 813 272 l 25
 842 300 851 332 876 341 c 1
 902 337 944 284 975 251 c 1
 983 233 966 222 948 222 c 9
 330 222 l 25
 330 272 l 25
384 396 m 25
 765 396 l 25
 794 424 803 456 828 465 c 1
 854 461 896 408 927 375 c 1
 935 357 918 346 900 346 c 9
 384 346 l 25
 384 396 l 25
405 540 m 1
 813 540 l 1
 813 490 l 1
 405 490 l 1
 405 540 l 1
426 639 m 1
 825 639 l 1
 825 589 l 1
 426 589 l 1
 426 639 l 1
426 741 m 25
 768 741 l 25
 784.38 753.87 789.891 779.435 810 774 c 24
 845.178 764.492 862.287 743.381 879 711 c 24
 885.55 698.309 866.19 692.7 858 681 c 25
 858 522 l 17
 850 493 844 471 813 468 c 1
 789 470 778 494 768 522 c 9
 768 691 l 25
 426 691 l 25
 426 741 l 25
384 771 m 25
 427.29 751.11 462.953 755.251 495 720 c 24
 508.745 704.881 482.19 690.72 474 672 c 25
 474 516 l 17
 466 487 460 465 429 462 c 1
 405 464 394 488 384 516 c 9
 384 771 l 25
63 63 m 25
 141 84 l 25
 156.21 121.44 165.555 142.258 180 180 c 24
 201.83 237.041 211.486 270.226 234 327 c 24
 265.318 405.977 285.24 449.61 318 528 c 25
 296.94 398.13 286.909 324.557 264 195 c 24
 252.973 132.636 231 36 231 36 c 1
 231 36 267.079 -58.3437 261 -120 c 24
 258.073 -149.686 239.492 -172.531 210 -177 c 24
 185.406 -180.727 170.616 -158.335 162 -135 c 24
 141.079 -78.3389 147.36 -41.6699 138 18 c 25
 63 63 l 25
204 333 m 24
 183.998 323.37 166.776 336.461 150 351 c 24
 129.378 368.872 126.204 386.592 114 411 c 24
 96.8926 445.215 90.21 465.9 75 501 c 25
 118.29 484.62 148.287 485.834 186 459 c 24
 212.177 440.374 226.456 421.805 231 390 c 24
 234.479 365.649 226.163 343.671 204 333 c 24
129 741 m 25
 165.27 732.81 188.742 736.629 222 720 c 24
 251.636 705.182 273.29 693.996 285 663 c 24
 295.877 634.208 292.881 608.495 273 585 c 24
 259.396 568.923 236.277 572.958 219 585 c 24
 192.643 603.37 190.055 626.172 174 654 c 24
 154.91 687.088 146.55 707.07 129 741 c 25
EndSplineSet
EndChar
