Width: 1000
Flags: HW
LayerCount: 2
Fore
SplineSet
258 109 m 25
 305 83 344 84 378 43 c 24
 401 15 398 -15 387 -50 c 24
 382 -66 360 -71 345 -63 c 24
 318 -48 317 -23 297 0 c 24
 280 19 268 28 249 46 c 25
 258 109 l 25
369 513 m 25
 383 474 404 454 405 412 c 24
 405 398 385 402 372 396 c 25
 249 358 l 25
 249 403 l 25
 369 513 l 25
204 127 m 25
 204 724 l 25
 247 704 283 708 315 673 c 24
 329 658 302 644 294 625 c 25
 294 85 l 25
 275 46 274 19 246 -14 c 24
 209 -58 180 -75 132 -107 c 24
 105 -125 86 -127 57 -140 c 25
 87 -105 109 -88 135 -50 c 24
 163 -9 177 15 195 61 c 24
 204 85 200 101 204 127 c 25
120 468 m 25
 136 432 157 414 162 375 c 24
 169 326 172 294 150 250 c 24
 137 224 112 210 84 217 c 24
 60 223 52 249 54 274 c 24
 56 306 83 315 93 345 c 24
 109 391 109 420 120 468 c 25
559 344 m 25
 756 344 l 25
 756 294 l 25
 559 294 l 25
 559 344 l 25
551 558 m 25
 711 558 l 25
 727 571 733 596 753 591 c 24
 788 581 805 560 822 528 c 24
 829 515 809 510 801 498 c 25
 801 315 l 17
 793 286 787 264 756 261 c 1
 732 263 721 287 711 315 c 9
 711 508 l 25
 551 508 l 25
 551 558 l 25
531 51 m 9
 531 600 l 25
 574 580 610 584 642 549 c 24
 656 534 629 520 621 501 c 25
 621 141 l 17
 621 102 619 96 639 90 c 9
 741 90 l 25
 748 113 753 126 759 150 c 24
 766 178 768 194 774 222 c 25
 781 171 779 140 792 90 c 24
 798 65 823 56 822 30 c 24
 821 10 801 8 787 -6 c 25
 576 -6 l 17
 551 0 536 21 531 51 c 9
852 -102 m 24
 830 -79 814 -69 790 -48 c 25
 855 -48 l 25
 855 688 l 25
 412 688 l 25
 412 738 l 25
 855 738 l 25
 871 751 877 776 897 771 c 24
 932 761 949 740 966 708 c 24
 973 695 953 690 945 678 c 25
 945 -96 l 17
 939 -120 919 -148 888 -150 c 24
 865 -152 868 -119 852 -102 c 24
395 780 m 25
 438 760 474 764 506 729 c 24
 520 714 493 700 485 681 c 25
 485 -96 l 17
 477 -125 471 -147 440 -150 c 1
 416 -148 405 -124 395 -96 c 9
 395 780 l 25
EndSplineSet
EndChar
