Width: 1000
Flags: H
TeX: 117 0
LayerCount: 2
Fore
SplineSet
660 264 m 25
 702 234 729 221 768 186 c 24
 801 156 830 142 843 99 c 24
 853 67 847 38 822 15 c 24
 807 1 787 20 774 36 c 24
 749 67 752 96 729 129 c 24
 707 162 687 175 660 204 c 25
 660 264 l 25
633 228 m 9
 633 690 l 25
 723 690 l 25
 723 219 l 17
 708 150 689 118 654 60 c 24
 636 30 618 18 588 0 c 24
 563 -15 544 -15 516 -24 c 25
 551 26 580 49 606 105 c 24
 627 150 627 171 633 228 c 9
537 447 m 25
 762 447 l 25
 762 447 785 483 810 492 c 1
 836 488 824 459 855 426 c 1
 863 408 846 397 828 397 c 9
 537 397 l 25
 537 447 l 25
462 -44 m 1
 915 -44 l 1
 915 -94 l 1
 462 -94 l 1
 462 -44 l 1
489 732 m 25
 855 732 l 25
 871 745 877 770 897 765 c 24
 932 755 949 734 966 702 c 24
 973 689 953 684 945 672 c 25
 945 -96 l 17
 937 -125 931 -147 900 -150 c 1
 876 -148 865 -124 855 -96 c 9
 855 682 l 25
 489 682 l 25
 489 732 l 25
453 762 m 25
 496 742 532 746 564 711 c 24
 578 696 551 682 543 663 c 25
 543 -102 l 17
 535 -131 529 -153 498 -156 c 1
 474 -154 463 -130 453 -102 c 9
 453 762 l 25
258 111 m 25
 288 88 309 78 336 51 c 24
 363 24 386 10 396 -27 c 24
 404 -58 406 -91 378 -108 c 24
 355 -122 339 -92 321 -72 c 24
 305 -54 306 -37 294 -15 c 24
 279 13 268 27 252 54 c 25
 258 111 l 25
375 600 m 25
 403 559 431 542 447 495 c 24
 451 482 429 484 417 477 c 25
 387 456 371 442 339 423 c 24
 311 406 293 399 264 384 c 25
 264 420 l 25
 294 459 316 477 342 519 c 24
 360 548 362 568 375 600 c 25
216 93 m 9
 216 774 l 25
 259 754 295 758 327 723 c 24
 341 708 314 694 306 675 c 25
 306 78 l 25
 288 35 287 6 261 -33 c 24
 233 -76 213 -100 171 -129 c 24
 128 -158 96 -160 48 -180 c 25
 85 -138 114 -120 144 -72 c 24
 181 -12 201 27 216 93 c 9
123 534 m 25
 142 487 171 464 171 414 c 24
 171 364 168 331 141 288 c 24
 126 264 100 249 75 261 c 24
 47 275 39 305 45 336 c 24
 50 365 88 362 99 390 c 24
 120 443 114 478 123 534 c 25
EndSplineSet
EndChar
