Width: 1000
Flags: H
TeX: 117 0
LayerCount: 2
Fore
SplineSet
618 117 m 25
 671.82 86.5801 710.292 80.6269 756 39 c 24
 779.292 17.7881 786 -4.49707 786 -36 c 24
 786 -52.5459 772.546 -66 756 -66 c 24
 733.925 -66 724.682 -50.4582 708 -36 c 24
 689.202 -19.709 682.458 -6.65189 666 12 c 24
 647.357 33.1289 636.72 44.9404 618 66 c 25
 618 117 l 25
609 84 m 25
 592.62 64.1104 585.219 51.2195 567 33 c 24
 538.281 4.28125 524.263 -15.8496 489 -36 c 24
 449.161 -58.7646 421.29 -59.79 378 -75 c 25
 417.78 -39.9004 445.864 -25.6101 480 15 c 24
 514.475 56.0127 523.92 86.3701 552 132 c 25
 609 132 l 25
 609 84 l 25
666 276 m 25
 694.08 259.62 718.123 259.723 738 234 c 24
 745.604 224.158 725.19 219.36 717 210 c 25
 699.45 198.3 689.813 191.296 672 180 c 24
 641.835 160.871 624.42 150.72 594 132 c 25
 609.21 156.57 620.077 169.154 633 195 c 24
 648.255 225.51 653.13 244.41 666 276 c 25
513 174 m 24
 496.611 206.776 496.53 228.9 486 264 c 25
 507.06 252.3 522.174 250.206 540 234 c 24
 561.644 214.324 581.582 203.05 585 174 c 24
 587.434 153.312 572.831 132 552 132 c 24
 529.647 132 522.996 154.007 513 174 c 24
450 160 m 1
 747 160 l 1
 747 110 l 1
 450 110 l 1
 450 160 l 1
450 305 m 25
 699 305 l 25
 715.38 317.87 720.891 343.435 741 338 c 24
 776.178 328.492 793.287 307.381 810 275 c 24
 816.55 262.309 797.19 256.7 789 245 c 25
 789 150 l 17
 781 121 775 99 744 96 c 1
 720 98 709 122 699 150 c 9
 699 255 l 25
 450 255 l 25
 450 305 l 25
411 336 m 25
 454.29 316.11 489.953 320.251 522 285 c 24
 535.745 269.881 509.19 255.72 501 237 c 25
 501 150 l 17
 493 121 487 99 456 96 c 1
 432 98 421 122 411 150 c 9
 411 336 l 25
555 474 m 25
 598 454 634 458 666 423 c 24
 680 408 653 394 645 375 c 25
 645 -102 l 17
 637 -131 631 -153 600 -156 c 1
 576 -154 565 -130 555 -102 c 9
 555 474 l 25
420 393 m 25
 687 393 l 25
 687 393 710 429 735 438 c 1
 761 434 749 405 780 372 c 1
 788 354 771 343 753 343 c 9
 420 343 l 25
 420 393 l 25
645 533 m 1
 858 533 l 1
 858 483 l 1
 645 483 l 1
 645 533 l 1
654 625 m 1
 864 625 l 1
 864 575 l 1
 654 575 l 1
 654 625 l 1
807 -87 m 25
 807 670 l 25
 645 670 l 25
 645 720 l 25
 807 720 l 25
 823.38 732.87 828.891 758.435 849 753 c 24
 884.178 743.492 901.287 722.381 918 690 c 24
 924.55 677.309 905.19 671.7 897 660 c 25
 897 -117 l 25
 872.43 -140.4 867.607 -172.332 834 -177 c 24
 809.416 -180.414 806.835 -149.26 789 -132 c 24
 770.561 -114.155 759.72 -104.55 741 -87 c 25
 807 -87 l 25
615 762 m 25
 658.29 742.11 693.953 746.251 726 711 c 24
 739.745 695.881 713.19 681.72 705 663 c 25
 705 510 l 17
 697 481 691 459 660 456 c 1
 636 458 625 482 615 510 c 9
 615 762 l 25
315 511 m 1
 516 511 l 1
 516 461 l 1
 315 461 l 1
 315 511 l 1
312 615 m 1
 498 615 l 1
 498 565 l 1
 312 565 l 1
 312 615 l 1
309 717 m 25
 456 717 l 25
 472 730 478 755 498 750 c 24
 533 740 550 719 567 687 c 24
 574 674 554 669 546 657 c 25
 546 498 l 17
 538 469 532 447 501 444 c 1
 477 446 466 470 456 498 c 9
 456 667 l 25
 309 667 l 25
 309 717 l 25
282 756 m 25
 325.29 736.11 360.953 740.251 393 705 c 24
 406.745 689.881 380.19 675.72 372 657 c 25
 372 -108 l 17
 364 -137 358 -159 327 -162 c 1
 303 -160 292 -136 282 -108 c 9
 282 756 l 25
30 90 m 25
 102 108 l 25
 116.04 137.25 125.582 153.025 138 183 c 24
 159.541 234.996 169.352 265.26 189 318 c 24
 213.812 384.601 227.43 422.31 252 489 c 25
 236.79 376.68 231.634 312.803 213 201 c 24
 205.862 158.175 186 93 186 93 c 1
 186 93 222.257 -18.9336 225 -93 c 24
 225.93 -118.104 219.125 -142.996 195 -150 c 24
 168.865 -157.588 142.043 -145.293 132 -120 c 24
 106.824 -56.5928 121.02 -13.8604 114 54 c 25
 30 90 l 25
45 501 m 25
 85.9502 484.62 116.413 487.585 150 459 c 24
 175.515 437.285 184.239 414.457 186 381 c 24
 186.961 362.749 173.524 350.192 156 345 c 24
 136.409 339.195 119.448 342.552 105 357 c 24
 87.4697 374.53 93.5353 394.115 84 417 c 24
 70.1084 450.341 60.21 468.24 45 501 c 25
141 741 m 25
 183.12 717.6 212.987 713.011 249 681 c 24
 268.179 663.952 278.758 646.512 276 621 c 24
 273.309 596.105 261.52 575.073 237 570 c 24
 214.754 565.397 202.851 584.994 189 603 c 24
 177.926 617.396 182.967 630.845 177 648 c 24
 164.223 684.734 155.04 704.73 141 741 c 25
EndSplineSet
EndChar
