Width: 1000
Flags: H
TeX: 117 0
LayerCount: 2
Fore
SplineSet
345 276 m 25
 356 229 379 204 372 156 c 24
 366 112 352 82 315 57 c 24
 290 40 262 48 237 66 c 24
 218 80 209 105 222 126 c 24
 240 155 278 141 300 168 c 24
 329 203 327 234 345 276 c 25
810 351 m 25
 847 308 883 292 906 240 c 24
 913 225 883 227 867 222 c 24
 811 204 778 200 723 180 c 24
 687 167 668 154 633 138 c 25
 606 177 l 25
 654 210 685 223 729 261 c 24
 765 292 778 316 810 351 c 25
666 135 m 8
 709 70 752 48 813 0 c 24
 860 -37 892 -49 942 -81 c 25
 917 -93 902 -96 879 -111 c 24
 857 -125 854 -155 828 -153 c 24
 801 -151 795 -125 777 -105 c 24
 750 -75 735 -57 711 -24 c 24
 659 45 631 85 582 156 c 24
 572 170 569 180 561 195 c 25
 561 276 l 25
 602 221 647 164 666 135 c 8
510 195 m 25
 510 405 l 25
 553 385 589 389 621 354 c 24
 635 339 608 325 600 306 c 25
 600 141 l 25
 570 97 559 66 522 27 c 24
 482 -15 456 -37 405 -63 c 24
 341 -95 301 -106 231 -120 c 24
 170 -132 134 -125 72 -129 c 25
 136 -107 175 -100 237 -72 c 24
 298 -45 334 -29 387 12 c 24
 431 46 452 71 483 117 c 24
 501 144 499 165 510 195 c 25
300 555 m 25
 335 539 359 536 390 513 c 24
 419 492 441 478 453 444 c 24
 461 422 455 398 435 387 c 24
 415 376 397 389 378 402 c 24
 364 412 368 426 360 441 c 24
 347 467 338 481 324 507 c 24
 314 526 309 536 300 555 c 25
423 648 m 25
 476 630 514 636 558 603 c 24
 598 573 619 544 627 495 c 24
 631 473 604 457 582 459 c 24
 554 461 543 482 525 504 c 24
 507 525 508 544 492 567 c 24
 468 601 450 616 423 648 c 25
774 643 m 25
 460 643 l 25
 460 693 l 25
 789 693 l 25
 810 707 819 737 843 729 c 24
 881 716 897 689 912 651 c 24
 917 637 893 637 882 627 c 24
 829 582 805 549 747 510 c 24
 678 463 635 441 558 408 c 24
 473 372 424 352 333 333 c 24
 222 310 162 303 45 300 c 9
 123 322 168 332 246 357 c 24
 317 380 358 393 426 423 c 24
 501 456 543 475 612 519 c 24
 679 562 711 595 774 643 c 25
498 798 m 25
 533 780 562 782 588 753 c 24
 598 742 575 733 564 723 c 24
 523 684 501 661 456 627 c 24
 397 582 363 555 297 522 c 24
 252 500 223 496 174 486 c 24
 131 477 106 479 63 474 c 25
 120 506 154 521 210 555 c 24
 262 586 291 603 339 639 c 24
 378 668 398 686 432 720 c 24
 460 748 472 768 498 798 c 25
EndSplineSet
EndChar
