Width: 1000
Flags: H
TeX: 117 0
LayerCount: 2
Fore
SplineSet
342 -99 m 25
 792 -99 l 25
 821 -71 830 -39 855 -30 c 1
 881 -34 923 -87 954 -120 c 1
 962 -138 945 -149 927 -149 c 9
 342 -149 l 25
 342 -99 l 25
624 87 m 25
 795 87 l 25
 795 87 818 123 843 132 c 1
 869 128 857 99 888 66 c 1
 896 48 879 37 861 37 c 9
 624 37 l 25
 624 87 l 25
414 -129 m 25
 414 171 l 25
 457 151 493 155 525 120 c 24
 539 105 512 91 504 72 c 25
 504 -129 l 25
 414 -129 l 25
606 -135 m 25
 606 231 l 25
 649 211 685 215 717 180 c 24
 731 165 704 151 696 132 c 25
 696 -135 l 25
 606 -135 l 25
768 483 m 25
 828 483 l 25
 851.4 446.73 859.817 422.692 888 390 c 24
 918.833 354.233 942.9 340.59 978 309 c 25
 962.79 303.15 952.037 303.778 939 294 c 24
 923.061 282.045 924.678 248.063 906 255 c 24
 867.191 269.414 857.74 299.085 834 333 c 24
 808.188 369.874 801.06 395.22 780 435 c 25
 768 483 l 25
762 435 m 25
 747.96 409.26 744.886 391.427 726 369 c 24
 706.697 346.078 692.385 335.207 666 321 c 24
 645.761 310.102 631.23 311.85 609 306 c 25
 633.57 342.27 652.135 359.954 672 399 c 24
 686.433 427.367 686.64 446.58 696 477 c 25
 762 477 l 25
 762 435 l 25
798 591 m 25
 798 261 l 17
 790 232 784 210 753 207 c 1
 729 209 718 233 708 261 c 9
 708 591 l 25
 798 591 l 25
612 573 m 25
 677.52 594.06 715.688 602.5 780 627 c 24
 814.228 640.039 864 669 864 669 c 1
 864 669 908.901 620.717 921 582 c 24
 924.311 571.405 904.53 576.51 894 573 c 25
 612 573 l 25
633 495 m 25
 867 495 l 25
 867 495 890 531 915 540 c 1
 941 536 929 507 960 474 c 1
 968 456 951 445 933 445 c 9
 633 445 l 25
 633 495 l 25
540 483 m 25
 570.42 459.6 593.936 452.897 618 423 c 24
 634.239 402.824 644.079 385.396 639 360 c 24
 635.372 341.86 617.682 327.56 600 333 c 24
 576.068 340.363 577.091 364.815 561 384 c 24
 546.636 401.127 537.21 409.62 522 426 c 25
 540 483 l 25
504 429 m 25
 491.13 409.11 486.06 396.287 471 378 c 24
 453.118 356.286 442.817 343.45 420 327 c 24
 391.975 306.795 372.42 301.38 342 285 c 25
 367.74 322.44 385.725 341.401 408 381 c 24
 428.035 416.618 433.62 439.56 450 477 c 25
 504 477 l 25
 504 429 l 25
540 585 m 25
 540 267 l 17
 532 238 526 216 495 213 c 1
 471 215 460 239 450 267 c 9
 450 585 l 25
 540 585 l 25
372 495 m 25
 567 495 l 25
 567 495 590 531 615 540 c 1
 641 536 629 507 660 474 c 1
 668 456 651 445 633 445 c 9
 372 445 l 25
 372 495 l 25
351 552 m 25
 417.69 578.91 456.187 592.011 522 621 c 24
 554.565 635.344 603 663 603 663 c 1
 603 663 637.731 608.6 651 570 c 24
 652.939 564.358 641.85 568.17 636 567 c 25
 351 552 l 25
324 723 m 25
 786 723 l 25
 815 751 824 783 849 792 c 1
 875 788 917 735 948 702 c 1
 956 684 939 673 921 673 c 9
 324 673 l 25
 324 723 l 25
285 111 m 25
 285 753 l 25
 328.29 733.11 363.953 737.251 396 702 c 24
 409.745 686.881 383.19 672.72 375 654 c 25
 375 99 l 17
 360 51 350.286 15.5271 324 -33 c 24
 304.157 -69.6338 292.297 -93.3469 258 -117 c 24
 221.451 -142.206 192.12 -138.96 150 -153 c 25
 168.72 -131.94 181.165 -121.595 198 -99 c 24
 225.726 -61.79 246.239 -42.8702 264 0 c 24
 280.862 40.7031 276.81 67.71 285 111 c 25
12 87 m 25
 87 111 l 25
 102.21 141.42 112.454 157.804 126 189 c 24
 151.095 246.793 162.501 280.54 186 339 c 24
 210.472 399.88 224.43 434.16 249 495 c 25
 229.11 392.04 222.418 332.981 198 231 c 24
 182.576 166.584 147 69 147 69 c 1
 147 69 181.317 -10.9658 174 -63 c 24
 169.616 -94.1748 151.467 -122.046 120 -123 c 24
 91.6904 -123.857 82.3281 -93.3584 75 -66 c 24
 63.7988 -24.1846 75 1.70996 75 45 c 25
 12 87 l 25
27 507 m 25
 71.46 492.96 103.109 498.167 141 471 c 24
 169.541 450.536 186.732 428.112 186 393 c 24
 185.337 361.18 167.551 338.82 138 327 c 24
 119.311 319.524 108.247 341.025 96 357 c 24
 80.3877 377.364 79.7234 393.688 69 417 c 24
 52.8125 452.189 43.3799 471.9 27 507 c 25
84 774 m 25
 133.14 754.11 168.971 756.569 210 723 c 24
 237.954 700.128 246.649 675.042 249 639 c 24
 250.568 614.959 241.369 593.948 219 585 c 24
 200.532 577.613 186.486 593.517 174 609 c 24
 155.579 631.842 158.051 652.24 144 678 c 24
 122.858 716.76 107.4 736.56 84 774 c 25
EndSplineSet
EndChar
