Width: 1000
Flags: H
TeX: 117 0
LayerCount: 2
Fore
SplineSet
513 399 m 25
 575.4 363.9 619.315 356.368 673 309 c 24
 702.296 283.15 720.513 257.912 717 219 c 24
 714.247 188.502 690.61 165.851 660 165 c 24
 631.882 164.219 625.813 193.449 609 216 c 24
 592.311 238.383 587.97 254.275 575 279 c 24
 550.528 325.648 537.18 352.2 513 399 c 25
756 -39 m 17
 779.43 -23.8057 794.155 -2.10547 807 21 c 1
 807 535 l 9
 525 535 l 25
 525 585 l 25
 807 585 l 25
 823.38 597.87 828.891 623.435 849 618 c 24
 884.178 608.492 901.287 587.381 918 555 c 24
 924.55 542.309 905.19 536.7 897 525 c 25
 897 -15 l 17
 888 -66 837.291 -114.352 774 -141 c 24
 748.031 -151.935 748.659 -103.748 726 -87 c 24
 694.01 -63.3555 671.1 -57.7197 636 -39 c 25
 756 -39 l 17
534 780 m 25
 575 758 606 756 639 723 c 24
 649 713 632 701 627 687 c 24
 604 624 595 586 567 525 c 24
 538 462 523 423 480 369 c 24
 453 335 425 329 390 303 c 25
 412 350 427 375 447 423 c 24
 475 489 496 525 513 594 c 24
 530 665 526 707 534 780 c 25
390 609 m 25
 425 581 455 575 480 537 c 24
 488 524 468 516 459 504 c 24
 425 461 408 434 369 396 c 24
 345 373 325 367 297 348 c 25
 315 383 327 402 342 438 c 24
 360 483 368 509 381 555 c 24
 387 576 386 588 390 609 c 25
264 162 m 25
 313 129 346 118 390 78 c 24
 419 52 445 36 447 -3 c 24
 449 -33 428 -54 399 -63 c 24
 379 -69 369 -47 357 -30 c 24
 338 -3 339 20 321 48 c 24
 302 78 286 92 264 120 c 25
 264 162 l 25
222 156 m 25
 222 771 l 25
 265 751 301 755 333 720 c 24
 347 705 320 691 312 672 c 25
 312 132 l 25
 286 83 279 50 246 6 c 24
 212 -40 186 -61 141 -96 c 24
 108 -121 84 -127 48 -147 c 25
 74 -108 89 -87 114 -48 c 24
 144 -2 163 23 189 72 c 24
 205 103 209 123 222 156 c 25
138 495 m 25
 156 437 181 406 183 345 c 24
 185 301 174 272 147 237 c 24
 134 220 112 219 93 228 c 24
 76 236 68 254 72 273 c 24
 79 306 107 315 117 348 c 24
 134 404 130 438 138 495 c 25
EndSplineSet
EndChar
