Width: 1000
Flags: HW
LayerCount: 2
Fore
SplineSet
663 690 m 25
 768 690 l 25
 732 519 l 25
 663 519 l 25
 663 690 l 25
474 726 m 25
 900 726 l 25
 900 726 923 762 948 771 c 1
 974 767 962 738 993 705 c 1
 1001 687 984 676 966 676 c 9
 474 676 l 25
 474 726 l 25
726 65 m 25
 772.8 45.8896 802.121 41.1018 846 16 c 24
 889.468 -8.86719 916.747 -22.8708 948 -62 c 24
 967.19 -86.0273 973.192 -107.536 969 -138 c 24
 966.403 -156.868 952.042 -170.615 933 -171 c 24
 905.622 -171.553 888.099 -160.55 870 -140 c 24
 848.169 -115.213 854.861 -89.7842 837 -62 c 24
 819.238 -34.3711 801.615 -24.7312 780 0 c 24
 758.312 24.8145 747.06 39.6504 726 65 c 25
567 76 m 25
 607 46 638 39 669 0 c 24
 677 -10 655 -14 645 -21 c 24
 613 -44 595 -57 561 -76 c 24
 521 -98 500 -115 456 -126 c 24
 412 -137 385 -130 339 -133 c 25
 380 -108 406 -98 444 -69 c 24
 485 -38 507 -18 540 21 c 24
 555 39 556 55 567 76 c 25
546 116 m 25
 870 116 l 25
 870 66 l 25
 546 66 l 25
 546 116 l 25
543 281 m 25
 858 281 l 25
 858 231 l 25
 543 231 l 25
 543 281 l 25
543 421 m 25
 873 421 l 25
 873 371 l 25
 543 371 l 25
 543 421 l 25
549 558 m 25
 819 558 l 25
 835.38 570.87 840.891 596.435 861 591 c 24
 896.178 581.492 913.287 560.381 930 528 c 24
 936.55 515.309 917.19 509.7 909 498 c 25
 909 84 l 17
 901 55 895 33 864 30 c 1
 840 32 829 56 819 84 c 9
 819 508 l 25
 549 508 l 25
 549 558 l 25
516 594 m 25
 559.29 574.11 594.953 578.251 627 543 c 24
 640.745 527.881 614.19 513.72 606 495 c 25
 606 74 l 17
 598 45 592 23 561 20 c 1
 537 22 526 46 516 74 c 9
 516 594 l 25
273 183 m 25
 363 183 l 25
 363 -60 l 25
 273 -60 l 25
 273 183 l 25
193 205 m 25
 428 205 l 25
 428 155 l 25
 193 155 l 25
 193 205 l 25
193 480 m 25
 375 480 l 25
 391.38 492.87 396.89 518.435 417 513 c 24
 452.178 503.492 469.287 482.381 486 450 c 24
 492.55 437.309 473.19 431.7 465 420 c 25
 465 174 l 17
 457 145 451 123 420 120 c 1
 396 122 385 146 375 174 c 9
 375 430 l 25
 193 430 l 25
 193 480 l 25
277 696 m 25
 367 696 l 25
 367 441 l 25
 277 441 l 25
 277 696 l 25
171 525 m 25
 214.29 505.11 249.953 509.251 282 474 c 24
 295.745 458.881 269.19 444.72 261 426 c 25
 261 156 l 17
 253 127 247 105 216 102 c 1
 192 104 181 128 171 156 c 9
 171 525 l 25
79 -42 m 25
 426 -42 l 25
 426 -42 449 -6 474 3 c 1
 500 -1 488 -30 519 -63 c 1
 527 -81 510 -92 492 -92 c 9
 79 -92 l 25
 79 -42 l 25
74 720 m 25
 416 720 l 25
 416 720 439 756 464 765 c 1
 490 761 478 732 509 699 c 1
 517 681 500 670 482 670 c 9
 74 670 l 25
 74 720 l 25
51 774 m 25
 94 754 130 758 162 723 c 24
 176 708 149 694 141 675 c 25
 141 -96 l 17
 133 -125 127 -147 96 -150 c 1
 72 -148 61 -124 51 -96 c 9
 51 774 l 25
EndSplineSet
EndChar
