Width: 1000
Flags: H
TeX: 117 0
LayerCount: 2
Fore
SplineSet
690 501 m 25
 636 501 l 25
 636 660 l 25
 735 660 l 25
 690 501 l 25
744 48 m 25
 795.48 29.2803 827.704 25.8485 876 0 c 24
 911.927 -19.2285 936.614 -30.7168 957 -66 c 24
 970.476 -89.3223 965.018 -110.421 954 -135 c 24
 947.579 -149.324 933.66 -154.08 918 -153 c 24
 896.069 -151.487 882.141 -144.938 867 -129 c 24
 836.156 -96.5332 829.555 -69.7747 804 -33 c 24
 781.566 -0.716797 767.4 16.4102 744 48 c 25
594 57 m 25
 631.44 34.7695 662.239 33.5446 690 0 c 24
 699.553 -11.543 675.36 -18.2998 666 -30 c 25
 633.24 -58.0801 617.432 -77.3775 582 -102 c 24
 548.031 -125.605 527.971 -139.129 489 -153 c 24
 457.823 -164.097 437.76 -160.32 405 -165 c 25
 450.63 -117.03 479.082 -92.4113 522 -42 c 24
 552.948 -5.64844 565.92 18.3896 594 57 c 25
564 124 m 1
 828 124 l 1
 828 74 l 1
 564 74 l 1
 564 124 l 1
582 247 m 1
 837 247 l 1
 837 197 l 1
 582 197 l 1
 582 247 l 1
570 395 m 1
 846 395 l 1
 846 345 l 1
 570 345 l 1
 570 395 l 1
564 522 m 25
 789 522 l 25
 805.38 534.87 810.891 560.435 831 555 c 24
 866.178 545.492 883.287 524.381 900 492 c 24
 906.55 479.309 887.19 473.7 879 462 c 25
 879 87 l 17
 871 58 865 36 834 33 c 1
 810 35 799 59 789 87 c 9
 789 472 l 25
 564 472 l 25
 564 522 l 25
519 558 m 25
 562 538 598 542 630 507 c 24
 644 492 617 478 609 459 c 25
 609 93 l 17
 601 64 595 42 564 39 c 1
 540 41 529 65 519 93 c 9
 519 558 l 25
24 -60 m 25
 483 -60 l 25
 446.73 -75.21 428.343 -90.2445 390 -99 c 24
 278.988 -124.35 214.147 -127.27 102 -147 c 24
 87.7471 -149.508 75.6609 -166.776 66 -156 c 24
 38.7197 -125.572 40.3799 -97.4404 24 -60 c 25
129 53 m 1
 363 53 l 1
 363 3 l 1
 129 3 l 1
 129 53 l 1
120 158 m 1
 372 158 l 1
 372 108 l 1
 120 108 l 1
 120 158 l 1
144 255 m 25
 336 255 l 25
 352.38 267.87 357.89 293.435 378 288 c 24
 413.178 278.492 430.287 257.381 447 225 c 24
 453.55 212.309 434.19 206.7 426 195 c 25
 426 27 l 17
 418 -2 412 -24 381 -27 c 1
 357 -25 346 -1 336 27 c 9
 336 205 l 25
 144 205 l 25
 144 255 l 25
99 291 m 25
 142.29 271.11 177.953 275.251 210 240 c 24
 223.745 224.881 197.19 210.72 189 192 c 25
 189 15 l 17
 181 -14 175 -36 144 -39 c 1
 120 -37 109 -13 99 15 c 9
 99 291 l 25
180 426 m 1
 321 426 l 1
 321 376 l 1
 180 376 l 1
 180 426 l 1
183 513 m 9
 276 513 l 25
 292.38 525.87 297.89 551.435 318 546 c 24
 353.178 536.492 370.287 515.381 387 483 c 24
 393.55 470.309 374.19 464.7 366 453 c 25
 366 414 l 17
 358 385 352 363 321 360 c 1
 297 362 286 386 276 414 c 9
 276 463 l 25
 183 463 l 17
 183 513 l 9
144 552 m 25
 187.29 532.11 222.953 536.251 255 501 c 24
 268.745 485.881 242.19 471.72 234 453 c 25
 234 411 l 17
 226 382 220 360 189 357 c 1
 165 359 154 383 144 411 c 9
 144 552 l 25
63 355 m 1
 429 355 l 1
 429 305 l 1
 63 305 l 1
 63 355 l 1
60 596 m 25
 375 596 l 25
 391.38 608.87 396.89 634.435 417 629 c 24
 452.178 619.492 469.287 598.381 486 566 c 24
 492.55 553.309 473.19 547.7 465 536 c 25
 465 333 l 17
 457 304 451 282 420 279 c 1
 396 281 385 305 375 333 c 9
 375 546 l 25
 60 546 l 25
 60 596 l 25
36 623 m 25
 79.29 603.11 114.953 607.251 147 572 c 24
 160.745 556.881 134.19 542.72 126 524 c 25
 126 318 l 17
 118 289 112 267 81 264 c 1
 57 266 46 290 36 318 c 9
 36 623 l 25
498 696 m 25
 840 696 l 25
 840 696 863 732 888 741 c 1
 914 737 902 708 933 675 c 1
 941 657 924 646 906 646 c 9
 498 646 l 25
 498 696 l 25
0 690 m 25
 378 690 l 25
 378 690 401 726 426 735 c 1
 452 731 440 702 471 669 c 1
 479 651 462 640 444 640 c 9
 0 640 l 25
 0 690 l 25
204 672 m 25
 204 798 l 25
 247.29 778.11 282.953 782.251 315 747 c 24
 328.745 731.881 302.19 717.72 294 699 c 25
 294 672 l 25
 204 672 l 25
EndSplineSet
EndChar
