Width: 1000
Flags: HW
LayerCount: 2
Fore
SplineSet
363 621 m 25
 459 621 l 25
 373 397 l 25
 328 397 l 25
 363 621 l 25
129 618 m 1
 172 596 186 588 215 560 c 24
 239 537 252 521 264 489 c 24
 273 464 276 445 267 420 c 24
 261 405 247 398 231 399 c 24
 215 400 205 409 198 423 c 24
 181 455 183 478 171 513 c 24
 156 555 148 575 129 618 c 1
729 516 m 25
 666 516 l 25
 687 672 l 25
 786 672 l 25
 729 516 l 25
744 53 m 17
 799 37 839 24 890 -13 c 24
 925 -38 943 -60 957 -101 c 24
 964 -123 959 -145 939 -157 c 24
 920 -168 901 -159 884 -145 c 24
 853 -118 847 -93 823 -59 c 24
 792 -15 775 9 744 53 c 17
633 33 m 1
 633 33 694 6 717 -27 c 24
 725 -39 702 -44 690 -51 c 24
 626 -88 591 -111 522 -138 c 24
 473 -158 440 -166 390 -171 c 1
 434 -145 449 -135 483 -108 c 24
 533 -68 559 -44 606 0 c 24
 618 11 633 33 633 33 c 1
588 104 m 25
 876 104 l 25
 876 54 l 25
 588 54 l 25
 588 104 l 25
588 258 m 25
 864 258 l 25
 864 208 l 25
 588 208 l 25
 588 258 l 25
588 395 m 25
 855 395 l 25
 855 345 l 25
 588 345 l 25
 588 395 l 25
582 543 m 25
 828 543 l 25
 844 556 850 581 870 576 c 24
 905 566 922 545 939 513 c 24
 946 500 926 495 918 483 c 25
 918 75 l 17
 910 46 904 24 873 21 c 1
 849 23 838 47 828 75 c 9
 828 493 l 25
 582 493 l 25
 582 543 l 25
549 576 m 25
 549 576 628 560 660 525 c 24
 674 510 647 496 639 477 c 25
 639 69 l 17
 631 40 625 18 594 15 c 1
 570 17 559 41 549 69 c 9
 549 576 l 25
455 702 m 25
 892 702 l 25
 892 702 914 733 938 742 c 1
 957 735 981 707 1000 681 c 1
 1008 663 992 652 974 652 c 9
 455 652 l 25
 455 702 l 25
459 81 m 25
 459 81 501 38 510 3 c 24
 513 -9 494 -9 483 -15 c 24
 411 -54 373 -82 297 -111 c 24
 250 -128 222 -132 171 -132 c 1
 222 -99 247 -82 294 -48 c 24
 340 -15 366 4 411 39 c 24
 431 54 459 81 459 81 c 25
417 225 m 25
 417 225 468 178 477 138 c 24
 480 123 455 130 441 123 c 24
 403 104 384 89 345 72 c 24
 313 58 294 51 261 42 c 24
 224 32 211 28 165 21 c 1
 246 77 289 112 366 174 c 24
 388 192 417 225 417 225 c 25
447 285 m 24
 451 272 429 273 417 267 c 24
 360 242 329 225 270 207 c 24
 227 194 204 190 156 189 c 1
 215 225 242 243 294 282 c 24
 333 312 387 366 387 366 c 25
 387 366 436 323 447 285 c 24
139 420 m 25
 423 420 l 25
 423 420 445 451 469 460 c 1
 488 453 512 425 531 399 c 1
 539 381 523 370 505 370 c 9
 139 370 l 25
 139 420 l 25
84 111 m 10
 84 446 l 25
 84 446 163 430 195 395 c 24
 209 380 182 366 174 347 c 25
 174 114 l 18
 174 57 169 15 150 -45 c 24
 138 -81 123 -100 96 -127 c 24
 76 -147 60 -155 33 -162 c 1
 53 -115 63 -87 72 -36 c 24
 83 21 84 51 84 111 c 10
81 645 m 25
 405 645 l 25
 405 645 427 676 451 685 c 1
 470 678 494 650 513 624 c 1
 521 606 505 595 487 595 c 9
 81 595 l 25
 81 645 l 25
231 618 m 25
 231 777 l 25
 231 777 310 761 342 726 c 24
 356 711 329 697 321 678 c 25
 321 618 l 25
 231 618 l 25
EndSplineSet
EndChar
