Width: 1000
Flags: H
TeX: 117 0
LayerCount: 2
Fore
SplineSet
648 682 m 25
 750 682 l 25
 739 654 733 638 723 610 c 24
 710 574 703 553 690 517 c 25
 627 517 l 25
 648 682 l 25
690 88 m 25
 748 56 788 48 840 7 c 24
 884 -28 921 -49 933 -104 c 24
 939 -132 905 -156 876 -152 c 24
 841 -147 836 -113 813 -86 c 24
 784 -51 770 -30 744 7 c 24
 722 38 711 56 690 88 c 25
579 58 m 25
 611 29 640 21 660 -17 c 24
 667 -30 646 -36 633 -44 c 24
 604 -61 586 -66 555 -80 c 24
 517 -97 496 -109 456 -122 c 24
 415 -136 390 -138 348 -149 c 25
 390 -117 415 -100 456 -66 c 24
 488 -39 505 -23 534 7 c 24
 553 26 561 38 579 58 c 25
518 123 m 25
 849 123 l 25
 849 73 l 25
 518 73 l 25
 518 123 l 25
519 274 m 25
 849 274 l 25
 849 224 l 25
 519 224 l 25
 519 274 l 25
531 410 m 25
 846 410 l 25
 846 360 l 25
 531 360 l 25
 531 410 l 25
513 547 m 25
 795 547 l 25
 811 560 817 585 837 580 c 24
 872 570 889 549 906 517 c 24
 913 504 893 499 885 487 c 25
 885 106 l 17
 877 77 871 55 840 52 c 1
 816 54 805 78 795 106 c 9
 795 497 l 25
 513 497 l 25
 513 547 l 25
489 574 m 25
 532 554 568 558 600 523 c 24
 614 508 587 494 579 475 c 25
 579 100 l 17
 571 71 565 49 534 46 c 1
 510 48 499 72 489 100 c 9
 489 574 l 25
465 706 m 25
 831 706 l 25
 831 706 853 737 877 746 c 1
 896 739 920 711 939 685 c 1
 947 667 931 656 913 656 c 9
 465 656 l 25
 465 706 l 25
162 -110 m 24
 145 -116 133 -140 120 -128 c 24
 87 -98 89 -66 69 -26 c 25
 135 -18 171 -13 237 -5 c 24
 328 6 380 11 471 22 c 25
 423 -5 399 -26 348 -48 c 24
 278 -78 234 -85 162 -110 c 24
327 247 m 25
 364 231 392 232 423 205 c 24
 432 197 413 189 408 178 c 24
 387 136 379 110 354 70 c 24
 325 24 303 2 270 -41 c 25
 282 10 290 39 300 91 c 24
 312 152 316 186 327 247 c 25
108 238 m 25
 150 199 183 185 216 138 c 24
 236 110 244 86 237 52 c 24
 233 29 215 13 192 13 c 24
 170 13 160 32 150 52 c 24
 136 78 139 97 132 126 c 24
 122 170 117 194 108 238 c 25
144 317 m 25
 375 317 l 25
 375 267 l 17
 144 267 l 9
 144 317 l 25
147 546 m 25
 327 546 l 25
 343 559 349 584 369 579 c 24
 404 569 421 548 438 516 c 24
 445 503 425 498 417 486 c 25
 417 304 l 17
 409 275 403 253 372 250 c 1
 348 252 337 276 327 304 c 9
 327 496 l 25
 147 496 l 25
 147 546 l 25
93 576 m 25
 136 556 172 560 204 525 c 24
 218 510 191 496 183 477 c 25
 183 292 l 17
 175 263 169 241 138 238 c 1
 114 240 103 264 93 292 c 9
 93 576 l 25
66 691 m 25
 345 691 l 25
 345 691 367 722 391 731 c 1
 410 724 434 696 453 670 c 1
 461 652 445 641 427 641 c 9
 66 641 l 25
 66 691 l 25
EndSplineSet
EndChar
