Width: 1000
Flags: H
TeX: 117 0
LayerCount: 2
Fore
SplineSet
270 107 m 25
 314 74 347 64 384 23 c 24
 412 -7 426 -30 432 -70 c 24
 436 -99 433 -126 408 -142 c 24
 389 -154 366 -140 354 -121 c 24
 329 -83 337 -52 321 -10 c 24
 304 37 290 61 270 107 c 25
144 -172 m 24
 114 -142 111 -113 90 -76 c 25
 115 -71 130 -73 153 -64 c 24
 233 -32 276 -7 354 29 c 25
 363 -46 l 25
 289 -90 249 -117 174 -160 c 24
 163 -166 153 -181 144 -172 c 24
228 386 m 25
 228 572 l 25
 271 552 307 556 339 521 c 24
 353 506 326 492 318 473 c 25
 318 386 l 25
 228 386 l 25
516 207 m 1
 690 207 l 1
 690 157 l 1
 516 157 l 1
 516 207 l 1
465 407 m 25
 630 407 l 25
 646 420 652 445 672 440 c 24
 707 430 724 409 741 377 c 24
 748 364 728 359 720 347 c 25
 720 194 l 17
 712 165 706 143 675 140 c 1
 651 142 640 166 630 194 c 9
 630 357 l 25
 465 357 l 25
 465 407 l 25
474 -76 m 9
 474 244 l 25
 517 224 553 228 585 193 c 24
 599 178 572 164 564 145 c 25
 564 -19 l 17
 561 -34 566 -40 588 -40 c 9
 855 -40 l 25
 870 -15 881 -3 894 23 c 24
 915 67 923 94 942 140 c 25
 937 71 924 32 930 -37 c 24
 932 -58 963 -61 960 -82 c 24
 957 -104 934 -106 918 -121 c 25
 537 -121 l 17
 501 -121 478 -105 474 -76 c 9
780 146 m 25
 780 549 l 25
 491 549 l 25
 491 599 l 25
 780 599 l 25
 796 612 802 637 822 632 c 24
 857 622 874 601 891 569 c 24
 898 556 878 551 870 539 c 25
 870 146 l 17
 862 105 852 81 819 65 c 24
 797 54 786 84 765 98 c 24
 738 116 723 127 696 146 c 25
 780 146 l 25
513 782 m 25
 555 764 586 767 621 737 c 24
 632 728 606 720 600 707 c 24
 576 654 569 622 546 569 c 24
 525 520 522 487 489 446 c 24
 462 412 434 408 399 383 c 25
 418 427 431 452 447 497 c 24
 459 530 462 550 471 584 c 24
 484 634 493 662 504 713 c 24
 510 740 509 755 513 782 c 25
153 181 m 1
 387 181 l 1
 387 131 l 1
 153 131 l 1
 153 181 l 1
159 289 m 1
 378 289 l 1
 378 239 l 1
 159 239 l 1
 159 289 l 1
165 410 m 25
 342 410 l 25
 358 423 364 448 384 443 c 24
 419 433 436 412 453 380 c 24
 460 367 440 362 432 350 c 25
 432 155 l 17
 424 126 418 104 387 101 c 1
 363 103 352 127 342 155 c 9
 342 360 l 25
 165 360 l 25
 165 410 l 25
126 -100 m 9
 126 437 l 25
 169 417 205 421 237 386 c 24
 251 371 224 357 216 338 c 25
 216 -100 l 17
 126 -100 l 9
219 722 m 25
 272 701 306 698 354 668 c 24
 392 644 424 630 435 587 c 24
 442 560 418 532 390 530 c 24
 360 527 352 558 330 578 c 24
 306 600 298 618 273 638 c 24
 252 655 236 658 213 671 c 25
 219 722 l 25
186 783 m 25
 225 757 258 755 285 717 c 24
 296 701 273 689 264 672 c 24
 234 615 219 582 186 527 c 24
 153 472 135 440 93 392 c 24
 66 361 44 352 12 326 c 25
 42 385 63 416 90 477 c 24
 121 548 136 589 159 663 c 24
 173 709 175 736 186 783 c 25
EndSplineSet
EndChar
