Width: 1000
Flags: H
TeX: 117 0
LayerCount: 2
Fore
SplineSet
648 687 m 25
 744 687 l 25
 737 658 732 641 726 612 c 24
 719 578 717 559 711 525 c 25
 645 525 l 25
 646 552 648 567 648 594 c 24
 649 630 648 651 648 687 c 25
738 60 m 25
 786 37 816 29 861 0 c 24
 897 -23 931 -31 945 -72 c 24
 956 -103 943 -138 912 -150 c 24
 885 -161 868 -133 849 -111 c 24
 821 -79 818 -51 795 -15 c 24
 775 16 760 31 738 60 c 25
600 48 m 25
 635 20 671 17 690 -24 c 24
 698 -43 662 -40 645 -51 c 24
 615 -70 601 -85 570 -102 c 24
 537 -120 519 -132 483 -141 c 24
 447 -151 424 -150 387 -150 c 25
 426 -123 450 -111 486 -81 c 24
 526 -48 547 -27 582 12 c 24
 592 24 593 34 600 48 c 25
537 119 m 1
 864 119 l 1
 864 69 l 1
 537 69 l 1
 537 119 l 1
537 259 m 1
 870 259 l 1
 870 209 l 1
 537 209 l 1
 537 259 l 1
546 395 m 1
 861 395 l 1
 861 345 l 1
 546 345 l 1
 546 395 l 1
540 552 m 25
 804 552 l 25
 820 565 826 590 846 585 c 24
 881 575 898 554 915 522 c 24
 922 509 902 504 894 492 c 25
 894 105 l 17
 886 76 880 54 849 51 c 1
 825 53 814 77 804 105 c 9
 804 502 l 25
 540 502 l 25
 540 552 l 25
513 591 m 25
 556 571 592 575 624 540 c 24
 638 525 611 511 603 492 c 25
 603 90 l 17
 595 61 589 39 558 36 c 1
 534 38 523 62 513 90 c 9
 513 591 l 25
450 720 m 25
 852 720 l 25
 852 720 875 756 900 765 c 1
 926 761 914 732 945 699 c 1
 953 681 936 670 918 670 c 9
 450 670 l 25
 450 720 l 25
126 226 m 1
 423 226 l 1
 423 176 l 1
 126 176 l 1
 126 226 l 1
390 501 m 25
 433 481 469 485 501 450 c 24
 515 435 488 421 480 402 c 25
 480 195 l 17
 472 166 466 144 435 141 c 1
 411 143 400 167 390 195 c 9
 390 501 l 25
69 495 m 25
 112 475 148 479 180 444 c 24
 194 429 167 415 159 396 c 25
 159 159 l 17
 151 130 145 108 114 105 c 1
 90 107 79 131 69 159 c 9
 69 495 l 25
222 -27 m 9
 222 756 l 25
 265 736 301 740 333 705 c 24
 347 690 320 676 312 657 c 25
 312 60 l 17
 309 36 319 21 336 21 c 9
 390 21 l 25
 406 42 416 54 432 75 c 24
 446 94 454 104 468 123 c 25
 464 75 455 48 459 0 c 24
 460 -17 484 -22 480 -39 c 24
 475 -58 456 -59 441 -72 c 25
 273 -72 l 17
 250 -67 222 -56 222 -27 c 9
471 585 m 24
 473.016 573.24 452.8 580.77 441 579 c 24
 335.784 563.218 277.047 548.577 171 540 c 24
 117.305 535.657 86.8203 543.66 33 546 c 25
 140.64 576.42 203.551 586.687 309 624 c 24
 356.364 640.76 378.54 660.6 423 684 c 25
 441.72 645.39 463.75 627.292 471 585 c 24
EndSplineSet
EndChar
