Width: 1000
Flags: H
TeX: 117 0
LayerCount: 2
Fore
SplineSet
270 435 m 25
 270 609 l 25
 270 609 349 593 381 558 c 24
 395 543 368 529 360 510 c 25
 360 435 l 25
 270 435 l 25
324 129 m 17
 386 88 413 70 452 16 c 24
 477 -17 481 -45 482 -86 c 24
 483 -106 474 -123 456 -129 c 24
 436 -136 417 -130 405 -113 c 0
 381 -81 384 -53 371 -15 c 24
 352 41 342 73 324 129 c 17
159 -165 m 24
 131 -134 114 -69 114 -69 c 25
 114 -69 194 -50 243 -33 c 24
 305 -11 399 30 399 30 c 25
 417 -18 l 25
 417 -18 281 -105 192 -156 c 24
 180 -163 168 -175 159 -165 c 24
576 -58 m 1
 873 -58 l 1
 873 -108 l 1
 576 -108 l 1
 576 -58 l 1
570 227 m 25
 822 227 l 25
 838 240 844 265 864 260 c 24
 899 250 916 229 933 197 c 24
 940 184 920 179 912 167 c 25
 912 -85 l 17
 904 -114 898 -136 867 -139 c 1
 843 -137 832 -113 822 -85 c 9
 822 177 l 25
 570 177 l 25
 570 227 l 25
540 257 m 25
 540 257 619 241 651 206 c 24
 665 191 638 177 630 158 c 25
 630 -85 l 17
 622 -114 616 -136 585 -139 c 1
 561 -137 550 -113 540 -85 c 9
 540 257 l 25
822 573 m 17
 867 546 885 534 915 498 c 24
 946 461 971 431 976 391 c 0
 981 352 970 335 949 324 c 0
 932 316 909 321 897 338 c 0
 881 362 878 391 867 425 c 24
 849 482 840 515 822 573 c 17
483 411 m 25
 483 411 615 415 699 420 c 24
 775 425 894 437 894 437 c 25
 900 386 l 25
 900 386 695 348 564 321 c 24
 551 318 540 299 531 309 c 24
 502 342 483 411 483 411 c 25
669 731 m 25
 669 731 739 716 771 686 c 24
 782 676 760 666 753 653 c 25
 724 598 707 567 678 512 c 24
 647 453 629 421 597 362 c 25
 537 362 l 25
 563 431 578 470 603 539 c 24
 630 614 669 731 669 731 c 25
192 186 m 1
 438 186 l 1
 438 136 l 1
 192 136 l 1
 192 186 l 1
189 324 m 1
 423 324 l 1
 423 274 l 1
 189 274 l 1
 189 324 l 1
186 462 m 25
 387 462 l 25
 403 475 409 500 429 495 c 24
 464 485 481 464 498 432 c 24
 505 419 485 414 477 402 c 25
 477 162 l 17
 469 133 463 111 432 108 c 1
 408 110 397 134 387 162 c 9
 387 412 l 25
 186 412 l 25
 186 462 l 25
147 -111 m 9
 147 495 l 25
 147 495 226 479 258 444 c 24
 272 429 245 415 237 396 c 25
 237 -111 l 17
 147 -111 l 9
286 741 m 25
 286 741 385 704 442 669 c 24
 476 648 499 633 517 597 c 24
 528 575 529 547 508 534 c 24
 486 520 477 518 445 552 c 0
 426 573 393 601 358 630 c 24
 322 660 262 705 262 705 c 25
 286 741 l 25
259 780 m 25
 259 780 322 756 350 726 c 24
 358 717 338 711 331 702 c 25
 309 665 296 644 274 606 c 0
 238 543 196 492 133 432 c 24
 90 391 60 373 5 350 c 1
 55 417 77 450 118 516 c 24
 155 576 174 612 207 674 c 24
 229 715 259 780 259 780 c 25
EndSplineSet
EndChar
