Width: 1000
Flags: H
TeX: 117 0
LayerCount: 2
Fore
SplineSet
414 537 m 25
 414 537 480 529 510 504 c 24
 521 495 497 486 489 474 c 25
 468 441 461 419 435 390 c 24
 405 357 387 345 345 318 c 1
 369 378 378 405 396 462 c 24
 405 491 414 537 414 537 c 25
99 519 m 17
 145 504 176 492 207 453 c 24
 231 422 242 392 228 355 c 24
 219 331 186 324 165 339 c 24
 137 358 147 388 135 420 c 24
 121 459 113 480 99 519 c 17
51 303 m 25
 444 303 l 25
 444 303 466 334 490 343 c 1
 509 336 533 308 552 282 c 1
 560 264 544 253 526 253 c 9
 51 253 l 25
 51 303 l 25
738 534 m 25
 654 534 l 25
 684 675 l 25
 771 675 l 25
 738 534 l 25
456 708 m 9
 864 708 l 25
 864 708 886 739 910 748 c 1
 929 741 953 713 972 687 c 1
 980 669 964 658 946 658 c 9
 456 658 l 25
 456 708 l 9
750 78 m 17
 807 56 830 45 876 15 c 24
 908 -7 927 -21 948 -54 c 24
 962 -76 972 -95 963 -120 c 24
 955 -142 935 -151 912 -150 c 24
 890 -149 881 -132 867 -114 c 24
 843 -82 837 -58 816 -24 c 24
 791 16 776 38 750 78 c 17
624 51 m 25
 624 51 692 22 717 -15 c 24
 726 -28 697 -27 684 -36 c 24
 657 -54 644 -69 615 -84 c 24
 562 -111 530 -123 474 -141 c 24
 439 -152 420 -155 381 -159 c 1
 427 -132 443 -121 480 -93 c 24
 518 -64 539 -46 573 -12 c 24
 595 10 624 51 624 51 c 25
579 142 m 1
 870 142 l 1
 870 92 l 1
 579 92 l 1
 579 142 l 1
570 280 m 1
 861 280 l 1
 861 230 l 1
 570 230 l 1
 570 280 l 1
588 422 m 1
 861 422 l 1
 861 372 l 1
 588 372 l 1
 588 422 l 1
582 561 m 25
 819 561 l 25
 835 574 841 599 861 594 c 24
 896 584 913 563 930 531 c 24
 937 518 917 513 909 501 c 25
 909 105 l 17
 901 76 895 54 864 51 c 1
 840 53 829 77 819 105 c 9
 819 511 l 25
 582 511 l 25
 582 561 l 25
525 591 m 25
 525 591 604 575 636 540 c 24
 650 525 623 511 615 492 c 25
 615 102 l 17
 607 73 601 51 570 48 c 1
 546 50 535 74 525 102 c 9
 525 591 l 25
301 190 m 25
 301 190 392 148 435 102 c 24
 467 68 481 39 484 -7 c 24
 486 -32 471 -52 447 -60 c 24
 429 -66 416 -50 405 -34 c 24
 383 -3 386 22 366 54 c 24
 342 91 294 141 294 141 c 25
 301 190 l 25
255 222 m 26
 255 771 l 25
 255 771 334 755 366 720 c 24
 380 705 353 691 345 672 c 25
 345 219 l 26
 345 152 325 114 291 57 c 24
 257 -1 228 -30 174 -69 c 24
 128 -103 95 -115 39 -126 c 1
 88 -90 112 -69 150 -24 c 24
 187 19 206 47 228 99 c 24
 247 144 255 173 255 222 c 26
81 606 m 25
 414 606 l 25
 414 606 436 637 460 646 c 1
 479 639 503 611 522 585 c 1
 530 567 514 556 496 556 c 9
 81 556 l 25
 81 606 l 25
EndSplineSet
EndChar
