Width: 1000
Flags: H
TeX: 117 0
LayerCount: 2
Fore
SplineSet
351 174 m 25
 384 153 408 148 435 120 c 24
 459 95 474 76 477 42 c 24
 479 18 468 -1 447 -12 c 24
 430 -21 410 -16 399 0 c 24
 379 31 388 57 378 93 c 24
 369 125 362 142 351 174 c 25
117 180 m 25
 152 166 179 170 207 144 c 24
 217 135 196 126 189 114 c 25
 162 77 151 52 120 18 c 24
 88 -17 63 -31 27 -63 c 25
 50 -1 64 34 87 96 c 24
 99 129 105 147 117 180 c 25
231 -48 m 25
 231 228 l 25
 321 228 l 25
 321 -84 l 17
 309 -105 301 -132 273 -138 c 24
 252 -142 248 -115 231 -102 c 24
 201 -80 183 -69 153 -48 c 25
 231 -48 l 25
45 258 m 25
 399 258 l 25
 399 258 421 289 445 298 c 1
 464 291 488 263 507 237 c 1
 515 219 499 208 481 208 c 9
 45 208 l 25
 45 258 l 25
111 378 m 25
 315 378 l 25
 315 378 337 409 361 418 c 1
 380 411 404 383 423 357 c 1
 431 339 415 328 397 328 c 9
 111 328 l 25
 111 378 l 25
753 84 m 25
 807 58 842 52 891 18 c 24
 930 -10 960 -26 975 -72 c 24
 983 -96 961 -121 936 -123 c 24
 904 -126 887 -104 864 -81 c 24
 838 -55 836 -30 816 0 c 24
 793 34 778 51 753 84 c 25
603 57 m 25
 629 22 655 8 669 -33 c 24
 673 -45 651 -42 639 -48 c 25
 602 -67 583 -83 543 -96 c 24
 484 -116 448 -118 387 -132 c 25
 434 -98 463 -83 507 -45 c 24
 548 -9 566 17 603 57 c 25
543 124 m 1
 873 124 l 1
 873 74 l 1
 543 74 l 1
 543 124 l 1
549 277 m 1
 849 277 l 1
 849 227 l 1
 549 227 l 1
 549 277 l 1
549 433 m 1
 855 433 l 1
 855 383 l 1
 549 383 l 1
 549 433 l 1
537 570 m 25
 807 570 l 25
 823 583 829 608 849 603 c 24
 884 593 901 572 918 540 c 24
 925 527 905 522 897 510 c 25
 897 108 l 17
 889 79 883 57 852 54 c 1
 828 56 817 80 807 108 c 9
 807 520 l 25
 537 520 l 25
 537 570 l 25
507 594 m 25
 550 574 586 578 618 543 c 24
 632 528 605 514 597 495 c 25
 597 87 l 17
 589 58 583 36 552 33 c 1
 528 35 517 59 507 87 c 9
 507 594 l 25
672 543 m 25
 618 543 l 25
 633 690 l 25
 735 690 l 25
 672 543 l 25
447 726 m 25
 855 726 l 25
 855 726 877 757 901 766 c 1
 920 759 944 731 963 705 c 1
 971 687 955 676 937 676 c 9
 447 676 l 25
 447 726 l 25
135 657 m 25
 184 670 214 672 261 690 c 24
 309 708 378 750 378 750 c 1
 378 750 419 699 426 660 c 24
 428 648 408 653 396 648 c 25
 343 641 314 638 261 630 c 24
 215 623 190 619 144 612 c 25
 135 657 l 25
387 438 m 25
 165 438 l 17
 137 443 113 461 108 486 c 9
 108 786 l 25
 151 766 187 770 219 735 c 24
 233 720 206 706 198 687 c 25
 198 554 l 17
 198 533 218 519 234 518 c 9
 333 518 l 25
 345 529 352 534 363 546 c 24
 383 568 392 583 411 606 c 25
 411 569 405 547 411 510 c 24
 414 489 442 482 435 462 c 24
 428 442 406 447 387 438 c 25
EndSplineSet
EndChar
