Width: 1000
Flags: HW
LayerCount: 2
Fore
SplineSet
381 531 m 25
 421.95 515.79 450.14 516.946 486 492 c 24
 507.086 477.331 516.674 460.582 519 435 c 24
 520.708 416.212 513.031 398.548 495 393 c 24
 473.782 386.472 456.697 395.303 441 411 c 24
 428.345 423.655 440.004 439.992 432 456 c 24
 416.182 487.638 400.89 501.75 381 531 c 25
447 99 m 24
 464.16 123.117 461.64 142.92 471 171 c 25
 471 230 l 25
 561 230 l 17
 561 159 l 9
 548.13 123.9 552.983 96.8116 528 69 c 24
 488.094 24.5762 454.804 9.88768 402 -18 c 24
 363.831 -38.1582 337.95 -39.3496 297 -53 c 25
 264 -53 l 25
 301.44 -26.4805 324.706 -14.3153 360 15 c 24
 396.281 45.1348 419.656 60.5712 447 99 c 24
579 63 m 25
 579 -129 l 17
 571 -158 565 -180 534 -183 c 1
 510 -181 499 -157 489 -129 c 9
 489 63 l 25
 579 63 l 25
120 -43 m 25
 804 -43 l 25
 833 -15 842 17 867 26 c 1
 893 22 935 -31 966 -64 c 1
 974 -82 957 -93 939 -93 c 9
 120 -93 l 25
 120 -43 l 25
258 89 m 25
 780 89 l 25
 780 39 l 25
 258 39 l 25
 258 89 l 25
249 170 m 25
 786 170 l 25
 786 120 l 25
 249 120 l 25
 249 170 l 25
252 248 m 25
 720 248 l 25
 736.38 260.87 741.891 286.435 762 281 c 24
 797.178 271.492 814.287 250.381 831 218 c 24
 837.55 205.309 818.19 199.7 810 188 c 25
 810 63 l 17
 802 34 796 12 765 9 c 1
 741 11 730 35 720 63 c 9
 720 198 l 25
 252 198 l 25
 252 248 l 25
231 260 m 25
 274.29 240.11 309.953 244.251 342 209 c 24
 355.745 193.881 329.19 179.72 321 161 c 25
 321 69 l 17
 313 40 307 18 276 15 c 1
 252 17 241 41 231 69 c 9
 231 260 l 25
411 351 m 25
 450 336 478 339 510 312 c 24
 520 303 494 298 486 288 c 24
 470 267 462 254 447 233 c 25
 384 233 l 25
 388 245 390 252 393 265 c 24
 401 298 404 317 411 351 c 25
699 647 m 25
 636 647 l 25
 636 732 l 25
 726 732 l 25
 699 647 l 25
735 366 m 25
 785 358 817 364 864 345 c 24
 900 331 937 322 942 284 c 24
 946 254 909 240 879 240 c 24
 848 240 838 266 813 286 c 24
 801 295 797 303 786 314 c 24
 766 334 755 346 735 366 c 25
612 381 m 25
 647 363 677 365 702 334 c 24
 712 322 683 319 669 312 c 24
 639 296 622 288 591 276 c 24
 551 261 527 256 486 245 c 24
 464 239 451 238 429 233 c 25
 459 253 478 263 507 285 c 24
 530 302 543 313 564 333 c 24
 584 351 593 362 612 381 c 25
537 418 m 1
 852 418 l 1
 852 368 l 1
 537 368 l 1
 537 418 l 1
546 505 m 1
 846 505 l 1
 846 455 l 1
 546 455 l 1
 546 505 l 1
546 588 m 1
 840 588 l 1
 840 538 l 1
 546 538 l 1
 546 588 l 1
546 664 m 25
 795 664 l 25
 811 677 817 702 837 697 c 24
 872 687 889 666 906 634 c 24
 913 621 893 616 885 604 c 25
 885 405 l 17
 877 376 871 354 840 351 c 1
 816 353 805 377 795 405 c 9
 795 614 l 25
 546 614 l 25
 546 664 l 25
510 690 m 25
 553 670 589 674 621 639 c 24
 635 624 608 610 600 591 c 25
 600 410 l 17
 592 381 586 359 555 356 c 1
 531 358 520 382 510 410 c 9
 510 690 l 25
483 762 m 25
 855 762 l 25
 855 762 878 798 903 807 c 1
 929 803 917 774 948 741 c 1
 956 723 939 712 921 712 c 9
 483 712 l 25
 483 762 l 25
381 461 m 25
 417.27 440.33 451.234 442.992 474 408 c 24
 484.465 391.915 450.582 389.199 435 378 c 24
 413.128 362.279 401.487 352.186 378 339 c 24
 334.655 314.666 309.15 302.793 264 282 c 24
 220.183 261.821 196.659 246.248 150 234 c 24
 102.135 221.436 73.1396 224.85 24 219 c 25
 74.3096 245.91 103.533 259.571 153 288 c 24
 205.367 318.096 236.884 332.491 285 369 c 24
 326.311 400.346 343.56 425.12 381 461 c 25
132 488 m 24
 138 503 137 512 141 527 c 25
 182 512 214 519 246 489 c 24
 259 477 230 467 219 453 c 24
 202 432 194 418 174 399 c 24
 156 383 144 376 123 364 c 24
 103 352 90 347 69 336 c 25
 94 395 109 428 132 488 c 24
294 694 m 25
 366 694 l 25
 366 694 389 730 414 739 c 1
 440 735 428 706 459 673 c 1
 467 655 450 644 432 644 c 9
 294 644 l 25
 294 694 l 25
258 438 m 9
 258 788 l 25
 301 768 337 772 369 737 c 24
 383 722 356 708 348 689 c 25
 348 412 l 17
 340 383 334 361 303 358 c 1
 296 359 284 376 261 396 c 0
 207 438 l 1
 258 438 l 9
27 582 m 25
 420 582 l 25
 420 582 443 618 468 627 c 1
 494 623 482 594 513 561 c 1
 521 543 504 532 486 532 c 9
 27 532 l 25
 27 582 l 25
123 571 m 25
 123 720 l 25
 166 700 202 704 234 669 c 24
 248 654 221 640 213 621 c 25
 213 571 l 25
 123 571 l 25
EndSplineSet
EndChar
