Width: 1000
Flags: H
TeX: 117 0
LayerCount: 2
Fore
SplineSet
810 24 m 10
 810 280 l 25
 462 280 l 25
 462 330 l 25
 810 330 l 25
 826 343 832 368 852 363 c 24
 887 353 904 332 921 300 c 24
 928 287 908 282 900 270 c 25
 900 27 l 26
 900 -26 881 -57 849 -99 c 24
 826 -130 804 -151 765 -153 c 24
 744 -154 755 -121 741 -105 c 24
 720 -80 703 -72 678 -51 c 25
 753 -51 l 18
 777 -51 810 -27 810 24 c 10
618 261 m 26
 618 537 l 25
 708 537 l 25
 708 273 l 26
 708 204 698 164 675 99 c 24
 654 40 636 8 597 -42 c 24
 564 -84 542 -108 495 -132 c 24
 454 -154 433 -155 378 -156 c 1
 436 -121 462 -105 501 -57 c 24
 544 -4 561 32 585 96 c 24
 608 158 618 195 618 261 c 26
552 564 m 25
 840 564 l 25
 840 564 862 595 886 604 c 1
 905 597 929 569 948 543 c 1
 956 525 940 514 922 514 c 9
 552 514 l 25
 552 564 l 25
567 747 m 25
 567 747 637 735 666 705 c 24
 678 693 649 684 642 669 c 24
 622 628 617 602 597 561 c 24
 576 518 568 490 537 453 c 24
 508 418 484 404 447 381 c 1
 465 416 473 435 486 471 c 24
 510 539 520 579 540 648 c 24
 551 686 567 747 567 747 c 25
174 -12 m 25
 345 -12 l 25
 345 -12 367 19 391 28 c 1
 410 21 434 -7 453 -33 c 1
 461 -51 445 -62 427 -62 c 9
 174 -62 l 25
 174 -12 l 25
177 111 m 25
 336 111 l 25
 336 111 358 142 382 151 c 1
 401 144 425 116 444 90 c 1
 452 72 436 61 418 61 c 9
 177 61 l 25
 177 111 l 25
174 222 m 1
 396 222 l 1
 396 172 l 1
 174 172 l 1
 174 222 l 1
165 333 m 1
 402 333 l 1
 402 283 l 1
 165 283 l 1
 165 333 l 1
156 429 m 25
 351 429 l 25
 367 442 373 467 393 462 c 24
 428 452 445 431 462 399 c 24
 469 386 449 381 441 369 c 25
 441 216 l 17
 433 187 427 165 396 162 c 1
 372 164 361 188 351 216 c 9
 351 379 l 25
 156 379 l 25
 156 429 l 25
123 462 m 25
 123 462 202 446 234 411 c 24
 248 396 221 382 213 363 c 25
 213 -108 l 17
 205 -137 199 -159 168 -162 c 1
 144 -160 133 -136 123 -108 c 9
 123 462 l 25
168 549 m 25
 303 549 l 25
 303 549 325 580 349 589 c 1
 368 582 392 554 411 528 c 1
 419 510 403 499 385 499 c 9
 168 499 l 25
 168 549 l 25
267 744 m 25
 316 717 346 706 393 675 c 24
 418 659 437 651 450 624 c 24
 459 606 460 585 444 573 c 24
 425 559 405 563 384 573 c 24
 351 589 343 613 315 636 c 24
 286 661 267 673 237 696 c 25
 267 744 l 25
210 780 m 25
 210 780 280 760 312 729 c 24
 322 720 293 719 285 708 c 24
 249 656 237 622 201 570 c 24
 177 535 164 514 132 486 c 24
 104 461 94 449 51 435 c 1
 78 480 95 509 121 558 c 24
 148 610 164 639 186 693 c 24
 199 726 210 780 210 780 c 25
EndSplineSet
EndChar
