Width: 1000
Flags: H
TeX: 117 0
LayerCount: 2
Fore
SplineSet
591 713 m 25
 723 713 l 25
 651 551 l 25
 591 548 l 25
 591 713 l 25
471 90 m 25
 840 90 l 25
 840 40 l 25
 471 40 l 25
 471 90 l 25
702 47 m 25
 754.65 34.1299 786.722 34.2422 837 14 c 24
 877.956 -2.48926 902.178 -14.3877 933 -46 c 24
 950.308 -63.751 959.859 -81.9102 954 -106 c 24
 947.544 -132.54 933.304 -156.262 906 -157 c 24
 875.122 -157.835 865.147 -130.532 843 -109 c 24
 822.692 -89.2568 816.991 -73.0117 798 -52 c 24
 761.938 -12.1006 739.44 8.38965 702 47 c 25
558 59 m 25
 597.78 34.4297 632.94 34.1299 660 -4 c 24
 670.577 -18.9043 640.255 -25.6465 624 -34 c 24
 555.531 -69.1855 517.155 -91.0352 444 -115 c 24
 380.546 -135.787 341.52 -135.13 276 -148 c 25
 339.18 -110.56 376.3 -91.832 438 -52 c 24
 468.865 -32.0742 486.03 -19.9473 513 5 c 24
 533.125 23.6152 540.45 37.9404 558 59 c 25
492 250 m 25
 834 250 l 25
 834 200 l 25
 492 200 l 25
 492 250 l 25
489 400 m 25
 837 400 l 25
 837 350 l 25
 489 350 l 25
 489 400 l 25
489 563 m 25
 801 563 l 25
 817 576 823 601 843 596 c 24
 878 586 895 565 912 533 c 24
 919 520 899 515 891 503 c 25
 891 83 l 17
 883 54 877 32 846 29 c 1
 822 31 811 55 801 83 c 9
 801 513 l 25
 489 513 l 25
 489 563 l 25
447 596 m 25
 490.29 576.11 525.953 580.251 558 545 c 24
 571.745 529.881 545.19 515.72 537 497 c 25
 537 71 l 17
 529 42 523 20 492 17 c 1
 468 19 457 43 447 71 c 9
 447 596 l 25
387 731 m 25
 786 731 l 25
 815 759 824 791 849 800 c 1
 875 796 917 743 948 710 c 1
 956 692 939 681 921 681 c 9
 387 681 l 25
 387 731 l 25
36 149 m 25
 95.6699 157.19 129.693 159.498 189 170 c 24
 242.108 179.404 271.223 188.889 324 200 c 24
 360.15 207.61 380.73 210.98 417 218 c 25
 380.73 189.92 362.796 170.472 324 146 c 24
 286.383 122.272 262.511 113.356 222 95 c 24
 187.566 79.3975 167.527 71.9189 132 59 c 24
 115.99 53.1787 102.428 35.3486 90 47 c 24
 57.1631 77.7852 57.0596 109.22 36 149 c 25
195 620 m 25
 285 620 l 25
 285 161 l 25
 195 161 l 25
 195 620 l 25
39 647 m 25
 315 647 l 25
 315 647 338 683 363 692 c 1
 389 688 377 659 408 626 c 1
 416 608 399 597 381 597 c 9
 39 597 l 25
 39 647 l 25
EndSplineSet
EndChar
