Width: 1000
Flags: H
TeX: 117 0
LayerCount: 2
Fore
SplineSet
549 -108 m 9
 549 96 l 25
 639 96 l 25
 639 -42 l 17
 645 -72 651 -78 687 -78 c 9
 840 -78 l 25
 858.72 -47.5801 870.548 -31.1649 888 0 c 24
 903.34 27.3916 909.96 43.9199 924 72 c 25
 924 15.8398 918.758 -16.0849 924 -72 c 24
 925.866 -91.9053 951.919 -102.642 942 -120 c 24
 927.453 -145.457 909 -147 876 -156 c 9
 591 -156 l 17
 573 -150 555 -129 549 -108 c 9
342 27 m 25
 342 108 l 25
 432 108 l 25
 432 -12 l 25
 410.94 -42.4199 406.423 -66.3144 378 -90 c 24
 334.521 -126.232 306.42 -146.451 252 -162 c 24
 172.738 -184.646 120 -186 42 -186 c 9
 100.5 -162.6 136.162 -155.188 192 -126 c 24
 239.742 -101.044 268.286 -86.468 306 -48 c 24
 328.714 -24.832 327.96 -2.25 342 27 c 25
222 125 m 1
 774 125 l 1
 774 75 l 1
 222 75 l 1
 222 125 l 1
546 256 m 1
 774 256 l 1
 774 206 l 1
 546 206 l 1
 546 256 l 1
222 246 m 25
 393 246 l 25
 393 246 416 282 441 291 c 1
 467 287 455 258 486 225 c 1
 494 207 477 196 459 196 c 9
 222 196 l 25
 222 246 l 25
543 375 m 25
 726 375 l 25
 742.38 387.87 747.891 413.435 768 408 c 24
 803.178 398.492 820.287 377.381 837 345 c 24
 843.55 332.309 824.19 326.7 816 315 c 25
 816 102 l 17
 808 73 802 51 771 48 c 1
 747 50 736 74 726 102 c 9
 726 325 l 25
 543 325 l 25
 543 375 l 25
192 366 m 25
 235.29 346.11 270.953 350.251 303 315 c 24
 316.745 299.881 290.19 285.72 282 267 c 25
 282 108 l 17
 274 79 268 57 237 54 c 1
 213 56 202 80 192 108 c 9
 192 366 l 25
396 426 m 25
 425.25 394.41 455.731 385.254 471 345 c 24
 476.868 329.529 445.38 341.34 429 339 c 25
 240 288 l 25
 216 342 l 25
 260.46 358.38 287.063 363.963 330 384 c 24
 357.647 396.902 370.26 409.62 396 426 c 25
576 476 m 1
 756 476 l 1
 756 426 l 1
 576 426 l 1
 576 476 l 1
576 575 m 1
 768 575 l 1
 768 525 l 1
 576 525 l 1
 576 575 l 1
222 493 m 1
 384 493 l 1
 384 443 l 1
 222 443 l 1
 222 493 l 1
228 577 m 1
 384 577 l 1
 384 527 l 1
 228 527 l 1
 228 577 l 1
540 726 m 25
 540 450 l 17
 532 421 526 399 495 396 c 1
 471 398 460 422 450 450 c 9
 450 726 l 25
 540 726 l 25
807 607 m 25
 162 607 l 25
 162 657 l 25
 804 657 l 25
 827.4 669.87 838.451 697.776 864 690 c 24
 904.373 677.713 926.327 654.183 942 615 c 24
 948.787 598.031 920.04 596.7 906 585 c 25
 795 495 l 25
 807 607 l 25
162 693 m 25
 179.55 668.43 205.087 660.134 207 630 c 24
 210.219 579.305 201.982 546.396 174 504 c 24
 158.913 481.141 134.736 474.059 108 480 c 24
 83.7178 485.396 63.396 503.262 66 528 c 24
 69.4814 561.075 103.275 565.254 120 594 c 24
 141.092 630.252 145.62 654.39 162 693 c 25
240 750 m 25
 651 750 l 25
 651 750 687 791 712 800 c 1
 738 796 761 762 792 729 c 1
 800 711 783 700 765 700 c 9
 240 700 l 25
 240 750 l 25
EndSplineSet
EndChar
