Width: 1000
Flags: H
TeX: 117 0
LayerCount: 2
Fore
SplineSet
564 287 m 25
 564 -112 l 17
 556 -141 550 -163 519 -166 c 1
 495 -164 484 -140 474 -112 c 9
 474 287 l 25
 564 287 l 25
261 161 m 1
 351 161 l 1
 351 32 l 1
 261 32 l 1
 261 161 l 1
123 44 m 25
 759 44 l 25
 788 72 797 104 822 113 c 1
 848 109 890 56 921 23 c 1
 929 5 912 -6 894 -6 c 9
 123 -6 l 25
 123 44 l 25
222 180 m 25
 663 180 l 25
 692 208 701 240 726 249 c 1
 752 245 794 192 825 159 c 1
 833 141 816 130 798 130 c 9
 222 130 l 25
 222 180 l 25
291 309 m 1
 765 309 l 1
 765 259 l 1
 291 259 l 1
 291 309 l 1
270 425 m 25
 699 425 l 25
 715.38 437.87 720.891 463.435 741 458 c 24
 776.178 448.492 793.287 427.381 810 395 c 24
 816.55 382.309 797.19 376.7 789 365 c 25
 789 281 l 17
 781 252 775 230 744 227 c 1
 720 229 709 253 699 281 c 9
 699 375 l 25
 270 375 l 25
 270 425 l 25
252 455 m 25
 295.29 435.11 330.953 439.251 363 404 c 24
 376.745 388.881 350.19 374.72 342 356 c 25
 342 290 l 17
 334 261 328 239 297 236 c 1
 273 238 262 262 252 290 c 9
 252 455 l 25
423 782 m 25
 463.95 766.79 494.347 770.852 528 743 c 24
 539.294 733.653 514.027 724.096 510 710 c 24
 485.833 625.417 477.06 576.41 456 491 c 25
 366 491 l 25
 423 782 l 25
114 527 m 25
 789 527 l 25
 818 555 827 587 852 596 c 1
 878 592 920 539 951 506 c 1
 959 488 942 477 924 477 c 9
 114 477 l 25
 114 527 l 25
609 491 m 25
 609 618 l 25
 249 618 l 25
 249 668 l 25
 609 668 l 25
 625 681 631 706 651 701 c 24
 686 691 703 670 720 638 c 24
 727 625 707 620 699 608 c 25
 699 491 l 25
 609 491 l 25
EndSplineSet
EndChar
