Width: 1000
Flags: H
TeX: 117 0
LayerCount: 2
Fore
SplineSet
249 600 m 25
 249 768 l 25
 292 748 328 752 360 717 c 24
 374 702 347 688 339 669 c 25
 339 600 l 25
 249 600 l 25
582 -11 m 1
 867 -11 l 1
 867 -61 l 1
 582 -61 l 1
 582 -11 l 1
579 240 m 25
 819 240 l 25
 835.38 252.87 840.891 278.435 861 273 c 24
 896.178 263.492 913.287 242.381 930 210 c 24
 936.55 197.309 917.19 191.7 909 180 c 25
 909 -39 l 17
 901 -68 895 -90 864 -93 c 1
 840 -91 829 -67 819 -39 c 9
 819 190 l 25
 579 190 l 25
 579 240 l 25
537 270 m 25
 580.29 250.11 615.953 254.251 648 219 c 24
 661.745 203.881 635.19 189.72 627 171 c 25
 627 -60 l 17
 619 -89 613 -111 582 -114 c 1
 558 -112 547 -88 537 -60 c 9
 537 270 l 25
633 510 m 9
 633 669 l 25
 723 669 l 25
 723 492 l 17
 717 447 704.018 426.345 681 390 c 24
 658.85 355.025 642.561 336.239 609 312 c 24
 577.988 289.603 554.1 288.21 519 273 c 25
 547.08 310.44 570.714 326.825 591 369 c 24
 615.872 420.707 627 465 633 510 c 9
819 462 m 25
 819 640 l 25
 492 640 l 25
 492 690 l 25
 819 690 l 25
 835.38 702.87 840.891 728.435 861 723 c 24
 896.178 713.492 913.287 692.381 930 660 c 24
 936.55 647.309 917.19 641.7 909 630 c 25
 909 447 l 25
 899.64 414.24 899.996 393.593 885 363 c 24
 870.271 332.953 860.059 314.992 834 294 c 24
 815.846 279.376 799.757 270.943 777 276 c 24
 760.527 279.66 763.981 299.188 753 312 c 24
 735.771 332.101 723.72 341.28 705 360 c 25
 768 360 l 25
 783.21 378.72 796.213 386.426 807 408 c 24
 816.648 427.296 814.32 440.94 819 462 c 25
138 4 m 1
 402 4 l 1
 402 -46 l 1
 138 -46 l 1
 138 4 l 1
141 146 m 1
 399 146 l 1
 399 96 l 1
 141 96 l 1
 141 146 l 1
141 285 m 25
 357 285 l 25
 373 298 379 323 399 318 c 24
 434 308 451 287 468 255 c 24
 475 242 455 237 447 225 c 25
 447 -24 l 17
 439 -53 433 -75 402 -78 c 1
 378 -76 367 -52 357 -24 c 9
 357 235 l 25
 141 235 l 25
 141 285 l 25
105 312 m 25
 148.29 292.11 183.953 296.251 216 261 c 24
 229.745 245.881 203.19 231.72 195 213 c 25
 195 -63 l 17
 187 -92 181 -114 150 -117 c 1
 126 -115 115 -91 105 -63 c 9
 105 312 l 25
369 402 m 25
 324 402 l 25
 324 576 l 25
 429 576 l 25
 369 402 l 25
156 585 m 25
 191.1 555.75 227.195 551.641 246 510 c 24
 263.844 470.489 262.47 436.075 240 399 c 24
 228.818 380.55 199.027 393.804 186 411 c 24
 164.923 438.822 170.93 463.603 165 498 c 24
 159.204 531.615 159.51 551.07 156 585 c 25
33 411 m 25
 438 411 l 25
 438 411 461 447 486 456 c 1
 512 452 500 423 531 390 c 1
 539 372 522 361 504 361 c 9
 33 361 l 25
 33 411 l 25
51 615 m 25
 411 615 l 25
 411 615 434 651 459 660 c 1
 485 656 473 627 504 594 c 1
 512 576 495 565 477 565 c 9
 51 565 l 25
 51 615 l 25
EndSplineSet
EndChar
