Width: 1000
Flags: H
TeX: 117 0
LayerCount: 2
Fore
SplineSet
468 200 m 1
 816 200 l 1
 816 150 l 1
 468 150 l 1
 468 200 l 1
471 72 m 1
 819 72 l 1
 819 22 l 1
 471 22 l 1
 471 72 l 1
759 -93 m 25
 759 267 l 25
 462 267 l 25
 462 317 l 25
 759 317 l 25
 775 330 781 355 801 350 c 24
 836 340 853 319 870 287 c 24
 877 274 857 269 849 257 c 25
 849 -84 l 18
 849 -138 817 -165 771 -183 c 24
 746 -193 742 -154 723 -135 c 24
 707 -119 697 -109 681 -93 c 25
 759 -93 l 25
432 345 m 25
 432 345 511 329 543 294 c 24
 557 279 530 265 522 246 c 25
 522 -126 l 17
 514 -155 508 -177 477 -180 c 1
 453 -178 442 -154 432 -126 c 9
 432 345 l 25
588 390 m 25
 588 789 l 25
 588 789 667 773 699 738 c 24
 713 723 686 709 678 690 c 25
 678 390 l 25
 588 390 l 25
372 420 m 25
 786 420 l 25
 815 448 824 480 849 489 c 1
 875 485 917 432 948 399 c 1
 956 381 939 370 921 370 c 9
 372 370 l 25
 372 420 l 25
426 543 m 25
 768 543 l 25
 768 543 790 574 814 583 c 1
 833 576 857 548 876 522 c 1
 884 504 868 493 850 493 c 9
 426 493 l 25
 426 543 l 25
402 663 m 25
 780 663 l 25
 809 691 818 723 843 732 c 1
 869 728 911 675 942 642 c 1
 950 624 933 613 915 613 c 9
 402 613 l 25
 402 663 l 25
265 522 m 25
 342 522 l 25
 342 522 332 421 321 357 c 24
 304 254 270 93 270 93 c 25
 237 93 l 25
 237 93 256 287 264 411 c 24
 267 454 265 522 265 522 c 25
89 475 m 1
 137 420 159 390 183 325 c 24
 201 275 204 241 194 189 c 24
 190 166 172 147 149 151 c 24
 127 155 120 173 123 201 c 0
 127 242 129 273 123 319 c 24
 115 381 106 412 89 475 c 1
33 71 m 25
 33 71 111 83 159 96 c 24
 247 120 299 135 381 165 c 1
 348 129 328 111 288 84 c 24
 227 41 188 23 123 -14 c 24
 114 -19 106 -32 99 -25 c 24
 66 6 33 71 33 71 c 25
27 555 m 25
 306 555 l 25
 306 555 328 586 352 595 c 1
 371 588 395 560 414 534 c 1
 422 516 406 505 388 505 c 9
 27 505 l 25
 27 555 l 25
186 519 m 25
 186 771 l 25
 186 771 265 755 297 720 c 24
 311 705 284 691 276 672 c 25
 276 519 l 25
 186 519 l 25
EndSplineSet
EndChar
