Width: 1000
Flags: H
TeX: 117 0
LayerCount: 2
Fore
SplineSet
731 268 m 25
 731 -134 l 17
 723 -163 717 -185 686 -188 c 1
 662 -186 651 -162 641 -134 c 9
 641 268 l 25
 731 268 l 25
500 184 m 25
 813 184 l 25
 813 184 835 215 859 224 c 1
 878 217 902 189 921 163 c 1
 929 145 913 134 895 134 c 9
 500 134 l 25
 500 184 l 25
425 40 m 25
 821 40 l 25
 850 68 859 100 884 109 c 1
 910 105 952 52 983 19 c 1
 991 1 974 -10 956 -10 c 9
 425 -10 l 25
 425 40 l 25
485 1 m 25
 485 208 l 25
 485 208 564 192 596 157 c 24
 610 142 583 128 575 109 c 25
 575 1 l 25
 485 1 l 25
545 299 m 1
 815 299 l 1
 815 249 l 1
 545 249 l 1
 545 299 l 1
533 434 m 25
 761 434 l 25
 777 447 783 472 803 467 c 24
 838 457 855 436 872 404 c 24
 879 391 859 386 851 374 c 25
 851 286 l 17
 843 257 837 235 806 232 c 1
 782 234 771 258 761 286 c 9
 761 384 l 25
 533 384 l 25
 533 434 l 25
494 464 m 25
 494 464 573 448 605 413 c 24
 619 398 592 384 584 365 c 25
 584 286 l 17
 576 257 570 235 539 232 c 1
 515 234 504 258 494 286 c 9
 494 464 l 25
621 792 m 25
 621 792 682 775 707 746 c 24
 717 734 698 723 692 709 c 25
 648 507 l 17
 564 507 l 9
 621 792 l 25
464 526 m 25
 881 526 l 25
 881 526 903 557 927 566 c 1
 946 559 970 531 989 505 c 1
 997 487 981 476 963 476 c 9
 464 476 l 25
 464 526 l 25
746 514 m 25
 746 623 l 25
 473 623 l 25
 473 673 l 25
 746 673 l 25
 762 686 768 711 788 706 c 24
 823 696 840 675 857 643 c 24
 864 630 844 625 836 613 c 25
 836 514 l 25
 746 514 l 25
299 177 m 25
 299 -128 l 17
 291 -157 285 -179 254 -182 c 1
 230 -180 219 -156 209 -128 c 9
 209 177 l 25
 299 177 l 25
36 66 m 25
 366 66 l 25
 366 66 388 97 412 106 c 1
 431 99 455 71 474 45 c 1
 482 27 466 16 448 16 c 9
 36 16 l 25
 36 66 l 25
137 202 m 1
 383 202 l 1
 383 152 l 1
 137 152 l 1
 137 202 l 1
125 342 m 1
 383 342 l 1
 383 292 l 1
 125 292 l 1
 125 342 l 1
119 477 m 25
 341 477 l 25
 357 490 363 515 383 510 c 24
 418 500 435 479 452 447 c 24
 459 434 439 429 431 417 c 25
 431 195 l 17
 423 166 417 144 386 141 c 1
 362 143 351 167 341 195 c 9
 341 427 l 25
 119 427 l 25
 119 477 l 25
82 509 m 25
 82 509 161 493 193 458 c 24
 207 443 180 429 172 410 c 25
 172 191 l 17
 164 162 158 140 127 137 c 1
 103 139 92 163 82 191 c 9
 82 509 l 25
209 453 m 25
 209 784 l 25
 209 784 288 768 320 733 c 24
 334 718 307 704 299 685 c 25
 299 453 l 25
 209 453 l 25
17 621 m 25
 377 621 l 25
 377 621 399 652 423 661 c 1
 442 654 466 626 485 600 c 1
 493 582 477 571 459 571 c 9
 17 571 l 25
 17 621 l 25
EndSplineSet
EndChar
