Width: 1000
Flags: HW
TeX: 117 0
LayerCount: 2
Fore
SplineSet
384 144 m 25
 588 144 l 25
 588 94 l 25
 384 94 l 25
 384 144 l 25
393 334 m 25
 585 334 l 25
 585 284 l 25
 393 284 l 25
 393 334 l 25
549 492 m 25
 639 492 l 25
 639 -79 l 25
 549 -79 l 25
 549 492 l 25
357 495 m 25
 447 495 l 25
 447 -82 l 25
 357 -82 l 25
 357 495 l 25
174 -54 m 25
 810 -54 l 25
 810 -104 l 25
 174 -104 l 25
 174 -54 l 25
174 528 m 25
 768 528 l 25
 784 541 790 566 810 561 c 24
 845 551 862 530 879 498 c 24
 886 485 866 480 858 468 c 25
 858 -97 l 17
 850 -126 844 -148 813 -151 c 1
 789 -149 778 -125 768 -97 c 9
 768 478 l 25
 174 478 l 25
 174 528 l 25
147 555 m 25
 147 555 226 539 258 504 c 24
 272 489 245 475 237 456 c 25
 237 -100 l 17
 229 -129 223 -151 192 -154 c 1
 168 -152 157 -128 147 -100 c 9
 147 555 l 25
447 702 m 17
 555 702 l 1
 480 513 l 9
 402 513 l 25
 447 702 l 17
63 729 m 25
 777 729 l 25
 777 729 815 789 840 798 c 1
 866 794 908 741 939 708 c 1
 947 690 930 679 912 679 c 9
 63 679 l 25
 63 729 l 25
EndSplineSet
EndChar
