Width: 1000
Flags: HW
LayerCount: 2
Fore
SplineSet
609 318 m 25
 870 318 l 25
 870 318 893 354 918 363 c 1
 944 359 932 330 963 297 c 1
 971 279 954 268 936 268 c 9
 609 268 l 25
 609 318 l 25
597 430 m 1
 882 430 l 1
 882 380 l 1
 597 380 l 1
 597 430 l 1
609 536 m 1
 894 536 l 1
 894 486 l 1
 609 486 l 1
 609 536 l 1
606 648 m 25
 819 648 l 25
 835 661 841 686 861 681 c 24
 896 671 913 650 930 618 c 24
 937 605 917 600 909 588 c 25
 909 417 l 17
 901 388 895 366 864 363 c 1
 840 365 829 389 819 417 c 9
 819 598 l 25
 606 598 l 25
 606 648 l 25
660 780 m 25
 705.63 767.13 740.675 777.466 777 747 c 24
 792.239 734.219 762.36 719.55 753 702 c 25
 717 633 l 25
 660 633 l 25
 660 780 l 25
870 -42 m 9
 870 163 l 25
 609 163 l 25
 609 213 l 25
 870 213 l 25
 886.38 225.87 891.891 251.435 912 246 c 24
 947.178 236.492 964.287 215.381 981 183 c 24
 987.55 170.309 968.19 164.7 960 153 c 25
 960 -63 l 17
 954 -102 943.299 -121.917 921 -153 c 24
 903.532 -177.349 890.772 -197.597 861 -201 c 24
 838.67 -203.552 834.231 -178.144 816 -165 c 24
 783.886 -141.848 764.76 -130.23 732 -108 c 25
 837 -108 l 17
 859.642 -80.1504 862.278 -62.3535 870 -42 c 9
558 684 m 25
 601.29 664.11 636.953 668.251 669 633 c 24
 682.745 617.881 656.19 603.72 648 585 c 25
 648 195 l 17
 640 166 634 144 603 141 c 1
 579 143 568 167 558 195 c 9
 558 684 l 25
762 147 m 25
 798.27 123.6 826.731 119.618 855 87 c 24
 875.113 63.792 888.712 41.1349 879 12 c 24
 869.662 -16.0137 842.812 -42.3746 816 -30 c 24
 787.874 -17.0186 810.039 18.3712 801 48 c 24
 788.891 87.6914 777.21 108.39 762 147 c 25
690 129 m 25
 714.57 107.94 735.589 102.277 753 75 c 24
 772.114 45.0537 784.301 23.2656 780 -12 c 24
 777.389 -33.415 759.505 -46.2796 738 -48 c 24
 720.662 -49.3867 711.562 -34.1075 705 -18 c 24
 697.495 0.419922 707.019 13.2128 705 33 c 24
 701.153 70.6982 695.85 91.5596 690 129 c 25
621 117 m 25
 645.57 80.7305 669.086 65.1914 684 24 c 24
 694.755 -5.70312 699.26 -29.3406 684 -57 c 24
 674.887 -73.5186 653.664 -69.624 636 -63 c 24
 621.1 -57.4121 614.704 -45.6827 612 -30 c 24
 608.372 -8.95996 619.695 2.68946 621 24 c 24
 623.217 60.2021 621 80.7305 621 117 c 25
540 96 m 25
 555.21 71.4297 570.649 60.6641 579 33 c 24
 589.868 -3 602.21 -28.1844 588 -63 c 24
 575.354 -93.9814 552.297 -110.67 519 -114 c 24
 500.777 -115.822 498.495 -90.3066 498 -72 c 24
 497.249 -44.1992 509.255 -29.9805 516 -3 c 24
 525.636 35.542 530.64 57.3896 540 96 c 25
162 155 m 25
 441 155 l 25
 441 105 l 25
 162 105 l 25
 162 155 l 25
141 292 m 25
 432 292 l 25
 432 242 l 25
 141 242 l 25
 141 292 l 25
375 -51 m 25
 375 382 l 25
 138 382 l 25
 138 432 l 25
 375 432 l 25
 391.38 444.87 396.891 470.435 417 465 c 24
 452.178 455.492 469.287 434.381 486 402 c 24
 492.55 389.309 473.19 383.7 465 372 c 25
 465 -90 l 17
 465 -114 448.67 -152.833 417 -156 c 24
 389.524 -158.748 395.311 -117.707 375 -99 c 24
 350.177 -76.1367 331.08 -69.7197 303 -51 c 25
 375 -51 l 25
120 465 m 25
 163.29 445.11 198.953 449.251 231 414 c 24
 244.745 398.881 218.19 384.72 210 366 c 25
 210 -102 l 17
 202 -131 196 -153 165 -156 c 1
 141 -154 130 -130 120 -102 c 9
 120 465 l 25
399 663 m 25
 432.93 637.26 460.336 630.987 486 597 c 24
 505.854 570.707 522.236 546.591 510 516 c 24
 499.828 490.57 470.963 487.186 444 492 c 24
 427.509 494.945 430.151 514.771 426 531 c 24
 417.181 565.474 418.131 586.138 411 621 c 24
 407.586 637.689 403.68 646.62 399 663 c 25
87 477 m 0
 70.3623 485.319 51 576 51 576 c 1
 51 576 215.754 580.143 321 585 c 24
 367.882 587.164 394.2 590.49 441 594 c 25
 447 552 l 25
 382.65 541.47 346.164 536.61 282 525 c 24
 223.295 514.377 132 495 132 495 c 1
 132 495 111 465 87 477 c 0
252 792 m 25
 291 766 319 759 351 726 c 24
 358 719 337 718 330 711 c 24
 301 680 288 660 261 627 c 24
 233 592 217 572 189 537 c 25
 144 546 l 25
 163 583 174 604 192 642 c 24
 211 682 224 703 240 744 c 24
 247 762 247 773 252 792 c 25
EndSplineSet
EndChar
