Width: 1000
Flags: H
TeX: 117 0
LayerCount: 2
Fore
SplineSet
462 621 m 25
 462 783 l 25
 505 763 541 767 573 732 c 24
 587 717 560 703 552 684 c 25
 552 621 l 25
 462 621 l 25
273 -88 m 1
 741 -88 l 1
 741 -138 l 1
 273 -138 l 1
 273 -88 l 1
273 78 m 25
 687 78 l 25
 703 91 709 116 729 111 c 24
 764 101 781 80 798 48 c 24
 805 35 785 30 777 18 c 25
 777 -111 l 17
 769 -140 763 -162 732 -165 c 1
 708 -163 697 -139 687 -111 c 9
 687 28 l 25
 273 28 l 25
 273 78 l 25
240 111 m 25
 283 91 319 95 351 60 c 24
 365 45 338 31 330 12 c 25
 330 -132 l 17
 322 -161 316 -183 285 -186 c 1
 261 -184 250 -160 240 -132 c 9
 240 111 l 25
555 468 m 25
 555 153 l 17
 547 124 541 102 510 99 c 1
 486 101 475 125 465 153 c 9
 465 468 l 25
 555 468 l 25
711 207 m 25
 711 307 l 25
 264 307 l 25
 264 357 l 25
 711 357 l 25
 727 370 733 395 753 390 c 24
 788 380 805 359 822 327 c 24
 829 314 809 309 801 297 c 25
 801 147 l 25
 785 132 781 107 759 108 c 24
 731 110 726 137 702 153 c 24
 667 176 645 186 609 207 c 25
 711 207 l 25
219 396 m 25
 262 376 298 380 330 345 c 24
 344 330 317 316 309 297 c 25
 309 186 l 17
 301 157 295 135 264 132 c 1
 240 134 229 158 219 186 c 9
 219 396 l 25
603 618 m 25
 702 618 l 25
 687 588 681 569 663 540 c 24
 647 514 634 502 615 477 c 25
 579 477 l 25
 603 618 l 25
345 627 m 25
 388 595 425 590 456 546 c 24
 473 522 469 495 453 471 c 24
 442 454 418 453 402 465 c 24
 377 484 376 507 366 537 c 24
 354 571 353 592 345 627 c 25
837 448 m 25
 144 448 l 25
 144 498 l 25
 843 498 l 25
 861 513 867 547 888 537 c 24
 930 518 944 487 960 444 c 24
 965 429 944 426 933 414 c 25
 828 363 l 25
 837 448 l 25
144 534 m 25
 160 500 178 484 186 447 c 24
 194 409 199 383 183 348 c 24
 171 322 152 305 123 306 c 24
 98 307 81 326 78 351 c 24
 74 384 97 400 108 432 c 24
 122 472 130 494 144 534 c 25
159 648 m 25
 702 648 l 25
 731 676 740 708 765 717 c 1
 791 713 833 660 864 627 c 1
 872 609 855 598 837 598 c 9
 159 598 l 25
 159 648 l 25
EndSplineSet
EndChar
