Width: 1000
Flags: H
TeX: 117 0
LayerCount: 2
Fore
SplineSet
610 156 m 25
 646 90 l 25
 605.05 54.9004 585.876 29.9172 541 0 c 24
 497.464 -29.0244 470.044 -41.7657 421 -60 c 24
 378.174 -75.9229 351.46 -76.4697 307 -87 c 25
 368.62 -43.71 405.021 -21.5353 465 24 c 24
 500.68 51.0879 518.873 68.8434 552 99 c 24
 575.452 120.35 587.38 133.77 610 156 c 25
567 273 m 25
 609 198 l 25
 577.8 171.09 562.385 153.145 529 129 c 24
 474.828 89.8223 445.373 64.714 385 36 c 24
 348.095 18.4473 322.78 21.3604 283 12 c 25
 337.6 57.6299 369.582 81.9922 423 129 c 24
 457.376 159.251 475.621 177.621 508 210 c 24
 531.803 233.803 543.99 248.43 567 273 c 25
676 390 m 25
 707.59 310.44 715.666 260.962 757 186 c 24
 785.5 134.312 807.026 106.018 853 69 c 24
 899.055 31.917 935.35 26.9102 988 0 c 25
 959.92 -16.3799 940.682 -20.8438 916 -42 c 24
 898.752 -56.7842 905.708 -90.6484 883 -90 c 24
 848.604 -89.0176 832.542 -65.833 811 -39 c 24
 764.646 18.7393 741.506 55.0898 712 123 c 24
 667.326 225.82 657.1 289.53 622 396 c 25
 676 390 l 25
793 366 m 25
 831.61 337.92 865.807 333.914 892 294 c 24
 901.258 279.893 870.04 279.36 856 270 c 25
 739 138 l 1
 709 174 l 25
 725.38 205.59 736.737 222.399 751 255 c 24
 769.552 297.404 776.62 322.71 793 366 c 25
553 345 m 25
 592.78 297.03 625.705 277.003 655 222 c 24
 684.238 167.104 691.479 130.611 700 69 c 24
 706.899 19.1104 710.898 -12.5547 694 -60 c 24
 678.918 -102.345 666.741 -145.67 622 -150 c 0
 591 -153 594.866 -127.635 577 -114 c 24
 550.398 -93.6992 534.91 -82.8896 508 -63 c 25
 583 -63 l 25
 595.87 -48.96 610.704 -45.2949 616 -27 c 24
 624.459 2.2207 620.626 20.9336 616 51 c 24
 608.837 97.5586 601.052 123.363 586 168 c 24
 567.048 224.204 551.23 254.01 529 309 c 25
 553 345 l 25
502 408 m 25
 625 408 l 25
 605.11 377.58 596.16 358.809 574 330 c 24
 549.237 297.809 535.908 278.348 505 252 c 24
 464.004 217.052 439.932 196.534 391 174 c 24
 349.499 154.888 321.46 157.53 277 147 c 25
 323.8 185.61 353.424 203.785 397 246 c 24
 428.633 276.645 445.046 296.042 469 333 c 24
 486.381 359.816 489.13 378.75 502 408 c 25
328 426 m 25
 802 426 l 25
 831 454 840 486 865 495 c 1
 891 491 933 438 964 405 c 1
 972 387 955 376 937 376 c 9
 328 376 l 25
 328 426 l 25
436 560 m 1
 703 560 l 1
 703 510 l 1
 436 510 l 1
 436 560 l 1
714 408 m 25
 622 408 l 25
 636.04 448.95 644.716 471.799 658 513 c 24
 671.63 555.272 678.13 579.49 691 622 c 25
 466 622 l 25
 466 672 l 25
 697 672 l 25
 718.06 686.04 726.64 714.871 751 708 c 24
 786.071 698.108 800.217 672.732 814 639 c 24
 819.112 626.488 798.75 624.36 789 615 c 25
 714 408 l 25
460 765 m 25
 497.44 752.13 524.328 755.754 556 732 c 24
 566.081 724.439 548.68 713.7 544 702 c 25
 527.62 662.22 518.588 639.693 502 600 c 24
 485.828 561.303 483.604 535.668 460 501 c 24
 444.984 478.946 432.607 457.029 406 459 c 24
 384.58 460.587 377.851 485.553 379 507 c 24
 381.614 555.791 400.364 580.383 415 627 c 24
 431.957 681.01 442.45 711.18 460 765 c 25
70 248 m 1
 271 248 l 1
 271 198 l 1
 70 198 l 1
 70 248 l 1
61 615 m 25
 214 615 l 25
 230 628 236 653 256 648 c 24
 291 638 308 617 325 585 c 24
 332 572 312 567 304 555 c 25
 304 201 l 17
 296 172 290 150 259 147 c 1
 235 149 224 173 214 201 c 9
 214 565 l 25
 61 565 l 25
 61 615 l 25
19 651 m 25
 62 631 98 635 130 600 c 24
 144 585 117 571 109 552 c 25
 109 123 l 17
 101 94 95 72 64 69 c 1
 40 71 29 95 19 123 c 9
 19 651 l 25
EndSplineSet
EndChar
