Width: 1000
Flags: H
TeX: 117 0
LayerCount: 2
Fore
SplineSet
411 16 m 1
 567 16 l 1
 567 -34 l 1
 411 -34 l 1
 411 16 l 1
405 237 m 25
 513 237 l 25
 529 250 535 275 555 270 c 24
 590 260 607 239 624 207 c 24
 631 194 611 189 603 177 c 25
 603 0 l 17
 595 -29 589 -51 558 -54 c 1
 534 -52 523 -28 513 0 c 9
 513 187 l 25
 405 187 l 25
 405 237 l 25
366 264 m 25
 409 244 445 248 477 213 c 24
 491 198 464 184 456 165 c 25
 456 -72 l 17
 448 -101 442 -123 411 -126 c 1
 387 -124 376 -100 366 -72 c 9
 366 264 l 25
795 447 m 25
 835.95 417.75 867.343 410.288 900 372 c 24
 908.213 362.371 889.02 355.53 882 345 c 25
 852.75 278.31 839.567 239.135 807 174 c 24
 769.29 98.5811 750.355 54.0791 702 -15 c 24
 667.827 -63.8174 643.927 -89.2746 597 -126 c 24
 561.976 -153.41 534.78 -157.11 495 -177 c 25
 537.12 -122.01 565.844 -94.459 603 -36 c 24
 653.84 43.9883 681.9 90.2177 720 177 c 24
 745.454 234.979 748.053 271.989 765 333 c 24
 777.305 377.297 783.3 402.54 795 447 c 25
405 411 m 25
 567 411 l 25
 567 411 590 447 615 456 c 1
 641 452 629 423 660 390 c 1
 668 372 651 361 633 361 c 9
 405 361 l 25
 405 411 l 25
711 768 m 25
 753.12 746.94 787.578 749.075 819 714 c 24
 843.05 687.154 853.723 657.328 840 624 c 24
 830.477 600.872 799.226 600.529 777 612 c 24
 753.752 623.999 757.194 647.905 747 672 c 24
 731.42 708.826 725.04 730.56 711 768 c 25
606 261 m 25
 606 786 l 25
 649.29 766.11 684.953 770.251 717 735 c 24
 730.745 719.881 704.19 705.72 696 687 c 25
 696 213 l 17
 705 156 725.728 123.527 756 72 c 24
 781.27 28.9873 805.41 11.6104 837 -27 c 25
 853.38 -3.59961 865.852 7.64252 879 33 c 24
 898.803 71.1914 904.62 95.2197 921 135 c 25
 906 -75 l 1
 906 -75 940.068 -108.439 933 -132 c 24
 925.908 -155.641 902.969 -170.887 879 -165 c 24
 826.364 -152.072 802.026 -126.546 762 -90 c 24
 720.168 -51.8057 700.663 -24.8582 672 24 c 24
 648.579 63.9219 642.417 90.4112 630 135 c 24
 616.58 183.189 615.36 211.86 606 261 c 25
366 573 m 25
 810 573 l 25
 839 601 848 633 873 642 c 1
 899 638 941 585 972 552 c 1
 980 534 963 523 945 523 c 9
 366 523 l 25
 366 573 l 25
339 180 m 25
 339 606 l 25
 382.29 586.11 417.953 590.251 450 555 c 24
 463.745 539.881 437.19 525.72 429 507 c 25
 429 195 l 25
 418.47 156.39 416.941 133.127 402 96 c 24
 378.167 36.7783 368.18 0.161004 330 -51 c 24
 307.872 -80.6523 284.972 -88.2143 252 -105 c 24
 220.016 -121.283 198.93 -123.3 165 -135 c 25
 198.93 -99.9004 221.945 -83.4704 252 -45 c 24
 280.785 -8.15527 298.138 13.3906 315 57 c 24
 332.626 102.586 329.64 132.03 339 180 c 25
78 194 m 1
 258 194 l 1
 258 144 l 1
 78 144 l 1
 78 194 l 1
75 627 m 25
 195 627 l 25
 211 640 217 665 237 660 c 24
 272 650 289 629 306 597 c 24
 313 584 293 579 285 567 c 25
 285 141 l 17
 277 112 271 90 240 87 c 1
 216 89 205 113 195 141 c 9
 195 577 l 25
 75 577 l 25
 75 627 l 25
48 651 m 25
 91 631 127 635 159 600 c 24
 173 585 146 571 138 552 c 25
 138 54 l 17
 130 25 124 3 93 0 c 1
 69 2 58 26 48 54 c 9
 48 651 l 25
EndSplineSet
EndChar
