Width: 1000
Flags: H
TeX: 117 0
LayerCount: 2
Fore
SplineSet
570 597 m 25
 570 774 l 25
 613 754 649 758 681 723 c 24
 695 708 668 694 660 675 c 25
 660 597 l 25
 570 597 l 25
678 405 m 25
 678 -120 l 17
 670 -149 664 -171 633 -174 c 1
 609 -172 598 -148 588 -120 c 9
 588 405 l 25
 678 405 l 25
771 33 m 25
 771 202 l 25
 423 202 l 25
 423 252 l 25
 771 252 l 25
 787.38 264.87 792.891 290.435 813 285 c 24
 848.178 275.492 865.287 254.381 882 222 c 24
 888.55 209.309 869.19 203.7 861 192 c 25
 861 -27 l 25
 841.11 -42.21 835.026 -66.8073 810 -66 c 24
 786.848 -65.2529 785.076 -39.6532 768 -24 c 24
 742.929 -1.01855 727.74 10.7695 702 33 c 25
 771 33 l 25
402 273 m 25
 445.29 253.11 480.953 257.251 513 222 c 24
 526.745 206.881 500.19 192.72 492 174 c 25
 492 -18 l 17
 484 -47 478 -69 447 -72 c 1
 423 -70 412 -46 402 -18 c 9
 402 273 l 25
702 597 m 25
 798 597 l 25
 780 557 776 532 753 495 c 24
 730 458 709 442 681 408 c 25
 648 417 l 25
 661 451 671 469 681 504 c 24
 692 540 694 561 702 597 c 25
480 603 m 25
 511.59 573.75 541.221 566.239 561 528 c 24
 578.812 493.564 581.219 466.11 570 429 c 24
 563.611 407.869 542.377 390.51 522 399 c 24
 498.736 408.693 503.326 434.366 498 459 c 24
 493.797 478.44 500.467 490.264 498 510 c 24
 493.418 546.658 487.02 566.73 480 603 c 25
858 379 m 25
 393 379 l 25
 393 429 l 25
 849 429 l 25
 869 444 876 476 900 468 c 24
 938 455 950 426 966 390 c 24
 971 380 951 381 942 375 c 25
 849 300 l 25
 858 379 l 25
387 471 m 25
 398 427 413 403 414 357 c 24
 414 326 409 306 390 282 c 24
 375 262 357 244 333 252 c 24
 311 260 310 285 312 309 c 24
 314 335 331 345 342 369 c 24
 360 408 369 431 387 471 c 25
330 624 m 25
 789 624 l 25
 818 652 827 684 852 693 c 1
 878 689 920 636 951 603 c 1
 959 585 942 574 924 574 c 9
 330 574 l 25
 330 624 l 25
93 185 m 1
 246 185 l 1
 246 135 l 1
 93 135 l 1
 93 185 l 1
87 609 m 25
 213 609 l 25
 229.38 621.87 234.891 647.435 255 642 c 24
 290.178 632.492 307.287 611.381 324 579 c 24
 330.55 566.309 311.19 560.7 303 549 c 25
 303 129 l 17
 295 100 289 78 258 75 c 1
 234 77 223 101 213 129 c 9
 213 559 l 25
 87 559 l 25
 87 609 l 25
51 651 m 25
 94.29 631.11 129.953 635.251 162 600 c 24
 175.745 584.881 149.19 570.72 141 552 c 25
 141 84 l 17
 133 55 127 33 96 30 c 1
 72 32 61 56 51 84 c 9
 51 651 l 25
EndSplineSet
EndChar
