Width: 1000
Flags: H
TeX: 117 0
LayerCount: 2
Fore
SplineSet
456 123 m 25
 495 162 l 25
 531 128 550 106 588 75 c 24
 627 43 651 27 693 0 c 24
 733 -26 753 -46 798 -60 c 24
 846 -75 877 -69 927 -75 c 25
 890 -98 866 -108 831 -135 c 24
 814 -148 816 -181 795 -177 c 24
 740 -167 716 -140 672 -105 c 24
 618 -62 594 -29 546 21 c 24
 510 60 491 83 456 123 c 25
675 121 m 25
 471 121 l 25
 471 171 l 25
 690 171 l 25
 711.06 187.38 718.08 219.322 744 213 c 24
 781.785 203.784 797.301 176.584 813 141 c 24
 819.048 127.291 798.36 122.7 789 111 c 25
 748.05 74.7305 725.576 53.5508 684 18 c 24
 644.833 -15.4902 626.104 -39.3438 582 -66 c 24
 518.846 -104.17 482.283 -127.916 411 -147 c 24
 331.491 -168.286 285 -168 201 -168 c 9
 274.71 -138.75 318.945 -128.213 390 -93 c 24
 451.674 -62.4365 484.958 -41.3301 540 0 c 24
 596.539 42.4531 622.35 73.8096 675 121 c 25
537 309 m 25
 566 283 590 275 612 243 c 24
 618 234 607 227 600 219 c 24
 566 184 544 167 507 135 c 24
 463 98 441 73 393 42 c 24
 352 15 326 3 279 -12 c 24
 240 -24 215 -21 174 -27 c 25
 228 5 263 15 312 54 c 24
 380 107 414 142 471 207 c 24
 502 243 511 269 537 309 c 25
621 316 m 9
 621 555 l 25
 711 555 l 25
 711 378 l 17
 713 364 727 342 753 342 c 9
 825 342 l 25
 836 361 844 370 852 390 c 24
 863 419 865 438 873 468 c 25
 881 426 878 400 894 360 c 24
 902 339 936 340 933 318 c 24
 929 291 909 273 882 271 c 9
 657 271 l 17
 641 271 621 291 621 316 c 9
495 507 m 25
 528.93 480.09 556.196 472.779 582 438 c 24
 588.972 428.604 571.091 423.307 564 414 c 24
 533.65 374.166 519.181 349.509 486 312 c 24
 465.142 288.421 452.431 275.103 426 258 c 24
 392.171 236.111 369.27 230.55 333 213 c 25
 359.91 251.61 377.938 271.554 402 312 c 24
 433.038 364.17 447.868 395.208 474 450 c 24
 484.198 471.383 486.81 484.77 495 507 c 25
732 684 m 25
 780 654 814 646 855 606 c 24
 875 587 885 567 879 540 c 24
 874 518 856 504 834 504 c 24
 816 504 807 518 798 534 c 24
 785 555 790 572 780 594 c 24
 764 630 751 649 732 684 c 25
330 573 m 25
 819 588 l 25
 828 546 l 25
 669 525 579 515 420 492 c 24
 402 489 389 468 375 480 c 24
 345 507 348 537 330 573 c 25
504 531 m 25
 462 531 l 25
 477 573 486 597 501 639 c 24
 522 697 534 730 555 789 c 25
 591 774 619 777 648 750 c 24
 659 740 644 726 636 714 c 24
 588 640 555 602 504 531 c 25
111 208 m 1
 294 208 l 1
 294 158 l 1
 111 158 l 1
 111 208 l 1
102 612 m 25
 237 612 l 25
 253 625 259 650 279 645 c 24
 314 635 331 614 348 582 c 24
 355 569 335 564 327 552 c 25
 327 177 l 17
 319 148 313 126 282 123 c 1
 258 125 247 149 237 177 c 9
 237 562 l 25
 102 562 l 25
 102 612 l 25
63 636 m 25
 106 616 142 620 174 585 c 24
 188 570 161 556 153 537 c 25
 153 114 l 17
 145 85 139 63 108 60 c 1
 84 62 73 86 63 114 c 9
 63 636 l 25
EndSplineSet
EndChar
