Width: 1000
Flags: H
TeX: 117 0
LayerCount: 2
Fore
SplineSet
687 156 m 25
 735 156 l 25
 768 107 782 76 819 30 c 24
 847 -4 866 -20 900 -48 c 24
 924 -67 940 -74 966 -90 c 25
 945 -102 933 -108 912 -120 c 24
 894 -131 887 -157 867 -150 c 24
 831 -138 821 -111 798 -81 c 24
 767 -40 751 -14 729 33 c 24
 708 79 703 108 687 156 c 25
660 177 m 9
 660 315 l 25
 750 315 l 25
 750 171 l 17
 747 123 732 80 705 27 c 24
 678 -26 659 -56 615 -96 c 24
 577 -130 540 -150 501 -159 c 9
 531 -118 553 -98 579 -54 c 24
 609 -3 625 28 645 84 c 24
 657 119 657 138 660 177 c 9
528 177 m 25
 840 177 l 25
 840 177 862 208 886 217 c 1
 905 210 929 182 948 156 c 1
 956 138 940 127 922 127 c 9
 528 127 l 25
 528 177 l 25
573 348 m 25
 801 348 l 25
 801 348 823 379 847 388 c 1
 866 381 890 353 909 327 c 1
 917 309 901 298 883 298 c 9
 573 298 l 25
 573 348 l 25
585 465 m 25
 619 453 643 456 672 435 c 24
 681 428 669 418 663 408 c 24
 633 359 619 329 582 285 c 24
 556 254 534 243 504 216 c 25
 517 255 524 276 537 315 c 24
 556 373 566 406 585 465 c 25
513 504 m 25
 852 504 l 25
 852 504 874 535 898 544 c 1
 917 537 941 509 960 483 c 1
 968 465 952 454 934 454 c 9
 513 454 l 25
 513 504 l 25
738 486 m 25
 738 634 l 25
 582 634 l 25
 582 684 l 25
 738 684 l 25
 754 697 760 722 780 717 c 24
 815 707 832 686 849 654 c 24
 856 641 836 636 828 624 c 25
 828 486 l 25
 738 486 l 25
387 483 m 25
 430 463 466 467 498 432 c 24
 512 417 485 403 477 384 c 25
 477 -114 l 17
 469 -143 463 -165 432 -168 c 1
 408 -166 397 -142 387 -114 c 9
 387 483 l 25
459 744 m 25
 499 721 530 718 561 684 c 24
 570 674 544 669 537 657 c 24
 502 596 493 556 453 498 c 24
 415 443 390 396 339 369 c 9
 362 438 376 477 399 546 c 24
 413 589 422 613 435 657 c 24
 445 691 450 710 459 744 c 25
93 193 m 1
 288 193 l 1
 288 143 l 1
 93 143 l 1
 93 193 l 1
84 588 m 25
 252 588 l 25
 268 601 274 626 294 621 c 24
 329 611 346 590 363 558 c 24
 370 545 350 540 342 528 c 25
 342 141 l 17
 334 112 328 90 297 87 c 1
 273 89 262 113 252 141 c 9
 252 538 l 25
 84 538 l 25
 84 588 l 25
48 615 m 25
 91 595 127 599 159 564 c 24
 173 549 146 535 138 516 c 25
 138 66 l 17
 130 37 124 15 93 12 c 1
 69 14 58 38 48 66 c 9
 48 615 l 25
EndSplineSet
EndChar
