Width: 1000
Flags: H
TeX: 117 0
LayerCount: 2
Fore
SplineSet
555 108 m 25
 612 108 l 25
 697 46 740 2 831 -51 c 24
 885 -83 923 -86 981 -108 c 25
 944 -117 920 -115 885 -132 c 24
 861 -144 863 -183 837 -180 c 24
 796 -175 783 -145 753 -117 c 24
 690 -59 656 -25 600 39 c 24
 579 63 573 81 555 108 c 25
513 99 m 9
 513 267 l 25
 556.29 247.11 591.953 251.251 624 216 c 24
 637.745 200.881 611.19 186.72 603 168 c 25
 603 63 l 17
 600 33 561.828 -27.7549 516 -69 c 24
 465.403 -114.537 428.927 -136.048 363 -153 c 16
 293 -171 267 -162 195 -159 c 9
 252.33 -134.43 287.319 -126.008 342 -96 c 24
 383.854 -73.0322 409.523 -59.8945 441 -24 c 24
 477.648 17.792 510 51 513 99 c 9
300 132 m 25
 789 132 l 25
 818 160 827 192 852 201 c 1
 878 197 920 144 951 111 c 1
 959 93 942 82 924 82 c 9
 300 82 l 25
 300 132 l 25
294 378 m 1
 294 378 338 377 366 378 c 24
 458 381 511 383 603 387 c 25
 571 368 556 354 522 339 c 24
 487 323 465 321 429 309 c 24
 404 300 391 293 366 285 c 24
 348 279 330 258 318 273 c 24
 292 306 294 378 294 378 c 1
657 513 m 25
 657 627 l 25
 747 627 l 25
 747 492 l 17
 741 438 721 385 684 327 c 24
 660 290 636 276 597 255 c 9
 613 309 626 338 639 393 c 24
 650 439 650 466 657 513 c 25
819 444 m 1
 819 598 l 25
 612 598 l 25
 612 648 l 25
 819 648 l 25
 835.38 660.87 840.891 686.435 861 681 c 24
 896.178 671.492 913.287 650.381 930 618 c 24
 936.55 605.309 917.19 599.7 909 588 c 25
 909 402 l 17
 897 348 889.333 328.533 864 288 c 24
 847.314 261.304 835.469 234.899 804 234 c 24
 777.485 233.242 776.872 265.398 759 285 c 24
 740.598 305.184 729.72 316.11 711 336 c 25
 783 336 l 25
 793.53 355.89 802.883 365.649 810 387 c 24
 817.117 408.351 816 390 819 444 c 1
300 660 m 25
 531 660 l 25
 531 660 554 696 579 705 c 1
 605 701 593 672 624 639 c 1
 632 621 615 610 597 610 c 9
 300 610 l 25
 300 660 l 25
87 194 m 25
 261 194 l 25
 261 144 l 25
 87 144 l 25
 87 194 l 25
87 603 m 25
 204 603 l 25
 220 616 226 641 246 636 c 24
 281 626 298 605 315 573 c 24
 322 560 302 555 294 543 c 25
 294 162 l 17
 286 133 280 111 249 108 c 1
 225 110 214 134 204 162 c 9
 204 553 l 25
 87 553 l 25
 87 603 l 25
57 639 m 25
 100 619 136 623 168 588 c 24
 182 573 155 559 147 540 c 25
 147 120 l 17
 139 91 133 69 102 66 c 1
 78 68 67 92 57 120 c 9
 57 639 l 25
387 768 m 25
 430 748 466 752 498 717 c 24
 512 702 485 688 477 669 c 25
 477 270 l 17
 469 241 463 219 432 216 c 1
 408 218 397 242 387 270 c 9
 387 768 l 25
311 512 m 25
 501 512 l 25
 501 512 524 548 549 557 c 1
 575 553 563 524 594 491 c 1
 602 473 585 462 567 462 c 9
 311 462 l 25
 311 512 l 25
EndSplineSet
EndChar
