Width: 1000
Flags: H
TeX: 117 0
LayerCount: 2
Fore
SplineSet
243 -80 m 25
 732 -80 l 25
 732 -130 l 25
 243 -130 l 25
 243 -80 l 25
249 99 m 25
 693 99 l 25
 709 112 715 137 735 132 c 24
 770 122 787 101 804 69 c 24
 811 56 791 51 783 39 c 25
 783 -116 l 17
 775 -145 769 -167 738 -170 c 1
 714 -168 703 -144 693 -116 c 9
 693 49 l 25
 249 49 l 25
 249 99 l 25
198 128 m 25
 241 108 277 112 309 77 c 24
 323 62 296 48 288 29 c 25
 288 -128 l 17
 280 -157 274 -179 243 -182 c 1
 219 -180 208 -156 198 -128 c 9
 198 128 l 25
663 375 m 25
 705 352 738 350 771 315 c 24
 781 304 756 297 744 288 c 16
 713 265 645 192 645 192 c 1
 597 186 l 9
 612 223 623 244 636 282 c 24
 648 318 652 339 663 375 c 25
234 360 m 17
 289 343 318 338 354 300 c 8
 375 278 379 250 366 222 c 24
 356 201 329 192 309 204 c 24
 282 220 287 248 273 276 c 24
 257 309 249 327 234 360 c 17
447 624 m 25
 537 624 l 25
 537 201 l 25
 447 201 l 25
 447 624 l 25
33 219 m 25
 801 219 l 25
 830 247 839 279 864 288 c 1
 890 284 932 231 963 198 c 1
 971 180 954 169 936 169 c 9
 33 169 l 25
 33 219 l 25
72 402 m 25
 762 402 l 25
 791 430 800 462 825 471 c 1
 851 467 893 414 924 381 c 1
 932 363 915 352 897 352 c 9
 72 352 l 25
 72 402 l 25
138 518 m 25
 660 518 l 25
 689 546 698 578 723 587 c 1
 749 583 791 530 822 497 c 1
 830 479 813 468 795 468 c 9
 138 468 l 25
 138 518 l 25
42 648 m 25
 750 648 l 25
 779 676 788 708 813 717 c 1
 839 713 881 660 912 627 c 1
 920 609 903 598 885 598 c 9
 42 598 l 25
 42 648 l 25
579 788 m 25
 625 774 658 782 696 753 c 24
 710 742 677 734 666 720 c 24
 637 683 622 661 594 624 c 25
 549 630 l 25
 579 788 l 25
303 780 m 17
 360 756 387 755 420 714 c 24
 440 689 436 660 420 633 c 24
 410 616 385 619 369 630 c 24
 346 646 344 667 333 693 c 24
 319 726 315 746 303 780 c 17
EndSplineSet
EndChar
