Width: 1000
Flags: H
TeX: 117 0
LayerCount: 2
Fore
SplineSet
558 447 m 25
 558 -111 l 17
 550 -140 544 -162 513 -165 c 1
 489 -163 478 -139 468 -111 c 9
 468 447 l 25
 558 447 l 25
60 69 m 25
 798 69 l 25
 827 97 836 129 861 138 c 1
 887 134 929 81 960 48 c 1
 968 30 951 19 933 19 c 9
 60 19 l 25
 60 69 l 25
258 208 m 1
 774 208 l 1
 774 158 l 1
 258 158 l 1
 258 208 l 1
258 328 m 1
 753 328 l 1
 753 278 l 1
 258 278 l 1
 258 328 l 1
258 459 m 25
 711 459 l 25
 727.38 471.87 732.891 497.435 753 492 c 24
 788.178 482.492 805.287 461.381 822 429 c 24
 828.55 416.309 809.19 410.7 801 399 c 25
 801 192 l 17
 793 163 787 141 756 138 c 1
 732 140 721 164 711 192 c 9
 711 409 l 25
 258 409 l 25
 258 459 l 25
222 486 m 25
 265.29 466.11 300.953 470.251 333 435 c 24
 346.745 419.881 320.19 405.72 312 387 c 25
 312 180 l 17
 304 151 298 129 267 126 c 1
 243 128 232 152 222 180 c 9
 222 486 l 25
576 590 m 1
 834 590 l 1
 834 540 l 1
 576 540 l 1
 576 590 l 1
582 750 m 25
 780 750 l 25
 796 763 802 788 822 783 c 24
 857 773 874 752 891 720 c 24
 898 707 878 702 870 690 c 25
 870 573 l 17
 862 544 856 522 825 519 c 1
 801 521 790 545 780 573 c 9
 780 700 l 25
 582 700 l 25
 582 750 l 25
540 774 m 25
 583 754 619 758 651 723 c 24
 665 708 638 694 630 675 c 25
 630 570 l 17
 622 541 616 519 585 516 c 1
 561 518 550 542 540 570 c 9
 540 774 l 25
174 582 m 1
 387 582 l 1
 387 532 l 1
 174 532 l 1
 174 582 l 1
168 741 m 25
 348 741 l 25
 364.38 753.87 369.89 779.435 390 774 c 24
 425.178 764.492 442.287 743.381 459 711 c 24
 465.55 698.309 446.19 692.7 438 681 c 25
 438 568 l 17
 430 539 424 517 393 514 c 1
 369 516 358 540 348 568 c 9
 348 691 l 25
 168 691 l 25
 168 741 l 25
129 773 m 25
 172 753 208 757 240 722 c 24
 254 707 227 693 219 674 c 25
 219 548 l 17
 211 519 205 497 174 494 c 1
 150 496 139 520 129 548 c 9
 129 773 l 25
EndSplineSet
EndChar
