Width: 1000
Flags: H
TeX: 117 0
LayerCount: 2
Fore
SplineSet
672 147 m 25
 703.59 129.45 728.489 128.554 753 102 c 24
 773.341 79.9639 784.449 59.6572 780 30 c 24
 776.193 4.62402 760.59 -16.1045 735 -18 c 24
 713.485 -19.5938 707.762 4.28613 699 24 c 24
 688.375 47.9072 692.609 64.4463 687 90 c 24
 682.071 112.452 677.85 124.77 672 147 c 25
576 138 m 25
 605.25 113.43 630.113 106.984 651 75 c 24
 669.464 46.7266 676.088 24.5195 672 -9 c 24
 669.494 -29.5469 656.265 -43.7782 636 -48 c 24
 619.48 -51.4414 607.546 -39.0926 600 -24 c 24
 586.146 3.70703 589.54 23.3574 585 54 c 24
 580.172 86.5918 579.51 105.24 576 138 c 25
486 114 m 25
 512.91 83.5801 541.738 74.3887 555 36 c 24
 566.184 3.62598 565.864 -25.4978 543 -51 c 24
 525.817 -70.165 493.556 -70.709 477 -51 c 24
 458.172 -28.585 478.406 -5.22951 480 24 c 24
 481.916 59.126 483.66 78.9004 486 114 c 25
387 102 m 25
 402.21 66.9004 421.708 50.0127 426 12 c 24
 430.273 -25.8516 429.796 -52.7596 408 -84 c 24
 390.326 -109.333 365.86 -124.904 336 -117 c 24
 310.709 -110.306 302.616 -82.9424 306 -57 c 24
 310.62 -21.5811 337.787 -10.8264 354 21 c 24
 369.484 51.3945 374.13 70.4102 387 102 c 25
801 12 m 25
 801 133 l 25
 438 133 l 25
 438 183 l 25
 801 183 l 25
 817.38 195.87 822.891 221.435 843 216 c 24
 878.178 206.492 895.287 185.381 912 153 c 24
 918.55 140.309 899.19 134.7 891 123 c 25
 891 18 l 25
 883.98 -24.1201 891.867 -51.6935 873 -90 c 24
 851.748 -133.148 836.866 -165.665 792 -183 c 24
 767.965 -192.286 760.89 -157.38 741 -141 c 24
 721.11 -124.62 709.89 -115.38 690 -99 c 25
 750 -99 l 25
 764.04 -84.96 777.71 -81.0422 786 -63 c 24
 798.454 -35.8945 795.15 -17.25 801 12 c 25
444 324 m 25
 807 324 l 25
 807 324 830 360 855 369 c 1
 881 365 869 336 900 303 c 1
 908 285 891 274 873 274 c 9
 444 274 l 25
 444 324 l 25
444 466 m 1
 738 466 l 1
 738 416 l 1
 444 416 l 1
 444 466 l 1
432 639 m 25
 693 639 l 25
 709 652 715 677 735 672 c 24
 770 662 787 641 804 609 c 24
 811 596 791 591 783 579 c 25
 783 444 l 17
 775 415 769 393 738 390 c 1
 714 392 703 416 693 444 c 9
 693 589 l 25
 432 589 l 25
 432 639 l 25
405 672 m 25
 448.29 652.11 483.953 656.251 516 621 c 24
 529.745 605.881 503.19 591.72 495 573 c 25
 495 171 l 17
 487 142 481 120 450 117 c 1
 426 119 415 143 405 171 c 9
 405 672 l 25
543 789 m 25
 583.95 767.94 616.036 768.148 648 735 c 24
 658.4 724.215 632.514 717.33 624 705 c 24
 598.556 668.148 585.57 646.44 561 609 c 25
 477 609 l 25
 492.21 640.59 503.93 657.082 516 690 c 24
 529.777 727.574 532.47 750.39 543 789 c 25
108 208 m 1
 318 208 l 1
 318 158 l 1
 108 158 l 1
 108 208 l 1
96 627 m 25
 252 627 l 25
 268 640 274 665 294 660 c 24
 329 650 346 629 363 597 c 24
 370 584 350 579 342 567 c 25
 342 165 l 17
 334 136 328 114 297 111 c 1
 273 113 262 137 252 165 c 9
 252 577 l 25
 96 577 l 25
 96 627 l 25
78 654 m 25
 121.29 634.11 156.953 638.251 189 603 c 24
 202.745 587.881 176.19 573.72 168 555 c 25
 168 117 l 17
 160 88 154 66 123 63 c 1
 99 65 88 89 78 117 c 9
 78 654 l 25
EndSplineSet
EndChar
