Width: 1000
Flags: H
TeX: 117 0
LayerCount: 2
Fore
SplineSet
365 -72 m 25
 785 -72 l 25
 814 -44 823 -12 848 -3 c 1
 874 -7 916 -60 947 -93 c 1
 955 -111 938 -122 920 -122 c 9
 365 -122 l 25
 365 -72 l 25
486 88 m 25
 793 88 l 25
 793 38 l 25
 486 38 l 25
 486 88 l 25
480 221 m 25
 786 221 l 25
 786 171 l 25
 480 171 l 25
 480 221 l 25
474 353 m 25
 741 353 l 25
 757 366 763 391 783 386 c 24
 818 376 835 355 852 323 c 24
 859 310 839 305 831 293 c 25
 831 194 l 2
 831 173 844 89 838 56 c 0
 830 14 795 2 775 2 c 0
 755 2 737 9 736 31 c 0
 735 51 741 143 741 179 c 2
 741 303 l 25
 474 303 l 25
 474 353 l 25
441 380 m 25
 441 380 520 364 552 329 c 24
 566 314 539 300 531 281 c 25
 531 179 l 2
 531 158 540 74 534 41 c 0
 526 -1 491 -13 471 -13 c 0
 451 -13 433 -6 432 16 c 0
 431 36 441 128 441 164 c 2
 441 380 l 25
443 477 m 25
 776 477 l 25
 776 477 798 508 822 517 c 1
 841 510 865 482 884 456 c 1
 892 438 876 427 858 427 c 9
 443 427 l 25
 443 477 l 25
582 588 m 25
 582 771 l 25
 582 771 661 755 693 720 c 24
 707 705 680 691 672 672 c 25
 672 588 l 25
 582 588 l 25
821 559 m 25
 413 559 l 25
 413 609 l 25
 821 609 l 25
 834 624 835 653 854 648 c 24
 900 635 921 610 950 572 c 24
 957 563 926 555 926 555 c 16
 822 474 l 9
 821 559 l 25
420 672 m 1
 440 637 452 614 453 573 c 24
 454 536 450 508 423 483 c 24
 404 466 368 463 357 486 c 24
 343 517 366 540 383 569 c 0
 406 609 410 626 420 672 c 1
122 53 m 25
 303 53 l 25
 303 3 l 25
 122 3 l 25
 122 53 l 25
116 627 m 25
 249 627 l 25
 265 640 271 665 291 660 c 24
 326 650 343 629 360 597 c 24
 367 584 347 579 339 567 c 25
 339 156 l 2
 339 135 352 51 346 18 c 0
 338 -24 303 -36 283 -36 c 0
 263 -36 245 -29 244 -7 c 0
 243 13 249 105 249 141 c 2
 249 577 l 25
 116 577 l 25
 116 627 l 25
74 660 m 25
 74 660 153 644 185 609 c 24
 199 594 172 580 164 561 c 25
 164 111 l 2
 164 90 173 6 167 -27 c 0
 159 -69 124 -81 104 -81 c 0
 84 -81 66 -74 65 -52 c 0
 64 -32 74 60 74 96 c 2
 74 660 l 25
EndSplineSet
EndChar
