Width: 1000
Flags: H
TeX: 117 0
LayerCount: 2
Fore
SplineSet
348 -76 m 1
 771 -76 l 1
 771 -126 l 1
 348 -126 l 1
 348 -76 l 1
342 108 m 25
 720 108 l 25
 736 121 742 146 762 141 c 24
 797 131 814 110 831 78 c 24
 838 65 818 60 810 48 c 25
 810 -90 l 17
 802 -119 796 -141 765 -144 c 1
 741 -142 730 -118 720 -90 c 9
 720 58 l 25
 342 58 l 25
 342 108 l 25
318 141 m 25
 361 121 397 125 429 90 c 24
 443 75 416 61 408 42 c 25
 408 -96 l 17
 400 -125 394 -147 363 -150 c 1
 339 -148 328 -124 318 -96 c 9
 318 141 l 25
771 426 m 25
 800.25 402.6 831.244 400.43 846 366 c 24
 853.035 349.585 822.449 350.96 807 342 c 24
 763.941 317.026 739.29 303.57 696 279 c 25
 675 300 l 25
 771 426 l 25
546 453 m 25
 597 453 l 25
 640.29 406.2 662.346 377.498 708 333 c 24
 754.897 287.29 780.254 259.418 834 222 c 24
 873.509 194.494 901.71 189.06 945 168 c 25
 926.28 159.81 912.304 160.538 897 147 c 24
 880.466 132.373 888.946 96.6145 867 99 c 24
 818.523 104.27 796.812 131.21 759 162 c 24
 714.074 198.582 694.483 225.823 657 270 c 24
 628.84 303.189 613.573 322.784 591 360 c 24
 570.104 394.451 563.55 416.73 546 453 c 25
384 450 m 1
 474 450 l 1
 474 198 l 1
 384 198 l 1
 384 450 l 1
327 132 m 24
 299.883 162.506 297.72 188.73 279 225 c 25
 348.03 236.7 387.427 240.867 456 255 c 24
 540.774 272.473 587.76 286.11 672 306 c 25
 687 273 l 25
 623.82 244.92 589.545 225.781 525 201 c 24
 458.336 175.406 418.432 167.499 351 144 c 24
 341.118 140.557 333.952 124.179 327 132 c 24
306 480 m 25
 768 480 l 25
 797 508 806 540 831 549 c 1
 857 545 899 492 930 459 c 1
 938 441 921 430 903 430 c 9
 306 430 l 25
 306 480 l 25
321 615 m 25
 708 615 l 25
 708 615 731 651 756 660 c 1
 782 656 770 627 801 594 c 1
 809 576 792 565 774 565 c 9
 321 565 l 25
 321 615 l 25
219 738 m 25
 729 738 l 25
 758 766 767 798 792 807 c 1
 818 803 860 750 891 717 c 1
 899 699 882 688 864 688 c 9
 219 688 l 25
 219 738 l 25
183 285 m 25
 183 771 l 25
 226.29 751.11 261.953 755.251 294 720 c 24
 307.745 704.881 281.19 690.72 273 672 c 25
 273 231 l 25
 254.28 174.84 253.597 138.832 225 87 c 24
 196.486 35.3193 175.436 6.43472 129 -30 c 24
 96.6777 -55.3604 68.6104 -51.96 30 -66 c 25
 60.4199 -20.3701 82.3907 2.50582 108 51 c 24
 137.63 107.107 151.634 140.577 171 201 c 24
 181.101 232.514 178.32 252.24 183 285 c 25
EndSplineSet
EndChar
