Width: 1000
Flags: H
TeX: 117 0
LayerCount: 2
Fore
SplineSet
855 0 m 24
 830 -4 829 31 810 48 c 24
 788 67 773 75 750 93 c 25
 822 93 l 25
 822 574 l 25
 717 574 l 25
 717 624 l 25
 822 624 l 25
 838 637 844 662 864 657 c 24
 899 647 916 626 933 594 c 24
 940 581 920 576 912 564 c 25
 912 63 l 25
 890 38 888 5 855 0 c 24
663 660 m 25
 706 640 742 644 774 609 c 24
 788 594 761 580 753 561 c 25
 753 -93 l 17
 745 -122 739 -144 708 -147 c 1
 684 -145 673 -121 663 -93 c 9
 663 660 l 25
303 21 m 25
 354 22 384 21 435 24 c 24
 542 30 602 35 708 42 c 25
 655 16 628 -3 573 -24 c 24
 496 -53 450 -61 372 -87 c 24
 360 -91 349 -113 342 -102 c 24
 315 -60 318 -27 303 21 c 25
501 270 m 25
 573 270 l 25
 573 270 596 306 621 315 c 1
 647 311 635 282 666 249 c 1
 674 231 657 220 639 220 c 9
 501 220 l 25
 501 270 l 25
381 450 m 25
 576 450 l 25
 576 450 599 486 624 495 c 1
 650 491 638 462 669 429 c 1
 677 411 660 400 642 400 c 9
 381 400 l 25
 381 450 l 25
354 -18 m 25
 354 345 l 25
 397 325 433 329 465 294 c 24
 479 279 452 265 444 246 c 25
 444 -18 l 25
 354 -18 l 25
468 600 m 1
 558 600 l 1
 558 0 l 1
 468 0 l 1
 468 600 l 1
426 615 m 25
 567 615 l 25
 567 615 590 651 615 660 c 1
 641 656 629 627 660 594 c 1
 668 576 651 565 633 565 c 9
 426 565 l 25
 426 615 l 25
432 765 m 25
 474 743 506 742 540 708 c 24
 550 698 525 692 516 681 c 25
 508 665 504 655 495 639 c 24
 473 601 464 576 435 543 c 24
 407 512 384 503 351 477 c 25
 365 518 374 541 387 582 c 24
 400 622 407 644 417 684 c 24
 425 715 426 733 432 765 c 25
123 224 m 1
 294 224 l 1
 294 174 l 1
 123 174 l 1
 123 224 l 1
126 600 m 25
 243 600 l 25
 259 613 265 638 285 633 c 24
 320 623 337 602 354 570 c 24
 361 557 341 552 333 540 c 25
 333 171 l 17
 325 142 319 120 288 117 c 1
 264 119 253 143 243 171 c 9
 243 550 l 25
 126 550 l 25
 126 600 l 25
90 630 m 25
 133 610 169 614 201 579 c 24
 215 564 188 550 180 531 c 25
 180 135 l 17
 172 106 166 84 135 81 c 1
 111 83 100 107 90 135 c 9
 90 630 l 25
EndSplineSet
EndChar
