Width: 1000
Flags: HW
LayerCount: 2
Fore
SplineSet
279 641 m 17
 375 641 l 9
 333 552 313 500 267 413 c 24
 241 364 222 338 189 293 c 24
 158 251 141 226 102 191 c 24
 74 166 53 159 21 139 c 25
 57 198 80 230 114 290 c 24
 154 360 176 400 210 473 c 24
 240 537 252 575 279 641 c 17
111 536 m 25
 456 536 l 25
 456 536 478 567 502 576 c 1
 521 569 545 541 564 515 c 1
 572 497 556 486 538 486 c 9
 111 486 l 25
 111 536 l 25
171 665 m 25
 462 665 l 25
 462 665 484 696 508 705 c 1
 527 698 551 670 570 644 c 1
 578 626 562 615 544 615 c 9
 171 615 l 25
 171 665 l 25
171 770 m 25
 212 751 243 753 276 722 c 24
 286 712 263 704 255 692 c 25
 243 672 238 660 225 641 c 24
 180 577 158 537 105 479 c 24
 80 451 57 444 27 422 c 25
 59 491 79 529 108 599 c 24
 135 665 146 703 171 770 c 25
321 360 m 25
 411 360 l 25
 411 -51 l 25
 321 -51 l 25
 321 360 l 25
645 333 m 25
 645 777 l 25
 688 757 724 761 756 726 c 24
 770 711 743 697 735 678 c 25
 735 339 l 9
 731 284 735 252 726 198 c 24
 714 129 711 88 681 24 c 24
 656 -31 632 -58 588 -99 c 24
 558 -128 531 -132 495 -153 c 25
 532 -93 562 -64 591 0 c 24
 616 54 623 88 633 147 c 24
 645 219 640 260 645 333 c 25
819 27 m 1
 819 511 l 9
 555 511 l 25
 555 561 l 25
 819 561 l 25
 835 574 841 599 861 594 c 24
 896 584 913 563 930 531 c 24
 937 518 917 513 909 501 c 25
 909 18 l 17
 909 -15 904 -44 882 -75 c 24
 858 -108 838 -133 798 -135 c 24
 773 -136 779 -100 762 -81 c 24
 740 -56 724 -46 699 -24 c 25
 783 -24 l 17
 806 -17 819 0 819 27 c 1
381 491 m 25
 415 471 441 468 468 440 c 24
 475 432 457 427 450 419 c 24
 427 393 413 379 390 353 c 25
 321 360 l 25
 381 491 l 25
186 383 m 9
 504 382 l 25
 504 382 527 419 552 428 c 1
 578 424 566 395 597 362 c 1
 605 344 588 333 570 333 c 9
 186 332 l 17
 186 383 l 9
186 -29 m 25
 485 -29 l 25
 485 -29 507 2 531 11 c 1
 550 4 574 -24 593 -50 c 1
 601 -68 585 -79 567 -79 c 9
 186 -79 l 25
 186 -29 l 25
177 113 m 25
 458 113 l 25
 458 113 480 144 504 153 c 1
 523 146 547 118 566 92 c 1
 574 74 558 63 540 63 c 9
 177 63 l 25
 177 113 l 25
171 247 m 25
 455 247 l 25
 455 247 477 278 501 287 c 1
 520 280 544 252 563 226 c 1
 571 208 555 197 537 197 c 9
 171 197 l 25
 171 247 l 25
225 401 m 25
 225 -70 l 17
 217 -99 211 -121 180 -124 c 1
 156 -122 145 -98 135 -70 c 9
 135 296 l 25
 225 401 l 25
EndSplineSet
EndChar
