Width: 1000
Flags: HW
LayerCount: 2
Fore
SplineSet
628 255 m 10
 628 771 l 25
 628 771 707 755 739 720 c 24
 753 705 726 691 718 672 c 25
 718 249 l 18
 718 168 715 144 688 87 c 0
 662 32 639 -3 594 -48 c 24
 559 -83 531 -94 486 -114 c 24
 439 -134 416 -139 360 -150 c 1
 427 -107 463 -84 517 -29 c 24
 554 9 566 29 592 85 c 0
 622 148 628 192 628 255 c 10
849 135 m 10
 849 493 l 25
 480 493 l 25
 480 543 l 25
 849 543 l 25
 865 556 871 581 891 576 c 24
 926 566 943 545 960 513 c 24
 967 500 947 495 939 483 c 25
 939 123 l 18
 939 48 936 0 895 -57 c 0
 866 -98 840 -126 789 -138 c 24
 765 -144 763 -109 744 -93 c 24
 719 -72 704 -62 678 -42 c 25
 768 -42 l 18
 793 -42 815 -14 828 15 c 24
 848 58 849 74 849 135 c 10
138 184 m 25
 273 184 l 25
 273 134 l 25
 138 134 l 25
 138 184 l 25
129 408 m 25
 240 408 l 25
 256 421 262 446 282 441 c 24
 317 431 334 410 351 378 c 24
 358 365 338 360 330 348 c 25
 330 144 l 17
 322 115 316 93 285 90 c 1
 261 92 250 116 240 144 c 9
 240 358 l 25
 129 358 l 25
 129 408 l 25
81 435 m 25
 81 435 160 419 192 384 c 24
 206 369 179 355 171 336 c 25
 171 108 l 17
 163 79 157 57 126 54 c 1
 102 56 91 80 81 108 c 9
 81 435 l 25
375 42 m 2
 375 559 l 25
 129 559 l 25
 129 609 l 25
 375 609 l 25
 391 622 397 647 417 642 c 24
 452 632 469 611 486 579 c 24
 493 566 473 561 465 549 c 25
 465 30 l 26
 465 -13 461 -41 438 -78 c 24
 414 -115 395 -147 351 -150 c 24
 317 -152 317 -108 291 -87 c 24
 263 -65 243 -58 213 -39 c 25
 324 -39 l 18
 363 -39 375 -4 375 42 c 2
153 783 m 25
 153 783 216 761 240 729 c 24
 250 716 232 705 225 690 c 24
 207 652 199 630 177 594 c 24
 155 558 143 537 114 507 c 24
 82 473 60 453 21 432 c 1
 42 472 52 493 69 534 c 24
 91 587 102 618 120 672 c 24
 134 715 153 783 153 783 c 25
EndSplineSet
EndChar
