Width: 1000
Flags: H
TeX: 117 0
LayerCount: 2
Fore
SplineSet
825 -39 m 1
 825 783 l 25
 868 763 904 767 936 732 c 24
 950 717 923 703 915 684 c 25
 915 -69 l 17
 888 -114 874 -148 831 -159 c 24
 804 -166 815 -118 798 -96 c 24
 779 -71 763 -61 741 -39 c 25
 825 -39 l 1
660 642 m 25
 703 622 739 626 771 591 c 24
 785 576 758 562 750 543 c 25
 750 54 l 17
 742 25 736 3 705 0 c 1
 681 2 670 26 660 54 c 9
 660 642 l 25
96 -180 m 24
 68.0283 -147.885 72.21 -117.78 57 -78 c 25
 169.32 -72.1504 232.618 -67.5179 345 -63 c 24
 465.464 -58.1572 533.49 -57.5098 654 -54 c 25
 600.18 -76.2305 572.789 -98.1234 516 -111 c 24
 370.43 -144.007 285.291 -146.802 138 -171 c 24
 121.47 -173.716 107.002 -192.632 96 -180 c 24
276 195 m 1
 366 195 l 1
 366 -16 l 1
 276 -16 l 1
 276 195 l 1
168 15 m 1
 483 15 l 1
 483 -35 l 1
 168 -35 l 1
 168 15 l 1
171 107 m 1
 474 107 l 1
 474 57 l 1
 171 57 l 1
 171 107 l 1
165 204 m 25
 435 204 l 25
 451.38 216.87 456.89 242.435 477 237 c 24
 512.178 227.492 529.287 206.381 546 174 c 24
 552.55 161.309 533.19 155.7 525 144 c 25
 525 5 l 17
 517 -24 511 -46 480 -49 c 1
 456 -47 445 -23 435 5 c 9
 435 154 l 25
 165 154 l 25
 165 204 l 25
135 243 m 25
 178.29 223.11 213.953 227.251 246 192 c 24
 259.745 176.881 233.19 162.72 225 144 c 25
 225 -1 l 17
 217 -30 211 -52 180 -55 c 1
 156 -53 145 -29 135 -1 c 9
 135 243 l 25
48 285 m 25
 444 285 l 25
 473 313 482 345 507 354 c 1
 533 350 575 297 606 264 c 1
 614 246 597 235 579 235 c 9
 48 235 l 25
 48 285 l 25
129 384 m 25
 444 384 l 25
 444 384 467 420 492 429 c 1
 518 425 506 396 537 363 c 1
 545 345 528 334 510 334 c 9
 129 334 l 25
 129 384 l 25
282 267 m 1
 282 789 l 25
 325 769 361 773 393 738 c 24
 407 723 380 709 372 690 c 25
 372 267 l 25
 282 267 l 1
129 482 m 1
 504 482 l 1
 504 432 l 1
 129 432 l 1
 129 482 l 1
51 585 m 25
 543 585 l 25
 543 585 557 612 582 621 c 1
 608 617 620 597 651 564 c 1
 659 546 642 535 624 535 c 9
 51 535 l 25
 51 585 l 25
108 690 m 25
 450 690 l 25
 466 703 472 728 492 723 c 24
 527 713 544 692 561 660 c 24
 568 647 548 642 540 630 c 25
 540 471 l 17
 532 442 526 420 495 417 c 1
 471 419 460 443 450 471 c 9
 450 640 l 25
 108 640 l 25
 108 690 l 25
EndSplineSet
EndChar
