Width: 1000
Flags: H
TeX: 117 0
LayerCount: 2
Fore
SplineSet
810 -3 m 2
 810 759 l 25
 810 759 889 743 921 708 c 24
 935 693 908 679 900 660 c 25
 900 -57 l 26
 900 -107 875 -145 828 -162 c 24
 797 -173 791 -125 765 -105 c 24
 735 -82 716 -72 684 -51 c 25
 786 -51 l 18
 802 -51 810 -45 810 -3 c 2
609 648 m 25
 609 648 688 632 720 597 c 24
 734 582 707 568 699 549 c 25
 699 93 l 17
 691 64 685 42 654 39 c 1
 630 41 619 65 609 93 c 9
 609 648 l 25
357 249 m 25
 357 249 434 225 474 195 c 24
 504 173 521 155 531 120 c 24
 537 100 528 80 509 71 c 24
 490 61 472 69 454 81 c 24
 427 99 422 121 399 144 c 24
 378 164 364 173 342 192 c 25
 357 249 l 25
246 297 m 25
 303 297 l 25
 303 222 l 25
 303 222 271 160 243 126 c 24
 213 90 195 71 156 45 c 24
 120 21 96 12 54 0 c 1
 90 34 103 48 129 84 c 24
 168 138 187 170 219 228 c 24
 233 253 246 297 246 297 c 25
84 330 m 25
 459 330 l 25
 459 330 481 361 505 370 c 1
 524 363 548 335 567 309 c 1
 575 291 559 280 541 280 c 9
 84 280 l 25
 84 330 l 25
285 501 m 25
 285 501 364 485 396 450 c 24
 410 435 383 421 375 402 c 25
 375 -117 l 17
 367 -146 361 -168 330 -171 c 1
 306 -169 295 -145 285 -117 c 9
 285 501 l 25
96 687 m 17
 180 687 236 669 321 642 c 24
 387 621 423 603 480 564 c 24
 508 545 531 529 534 495 c 24
 536 469 515 445 489 447 c 24
 448 451 436 483 402 507 c 24
 362 536 342 555 300 582 c 24
 263 606 240 616 201 636 c 24
 161 657 137 667 96 687 c 17
459 777 m 25
 459 777 525 744 546 705 c 24
 554 691 524 693 510 684 c 24
 421 627 373 590 282 537 c 24
 230 507 200 491 144 471 c 24
 108 459 86 455 48 456 c 1
 109 493 136 510 189 549 c 24
 258 599 295 629 360 684 c 24
 400 718 459 777 459 777 c 25
EndSplineSet
EndChar
