Width: 1000
Flags: H
TeX: 117 0
LayerCount: 2
Fore
SplineSet
831 -51 m 25
 831 774 l 25
 831 774 910 758 942 723 c 24
 956 708 929 694 921 675 c 25
 921 -78 l 18
 921 -106 883 -146 840 -156 c 24
 816 -161 819 -122 801 -105 c 24
 776 -81 759 -72 732 -51 c 25
 831 -51 l 25
633 645 m 25
 633 645 712 629 744 594 c 24
 758 579 731 565 723 546 c 25
 723 93 l 17
 715 64 709 42 678 39 c 1
 654 41 643 65 633 93 c 9
 633 645 l 25
348 261 m 25
 401 235 436 230 483 195 c 24
 513 172 529 153 540 117 c 24
 547 96 542 76 525 63 c 24
 506 49 484 47 465 60 c 24
 435 80 438 110 414 138 c 24
 392 165 348 198 348 198 c 25
 348 261 l 25
297 312 m 25
 297 144 l 25
 267 118 252 101 219 78 c 24
 188 56 170 44 135 30 c 24
 94 14 71 6 27 0 c 1
 76 43 97 62 138 105 c 24
 175 144 195 167 228 210 c 24
 257 248 297 312 297 312 c 25
121 318 m 25
 517 318 l 25
 517 268 l 25
 121 268 l 25
 121 318 l 25
127 498 m 25
 472 498 l 25
 488 511 494 536 514 531 c 24
 549 521 566 500 583 468 c 24
 590 455 570 450 562 438 c 25
 562 309 l 17
 554 280 548 258 517 255 c 1
 493 257 482 281 472 309 c 9
 472 448 l 25
 127 448 l 25
 127 498 l 25
97 528 m 25
 97 528 176 512 208 477 c 24
 222 462 195 448 187 429 c 25
 187 285 l 17
 179 256 173 234 142 231 c 1
 118 233 107 257 97 285 c 9
 97 528 l 25
45 636 m 25
 450 636 l 25
 450 636 488 696 513 705 c 1
 539 701 581 648 612 615 c 1
 620 597 603 586 585 586 c 9
 45 586 l 25
 45 636 l 25
285 789 m 25
 285 789 364 773 396 738 c 24
 410 723 383 709 375 690 c 25
 375 -114 l 17
 367 -143 361 -165 330 -168 c 1
 306 -166 295 -142 285 -114 c 9
 285 789 l 25
EndSplineSet
EndChar
