Width: 1000
Flags: H
TeX: 117 0
LayerCount: 2
Fore
SplineSet
672 192 m 25
 672 780 l 25
 715.29 760.11 750.953 764.251 783 729 c 24
 796.745 713.881 770.19 699.72 762 681 c 25
 762 180 l 25
 754.98 132.03 758.599 103.231 744 57 c 24
 730.134 13.0889 717.528 -11.087 690 -48 c 24
 665.251 -81.1865 646.08 -96.4964 612 -120 c 24
 577.541 -143.765 553.44 -149.28 516 -168 c 25
 556.95 -114.18 588.482 -89.2968 621 -30 c 24
 648.931 20.9336 655.994 54.3858 669 111 c 24
 676.078 141.81 670.83 160.41 672 192 c 25
825 90 m 9
 825 475 l 25
 618 475 l 25
 618 525 l 25
 825 525 l 25
 841.38 537.87 846.891 563.435 867 558 c 24
 902.178 548.492 919.287 527.381 936 495 c 24
 942.55 482.309 923.19 476.7 915 465 c 25
 915 39 l 25
 907.98 0.389648 914.317 -14.9746 897 -60 c 0
 882 -99 875.573 -125.82 840 -135 c 24
 816.426 -141.084 820.99 -101.437 804 -84 c 24
 776.191 -55.459 756.42 -43.7402 726 -18 c 25
 798 -18 l 17
 818.703 18 821.588 54 825 90 c 9
477 105 m 25
 491.04 85.1104 502.363 75.8994 513 54 c 24
 522.55 34.3389 531.274 21.6104 528 0 c 24
 524.84 -20.8545 518.806 -41.5324 498 -45 c 24
 477.452 -48.4248 463.235 -31.5343 456 -12 c 24
 449.298 6.09473 464.591 17.0078 468 36 c 24
 472.794 62.7109 473.49 78.0898 477 105 c 25
294 60 m 25
 492 60 l 25
 492 12 l 25
 440.52 -0.870117 411.366 -7.68282 360 -21 c 24
 348.176 -24.0654 337.716 -39.4696 330 -30 c 24
 306.12 -0.693359 308.04 24.9004 294 60 c 25
369 402 m 1
 459 402 l 1
 459 12 l 1
 369 12 l 1
 369 402 l 1
513 -60 m 25
 513 97 l 25
 246 97 l 25
 246 147 l 25
 513 147 l 25
 529.38 159.87 534.891 185.435 555 180 c 24
 590.178 170.492 607.287 149.381 624 117 c 24
 630.55 104.309 611.19 98.7002 603 87 c 25
 603 -120 l 25
 581.94 -132.87 573.512 -155.884 549 -153 c 24
 523.516 -150.002 520.669 -124.479 501 -108 c 24
 477.323 -88.1621 462.57 -78.7197 438 -60 c 25
 513 -60 l 25
204 180 m 25
 247 160 283 164 315 129 c 24
 329 114 302 100 294 81 c 25
 294 -114 l 17
 286 -143 280 -165 249 -168 c 1
 225 -166 214 -142 204 -114 c 9
 204 180 l 25
258 259 m 1
 546 259 l 1
 546 209 l 1
 258 209 l 1
 258 259 l 1
264 340 m 1
 552 340 l 1
 552 290 l 1
 264 290 l 1
 264 340 l 1
252 432 m 25
 492 432 l 25
 508.38 444.87 513.891 470.435 534 465 c 24
 569.178 455.492 586.287 434.381 603 402 c 24
 609.55 389.309 590.19 383.7 582 372 c 25
 582 240 l 17
 574 211 568 189 537 186 c 1
 513 188 502 212 492 240 c 9
 492 382 l 25
 252 382 l 25
 252 432 l 25
240 462 m 25
 283.29 442.11 318.953 446.251 351 411 c 24
 364.745 395.881 338.19 381.72 330 363 c 25
 330 246 l 17
 322 217 316 195 285 192 c 1
 261 194 250 218 240 246 c 9
 240 462 l 25
420 681 m 25
 463.29 661.11 498.953 665.251 531 630 c 24
 544.745 614.881 518.19 600.72 510 582 c 25
 510 474 l 17
 502 445 496 423 465 420 c 1
 441 422 430 446 420 474 c 9
 420 681 l 25
282 684 m 25
 325 664 361 668 393 633 c 24
 407 618 380 604 372 585 c 25
 372 474 l 17
 364 445 358 423 327 420 c 1
 303 422 292 446 282 474 c 9
 282 684 l 25
198 546 m 25
 519 546 l 25
 519 546 542 582 567 591 c 1
 593 587 581 558 612 525 c 1
 620 507 603 496 585 496 c 9
 198 496 l 25
 198 546 l 25
138 726 m 25
 555 726 l 25
 555 726 578 762 603 771 c 1
 629 767 617 738 648 705 c 1
 656 687 639 676 621 676 c 9
 138 676 l 25
 138 726 l 25
108 126 m 9
 108 756 l 25
 151.29 736.11 186.953 740.251 219 705 c 24
 232.745 689.881 206.19 675.72 198 657 c 25
 198 126 l 25
 188.64 76.8604 191.565 46.8388 174 0 c 24
 155.962 -48.1025 141.043 -74.6631 108 -114 c 24
 90.4482 -134.896 71.4004 -135.96 48 -150 c 25
 62.04 -112.56 75.5058 -93.0732 84 -54 c 24
 99.0449 15.2051 108 60 108 126 c 9
EndSplineSet
EndChar
