Width: 1000
Flags: H
TeX: 117 0
LayerCount: 2
Fore
SplineSet
441 132 m 9
 441 252 l 25
 531 252 l 25
 531 117 l 25
 511.11 77.2197 509.778 48.0352 480 15 c 24
 433.142 -36.9834 399.522 -60.858 339 -96 c 24
 289.381 -124.812 256.908 -134.098 201 -147 c 24
 164.501 -155.423 142.44 -148.83 105 -150 c 25
 177.54 -110.22 221.843 -93.4063 291 -48 c 24
 338.21 -17.0039 365.845 1.61402 402 45 c 24
 425.804 73.5645 432 93 441 132 c 9
612 -15 m 9
 612 79 l 25
 240 79 l 25
 240 129 l 25
 612 129 l 25
 628.38 141.87 633.891 167.435 654 162 c 24
 689.178 152.492 706.287 131.381 723 99 c 24
 729.55 86.3086 710.19 80.7002 702 69 c 25
 702 -60 l 25
 683.28 -88.0801 678.227 -108.507 654 -132 c 24
 638.219 -147.303 623.994 -162.515 603 -156 c 24
 579.748 -148.784 583.175 -123.196 567 -105 c 24
 545.557 -80.877 530.4 -70.2305 507 -48 c 17
 582 -48 l 1
 600.07 -40.1492 613.993 -30.6804 612 -15 c 9
638 261 m 25
 684 261 l 25
 708.57 234.09 719.797 216.246 747 192 c 24
 773.906 168.019 789.047 152.6 822 138 c 24
 882.56 111.17 920.82 106.89 984 87 c 25
 964.11 69.4502 953.426 58.9241 933 42 c 24
 912.456 24.9775 905.605 1.99541 879 0 c 24
 850.303 -2.15234 834.528 13.9023 813 33 c 24
 760.954 79.1699 735.361 109.809 693 165 c 24
 666.728 199.229 659.45 223.56 638 261 c 25
348 369 m 25
 450 369 l 25
 438.3 349.11 432.112 337.642 420 318 c 24
 388.818 267.436 376.983 234.676 339 189 c 24
 283.986 122.845 253.841 81.832 183 33 c 24
 130.572 -3.13965 89.6699 -1.76953 30 -24 c 25
 97.8604 36.8398 142.236 64.9797 204 132 c 24
 252.852 185.009 274.569 220.394 312 282 c 24
 331.067 313.382 333.96 335.07 348 369 c 25
54 276 m 25
 798 276 l 25
 827 304 836 336 861 345 c 1
 887 341 929 288 960 255 c 1
 968 237 951 226 933 226 c 9
 54 226 l 25
 54 276 l 25
258 400 m 1
 741 400 l 1
 741 350 l 1
 258 350 l 1
 258 400 l 1
264 503 m 1
 738 503 l 1
 738 453 l 1
 264 453 l 1
 264 503 l 1
258 606 m 25
 687 606 l 25
 703.38 618.87 708.891 644.435 729 639 c 24
 764.178 629.492 781.287 608.381 798 576 c 24
 804.55 563.309 785.19 557.7 777 546 c 25
 777 378 l 17
 769 349 763 327 732 324 c 1
 708 326 697 350 687 378 c 9
 687 556 l 25
 258 556 l 25
 258 606 l 25
234 639 m 25
 277.29 619.11 312.953 623.251 345 588 c 24
 358.745 572.881 332.19 558.72 324 540 c 25
 324 378 l 17
 316 349 310 327 279 324 c 1
 255 326 244 350 234 378 c 9
 234 639 l 25
573 798 m 25
 616 778 652 782 684 747 c 24
 698 732 671 718 663 699 c 25
 663 621 l 17
 655 592 649 570 618 567 c 1
 594 569 583 593 573 621 c 9
 573 798 l 25
366 800 m 25
 409 780 445 784 477 749 c 24
 491 734 464 720 456 701 c 25
 456 630 l 17
 448 601 442 579 411 576 c 1
 387 578 376 602 366 630 c 9
 366 800 l 25
75 711 m 25
 759 711 l 25
 788 739 797 771 822 780 c 1
 848 776 890 723 921 690 c 1
 929 672 912 661 894 661 c 9
 75 661 l 25
 75 711 l 25
EndSplineSet
EndChar
