Width: 1000
Flags: H
TeX: 117 0
LayerCount: 2
Fore
SplineSet
639 303 m 9
 639 771 l 25
 682.29 751.11 717.953 755.251 750 720 c 24
 763.745 704.881 737.19 690.72 729 672 c 25
 729 297 l 25
 723.15 232.65 731.751 194.129 714 132 c 24
 696.032 69.1113 676.895 35.3086 639 -18 c 24
 606.882 -63.1836 583.409 -86.6797 537 -117 c 24
 493.892 -145.164 461.97 -146.28 414 -165 c 25
 453.78 -128.73 483.154 -114.65 516 -72 c 24
 562.402 -11.7471 591.298 23.7383 615 96 c 24
 640.329 173.223 639 216 639 303 c 9
834 156 m 1
 834 502 l 25
 495 502 l 25
 495 552 l 25
 834 552 l 25
 850.38 564.87 855.891 590.435 876 585 c 24
 911.178 575.492 928.287 554.381 945 522 c 24
 951.55 509.309 932.19 503.7 924 492 c 25
 924 126 l 25
 918.15 85.0498 920.582 60.7109 909 21 c 24
 895.794 -24.2773 886.652 -50.4219 861 -90 c 24
 844.776 -115.031 833.768 -139.079 804 -141 c 24
 781.571 -142.447 784.824 -110.901 768 -96 c 24
 743.461 -74.2646 725.91 -66.7197 699 -48 c 25
 780 -48 l 25
 796.38 -16.4102 813.471 -1.54688 822 33 c 16
 835.27 86.7451 837 108 834 156 c 1
87 138 m 25
 471 138 l 25
 471 138 494 174 519 183 c 1
 545 179 533 150 564 117 c 1
 572 99 555 88 537 88 c 9
 87 88 l 25
 87 138 l 25
387 489 m 25
 387 -105 l 17
 379 -134 373 -156 342 -159 c 1
 318 -157 307 -133 297 -105 c 9
 297 489 l 25
 387 489 l 25
183 266 m 1
 477 266 l 1
 477 216 l 1
 183 216 l 1
 183 266 l 1
189 399 m 25
 447 399 l 25
 463 412 469 437 489 432 c 24
 524 422 541 401 558 369 c 24
 565 356 545 351 537 339 c 25
 537 255 l 17
 529 226 523 204 492 201 c 1
 468 203 457 227 447 255 c 9
 447 349 l 25
 189 349 l 25
 189 399 l 25
138 429 m 25
 181 409 217 413 249 378 c 24
 263 363 236 349 228 330 c 25
 228 249 l 17
 220 220 214 198 183 195 c 1
 159 197 148 221 138 249 c 9
 138 429 l 25
240 523 m 1
 417 523 l 1
 417 473 l 1
 240 473 l 1
 240 523 l 1
381 780 m 25
 424.29 760.11 459.953 764.251 492 729 c 24
 505.745 713.881 479.19 699.72 471 681 c 25
 471 519 l 17
 463 490 457 468 426 465 c 1
 402 467 391 491 381 519 c 9
 381 780 l 25
186 780 m 25
 229 760 265 764 297 729 c 24
 311 714 284 700 276 681 c 25
 276 510 l 17
 268 481 262 459 231 456 c 1
 207 458 196 482 186 510 c 9
 186 780 l 25
93 648 m 25
 486 648 l 25
 486 648 509 684 534 693 c 1
 560 689 548 660 579 627 c 1
 587 609 570 598 552 598 c 9
 93 598 l 25
 93 648 l 25
EndSplineSet
EndChar
