Width: 1000
Flags: H
TeX: 117 0
LayerCount: 2
Fore
SplineSet
831 -34 m 2
 831 735 l 25
 874 715 910 719 942 684 c 24
 956 669 929 655 921 636 c 25
 921 -57 l 18
 921 -99 913 -118 891 -148 c 24
 876 -168 858 -181 834 -175 c 24
 809 -169 810 -142 792 -124 c 24
 767 -100 750 -89 723 -67 c 25
 816 -67 l 17
 829 -65 832 -51 831 -34 c 2
617 666 m 25
 660 646 696 650 728 615 c 24
 742 600 715 586 707 567 c 25
 707 75 l 17
 699 46 693 24 662 21 c 1
 638 23 627 47 617 75 c 9
 617 666 l 25
339 387 m 25
 379 369 405 367 441 342 c 24
 487 310 523 294 546 243 c 24
 558 216 543 185 516 174 c 24
 491 164 477 190 456 207 c 24
 434 225 427 240 408 261 c 24
 381 290 366 307 339 336 c 25
 339 387 l 25
312 435 m 25
 333 435 l 25
 333 300 l 25
 318 275 312 260 294 237 c 24
 266 200 249 179 216 147 c 24
 182 115 163 96 123 72 c 24
 85 49 62 40 18 27 c 1
 81 97 116 136 174 210 c 24
 211 258 229 287 261 339 c 24
 283 375 292 398 312 435 c 25
69 477 m 25
 477 477 l 25
 477 477 499 508 523 517 c 1
 542 510 566 482 585 456 c 1
 593 438 577 427 559 427 c 9
 69 427 l 25
 69 477 l 25
378 630 m 25
 378 -132 l 17
 370 -161 364 -183 333 -186 c 1
 309 -184 298 -160 288 -132 c 9
 288 630 l 25
 378 630 l 25
474 747 m 25
 474 747 529 685 540 636 c 24
 543 621 517 629 501 627 c 24
 382 615 315 606 195 600 c 24
 137 597 106 599 45 603 c 9
 101 621 133 631 189 648 c 24
 264 671 307 679 381 705 c 24
 419 718 474 747 474 747 c 25
EndSplineSet
EndChar
