Width: 1000
Flags: HW
LayerCount: 2
Fore
SplineSet
639 657 m 25
 729 657 l 25
 729 270 l 18
 729 213 716 128 691 88 c 0
 659 36 639 11 594 -27 c 24
 550 -64 520 -79 468 -102 c 24
 428 -119 406 -123 360 -129 c 1
 426 -87 465 -62 522 -7 c 24
 563 33 587 64 609 111 c 0
 635 166 639 213 639 276 c 10
 639 657 l 25
849 147 m 10
 849 622 l 25
 507 622 l 25
 507 672 l 25
 849 672 l 25
 865 685 871 710 891 705 c 24
 926 695 943 674 960 642 c 24
 967 629 947 624 939 612 c 25
 939 138 l 18
 939 71 933 22 897 -39 c 24
 869 -87 837 -112 783 -126 c 24
 759 -132 757 -97 738 -81 c 24
 713 -60 698 -50 672 -30 c 25
 762 -30 l 18
 787 -30 811 -7 825 21 c 24
 847 66 849 86 849 147 c 10
405 246 m 1
 462 210 482 196 516 150 c 24
 539 118 546 93 546 54 c 24
 546 30 538 9 516 1 c 24
 494 -7 474 5 462 24 c 24
 442 56 451 83 441 120 c 24
 428 170 424 192 405 246 c 1
150 12 m 24
 131 8 115 -17 102 -3 c 24
 70 31 60 108 60 108 c 25
 489 132 l 25
 492 81 l 25
 492 81 283 41 150 12 c 24
264 333 m 25
 354 333 l 25
 231 60 l 25
 162 51 l 25
 264 333 l 25
261 354 m 25
 261 744 l 25
 261 744 340 728 372 693 c 24
 386 678 359 664 351 645 c 25
 351 354 l 25
 261 354 l 25
60 363 m 25
 486 363 l 25
 486 363 508 394 532 403 c 1
 551 396 575 368 594 342 c 1
 602 324 586 313 568 313 c 9
 60 313 l 25
 60 363 l 25
108 561 m 25
 438 561 l 25
 438 561 460 592 484 601 c 1
 503 594 527 566 546 540 c 1
 554 522 538 511 520 511 c 9
 108 511 l 25
 108 561 l 25
EndSplineSet
EndChar
