Width: 1000
Flags: H
TeX: 117 0
LayerCount: 2
Fore
SplineSet
639 306 m 1
 639 768 l 25
 682 748 718 752 750 717 c 24
 764 702 737 688 729 669 c 25
 729 318 l 1
 726 243 729 227 717 171 c 24
 705 114 697 79 666 30 c 24
 630 -27 603 -56 549 -96 c 24
 513 -123 492 -126 441 -138 c 1
 507 -72 552 -36 594 48 c 16
 619 99 624 151 633 201 c 0
 642 252 639 260 639 306 c 1
810 144 m 1
 810 508 l 25
 525 508 l 25
 525 558 l 25
 810 558 l 25
 826 571 832 596 852 591 c 24
 887 581 904 560 921 528 c 24
 928 515 908 510 900 498 c 25
 900 132 l 17
 897 72 888 15 870 -27 c 0
 853 -66 836 -84 804 -111 c 24
 782 -130 764 -147 735 -141 c 24
 715 -137 728 -108 714 -93 c 24
 688 -64 666 -55 636 -30 c 25
 744 -30 l 17
 768 -24 782 4 794 38 c 0
 805 68 810 90 810 144 c 1
546 51 m 1
 423 51 l 17
 395 56 371 74 366 99 c 9
 366 249 l 25
 456 249 l 25
 456 167 l 17
 456 146 476 132 492 131 c 9
 522 131 l 25
 555 228 l 25
 561 188 560 165 570 126 c 24
 575 107 597 99 591 81 c 24
 585 61 565 57 546 51 c 1
258 246 m 25
 342 246 l 17
 336 204 327.006 162.013 303 114 c 24
 287.443 82.8857 269.032 71.0741 243 48 c 24
 217.249 25.1748 199.08 16.8896 171 -3 c 25
 159 39 l 25
 173.04 54.21 183.419 60.8435 195 78 c 24
 215.218 107.953 227.311 125.163 240 159 c 24
 252.166 191.442 250.98 212.07 258 246 c 25
186 -33 m 25
 447 -33 l 25
 447 -33 469 -2 493 7 c 1
 512 0 536 -28 555 -54 c 1
 563 -72 547 -83 529 -83 c 9
 186 -83 l 25
 186 -33 l 25
225 255 m 25
 225 -78 l 17
 217 -107 211 -129 180 -132 c 1
 156 -130 145 -106 135 -78 c 9
 135 255 l 25
 225 255 l 25
222 543 m 25
 405 543 l 25
 405 493 l 25
 222 493 l 25
 222 543 l 25
222 416 m 25
 408 416 l 25
 408 366 l 25
 222 366 l 25
 222 416 l 25
378 267 m 25
 378 771 l 25
 421 751 457 755 489 720 c 24
 503 705 476 691 468 672 c 25
 468 267 l 25
 378 267 l 25
177 261 m 25
 177 780 l 25
 220 760 256 764 288 729 c 24
 302 714 275 700 267 681 c 25
 267 261 l 25
 177 261 l 25
45 285 m 9
 465 285 l 25
 465 285 503 345 528 354 c 1
 554 350 596 297 627 264 c 1
 635 246 618 235 600 235 c 9
 45 235 l 25
 45 285 l 9
66 660 m 25
 477 660 l 25
 477 660 499 691 523 700 c 1
 542 693 566 665 585 639 c 1
 593 621 577 610 559 610 c 9
 66 610 l 25
 66 660 l 25
EndSplineSet
EndChar
