Width: 1000
Flags: HW
LayerCount: 2
Fore
SplineSet
255 267 m 25
 330 267 l 25
 330 267 430 164 480 87 c 24
 506 47 520 20 522 -27 c 24
 523 -53 512 -79 486 -84 c 24
 458 -89 440 -68 423 -45 c 24
 388 3 385 40 357 93 c 24
 320 162 255 267 255 267 c 25
834 -54 m 25
 834 771 l 25
 834 771 913 755 945 720 c 24
 959 705 932 691 924 672 c 25
 924 -75 l 18
 924 -123 898 -168 852 -168 c 0
 828 -168 816 -131 789 -111 c 24
 755 -86 732 -76 696 -54 c 25
 834 -54 l 25
636 642 m 25
 636 642 715 626 747 591 c 24
 761 576 734 562 726 543 c 25
 726 117 l 17
 718 88 712 66 681 63 c 1
 657 65 646 89 636 117 c 9
 636 642 l 25
33 290 m 25
 492 290 l 25
 492 290 530 350 555 359 c 1
 581 355 623 302 654 269 c 1
 662 251 645 240 627 240 c 9
 33 240 l 25
 33 290 l 25
216 249 m 2
 216 777 l 25
 216 777 295 761 327 726 c 24
 341 711 314 697 306 678 c 25
 306 252 l 2
 306 183 298 148 285 93 c 0
 270 30 251 1 219 -33 c 0
 186 -69 179 -74 135 -105 c 0
 105 -126 52 -144 6 -150 c 1
 76 -87 107 -56 136 -15 c 0
 156 16 179 66 195 111 c 0
 207 145 216 204 216 249 c 2
419 264 m 25
 419 504 l 25
 66 504 l 25
 66 554 l 25
 419 554 l 25
 435 567 441 592 461 587 c 24
 496 577 513 556 530 524 c 24
 537 511 517 506 509 494 c 25
 509 264 l 25
 419 264 l 25
EndSplineSet
EndChar
