Width: 1000
Flags: H
TeX: 117 0
LayerCount: 2
Fore
SplineSet
819 -51 m 25
 819 750 l 25
 819 750 898 734 930 699 c 24
 944 684 917 670 909 651 c 25
 909 -63 l 18
 909 -114 883 -136 843 -153 c 24
 821 -162 819 -124 801 -108 c 24
 774 -84 757 -73 729 -51 c 25
 819 -51 l 25
651 642 m 25
 651 642 730 626 762 591 c 24
 776 576 749 562 741 543 c 25
 741 138 l 17
 733 109 727 87 696 84 c 1
 672 86 661 110 651 138 c 9
 651 642 l 25
54 -93 m 9
 105 -43 138 -17 186 36 c 24
 222 75 242 99 270 144 c 24
 302 196 318 228 339 285 c 24
 360 342 367 376 378 435 c 24
 387 482 390 558 390 558 c 25
 480 558 l 25
 480 558 465 461 456 408 c 0
 441 318 434 286 405 213 c 24
 382 156 362 126 324 78 c 24
 285 29 260 1 207 -33 c 24
 153 -67 135 -78 54 -93 c 9
285 339 m 24
 253 268 231 227 177 171 c 24
 141 133 109 120 60 102 c 1
 101 154 121 185 153 243 c 24
 186 304 203 340 225 405 c 24
 244 459 258 549 258 549 c 25
 345 549 l 25
 345 549 320 417 285 339 c 24
495 177 m 26
 495 541 l 25
 177 541 l 25
 177 591 l 25
 495 591 l 25
 511 604 517 629 537 624 c 24
 572 614 589 593 606 561 c 24
 613 548 593 543 585 531 c 25
 585 186 l 18
 585 108 580 71 562 0 c 24
 552 -38 516 -90 516 -90 c 8
 490 -116 469 -135 432 -132 c 24
 410 -130 420 -98 405 -81 c 24
 384 -57 367 -50 342 -30 c 25
 429 -30 l 26
 460 -30 469 4 476 34 c 0
 486 75 495 121 495 177 c 26
192 771 m 25
 192 771 269 748 300 711 c 24
 312 697 281 689 273 672 c 24
 250 623 247 591 222 543 c 24
 186 474 166 433 117 372 c 24
 88 336 63 321 24 300 c 1
 51 354 64 385 87 441 c 24
 116 512 133 551 156 624 c 24
 174 680 192 771 192 771 c 25
EndSplineSet
EndChar
