Width: 1000
Flags: H
TeX: 117 0
LayerCount: 2
Fore
SplineSet
536 -66 m 25
 828 -66 l 25
 828 -116 l 25
 536 -116 l 25
 536 -66 l 25
543 107 m 25
 819 107 l 25
 819 57 l 25
 543 57 l 25
 543 107 l 25
537 261 m 25
 780 261 l 25
 796 274 802 299 822 294 c 24
 857 284 874 263 891 231 c 24
 898 218 878 213 870 201 c 25
 870 21 l 2
 870 0 883 -84 877 -117 c 0
 869 -159 834 -171 814 -171 c 0
 794 -171 776 -164 775 -142 c 0
 774 -122 780 -30 780 6 c 2
 780 211 l 25
 537 211 l 25
 537 261 l 25
516 294 m 25
 516 294 595 278 627 243 c 24
 641 228 614 214 606 195 c 25
 606 24 l 2
 606 3 615 -81 609 -114 c 0
 601 -156 566 -168 546 -168 c 0
 526 -168 508 -161 507 -139 c 0
 506 -119 516 -27 516 9 c 2
 516 294 l 25
414 396 m 25
 834 396 l 25
 863 424 872 456 897 465 c 1
 923 461 965 408 996 375 c 1
 1004 357 987 346 969 346 c 9
 414 346 l 25
 414 396 l 25
453 582 m 25
 849 582 l 25
 849 582 871 613 895 622 c 1
 914 615 938 587 957 561 c 1
 965 543 949 532 931 532 c 9
 453 532 l 25
 453 582 l 25
723 366 m 25
 723 783 l 25
 723 783 802 767 834 732 c 24
 848 717 821 703 813 684 c 25
 813 366 l 25
 723 366 l 25
540 378 m 25
 540 789 l 25
 540 789 619 773 651 738 c 24
 665 723 638 709 630 690 c 25
 630 378 l 25
 540 378 l 25
48 -51 m 25
 48 -51 198 -44 294 -37 c 24
 366 -31 407 -28 477 -18 c 1
 430 -52 391 -70 330 -90 c 24
 242 -119 177 -130 98 -142 c 0
 90 -143 87 -162 83 -155 c 24
 62 -117 48 -51 48 -51 c 25
381 222 m 17
 381 222 463 160 463 143 c 0
 463 131 448 139 442 133 c 0
 406 97 388 79 348 45 c 0
 320 21 274 -13 274 -13 c 25
 257 12 l 25
 257 12 309 90 339 141 c 24
 357 172 381 222 381 222 c 17
72 228 m 1
 118 208 146 194 174 153 c 24
 199 117 214 85 201 43 c 24
 193 17 157 6 135 22 c 24
 106 44 120 76 111 111 c 0
 98 160 90 183 72 228 c 1
216 456 m 25
 306 456 l 25
 306 -66 l 25
 216 -66 l 25
 216 456 l 25
60 312 m 25
 369 312 l 25
 369 312 391 343 415 352 c 1
 434 345 458 317 477 291 c 1
 485 273 469 262 451 262 c 9
 60 262 l 25
 60 312 l 25
142 474 m 25
 324 474 l 25
 324 474 346 505 370 514 c 1
 389 507 413 479 432 453 c 1
 440 435 424 424 406 424 c 9
 142 424 l 25
 142 474 l 25
257 731 m 25
 257 731 349 710 399 678 c 24
 429 659 450 641 453 606 c 24
 456 580 437 557 411 555 c 24
 384 553 371 574 356 599 c 0
 344 619 331 636 309 654 c 24
 284 675 239 697 239 697 c 25
 257 731 l 25
228 780 m 25
 228 780 303 755 337 721 c 24
 347 711 320 707 312 696 c 24
 290 664 284 652 262 610 c 0
 243 575 222 539 189 499 c 24
 156 459 135 438 93 408 c 24
 68 390 50 385 21 378 c 1
 73 449 104 497 146 579 c 24
 185 654 228 780 228 780 c 25
EndSplineSet
EndChar
