Width: 1000
Flags: H
TeX: 117 0
LayerCount: 2
Fore
SplineSet
612 0 m 25
 642.42 -15.21 667.683 -13.335 690 -39 c 24
 698.953 -49.2959 679.02 -57.2998 672 -69 c 25
 609 -132 l 25
 576 -132 l 25
 585.36 -109.77 593.653 -98.2705 600 -75 c 24
 607.794 -46.4219 607.32 -29.25 612 0 c 25
309 0 m 25
 334.74 -11.7002 354.079 -10.9808 375 -30 c 24
 394.761 -47.9639 405.782 -63.3867 408 -90 c 24
 409.738 -110.857 403.194 -129.655 384 -138 c 24
 366.666 -145.537 350.178 -135.242 339 -120 c 24
 321.702 -96.4131 325.094 -76.3768 318 -48 c 24
 313.381 -29.5225 312.51 -18.7197 309 0 c 25
147 -102 m 25
 729 -102 l 25
 758 -74 767 -42 792 -33 c 1
 818 -37 860 -90 891 -123 c 1
 899 -141 882 -152 864 -152 c 9
 147 -152 l 25
 147 -102 l 25
462 114 m 1
 552 114 l 1
 552 -114 l 1
 462 -114 l 1
 462 114 l 1
267 33 m 25
 663 33 l 25
 663 33 686 69 711 78 c 1
 737 74 725 45 756 12 c 1
 764 -6 747 -17 729 -17 c 9
 267 -17 l 25
 267 33 l 25
354 132 m 25
 606 132 l 25
 606 132 629 168 654 177 c 1
 680 173 668 144 699 111 c 1
 707 93 690 82 672 82 c 9
 354 82 l 25
 354 132 l 25
483 270 m 25
 532.14 248.94 559.031 235.01 609 216 c 24
 666.751 194.029 698.908 179.381 759 165 c 24
 836.258 146.511 881.61 144.87 960 132 c 25
 935.43 114.45 920.514 105.942 897 87 c 24
 878.305 71.9404 875.846 47.7728 852 45 c 24
 817.819 41.0254 799.544 58.2501 768 72 c 24
 708.044 98.1348 676.056 116.877 618 147 c 24
 552.023 181.233 515.52 201.9 450 237 c 25
 483 270 l 25
453 303 m 25
 478.74 285.45 499.663 282.426 519 258 c 24
 525.89 249.298 513.51 241.53 510 231 c 25
 490.11 207.6 481.391 192.02 459 171 c 24
 423.829 137.982 401.96 121.447 363 93 c 24
 328.141 67.5469 308.846 51.816 270 33 c 24
 233.372 15.2588 209.61 12.8701 171 0 c 25
 204.93 32.7598 224.392 50.9094 258 84 c 24
 300.445 125.792 326.388 147.513 366 192 c 24
 402.576 233.078 419.07 259.71 453 303 c 25
681 438 m 1
 681 438 730.006 406.805 744 375 c 24
 749.075 363.466 725.7 367.68 714 363 c 25
 567 333 l 25
 555 381 l 25
 681 438 l 1
516 285 m 9
 516 447 l 25
 559.29 427.11 594.953 431.251 627 396 c 24
 640.745 380.881 614.19 366.72 606 348 c 25
 606 333 l 17
 609 315 615 312 627 312 c 9
 795 312 l 25
 806.31 329.94 814.882 338.852 824 358 c 24
 838.386 388.21 842.91 406.8 855 438 c 25
 867.09 391.2 868.935 363.224 886 318 c 24
 892.691 300.267 916.009 297.928 915 279 c 24
 913.985 259.98 896 250 882 243 c 9
 567 243 l 17
 554.19 255.046 530.925 251.205 516 285 c 9
330 393 m 25
 390 393 l 25
 390 393 413 429 438 438 c 1
 464 434 452 405 483 372 c 1
 491 354 474 343 456 343 c 9
 330 343 l 25
 330 393 l 25
279 468 m 1
 369 468 l 1
 369 297 l 1
 279 297 l 1
 279 468 l 1
291 219 m 24
 276.4 214.134 261.66 201.021 252 213 c 24
 226.21 244.979 230.04 273.39 216 312 c 25
 249.93 309.66 268.991 305.622 303 306 c 24
 374.452 306.794 414.63 311.49 486 315 c 25
 436.86 289.26 409.769 273.502 360 249 c 24
 333.674 236.039 318.838 228.279 291 219 c 24
519 672 m 1
 609 672 l 1
 609 459 l 1
 519 459 l 1
 519 672 l 1
309 666 m 1
 399 666 l 1
 399 450 l 1
 309 450 l 1
 309 666 l 1
144 494 m 1
 750 494 l 1
 750 444 l 1
 144 444 l 1
 144 494 l 1
156 594 m 25
 693 594 l 25
 709.38 606.87 714.891 632.435 735 627 c 24
 770.178 617.492 787.287 596.381 804 564 c 24
 810.55 551.309 791.19 545.7 783 534 c 25
 783 456 l 17
 775 427 769 405 738 402 c 1
 714 404 703 428 693 456 c 9
 693 544 l 25
 156 544 l 25
 156 594 l 25
123 690 m 25
 771 690 l 25
 800 718 809 750 834 759 c 1
 860 755 902 702 933 669 c 1
 941 651 924 640 906 640 c 9
 123 640 l 25
 123 690 l 25
108 108 m 25
 108 711 l 25
 151.29 691.11 186.953 695.251 219 660 c 24
 232.745 644.881 206.19 630.72 198 612 c 25
 198 129 l 25
 188.64 97.4102 188.734 77.4688 174 48 c 24
 150.924 1.84766 137.251 -25.3182 102 -63 c 24
 68.2686 -99.0576 39.7803 -108.75 0 -138 c 25
 18.7197 -108.75 31.507 -93.5606 48 -63 c 24
 71.3643 -19.707 85.712 4.57908 102 51 c 24
 109.4 72.0918 105.66 85.7695 108 108 c 25
405 675 m 25
 405 789 l 25
 448.29 769.11 483.953 773.251 516 738 c 24
 529.745 722.881 503.19 708.72 495 690 c 25
 495 675 l 25
 405 675 l 25
EndSplineSet
EndChar
