Width: 1000
Flags: H
TeX: 117 0
LayerCount: 2
Fore
SplineSet
429 -147 m 25
 822 -147 l 25
 851 -119 860 -87 885 -78 c 1
 911 -82 953 -135 984 -168 c 1
 992 -186 975 -197 957 -197 c 9
 429 -197 l 25
 429 -147 l 25
768 69 m 25
 813.63 51.4502 848.874 56.9395 885 24 c 16
 901.486 8.96796 889.088 24.6787 861 -12 c 9
 777 -171 l 1
 726 -183 l 25
 736.53 -132.69 744.55 -104.701 753 -54 c 24
 760.944 -6.33203 762.15 21.0303 768 69 c 25
642 -132 m 24
 637.411 -154.945 620.04 -161.28 606 -180 c 25
 570 -180 l 25
 564.15 -135.54 562.106 -110.276 555 -66 c 24
 546.891 -15.4736 540.36 12.6904 531 63 c 25
 570.78 20.8799 604.339 5.34961 633 -45 c 24
 649.875 -74.6445 648.689 -98.5518 642 -132 c 24
537 135 m 1
 861 135 l 1
 861 85 l 1
 537 85 l 1
 537 135 l 1
525 315 m 25
 813 315 l 25
 829.38 327.87 834.891 353.435 855 348 c 24
 890.178 338.492 907.287 317.381 924 285 c 24
 930.55 272.309 911.19 266.7 903 255 c 25
 903 125 l 17
 895 96 889 74 858 71 c 1
 834 73 823 97 813 125 c 9
 813 265 l 25
 525 265 l 25
 525 315 l 25
498 355 m 25
 541.29 335.11 576.953 339.251 609 304 c 24
 622.745 288.881 596.19 274.72 588 256 c 25
 588 105 l 17
 580 76 574 54 543 51 c 1
 519 53 508 77 498 105 c 9
 498 355 l 25
435 426 m 25
 879 426 l 25
 879 426 902 462 927 471 c 1
 953 467 941 438 972 405 c 1
 980 387 963 376 945 376 c 9
 435 376 l 25
 435 426 l 25
510 553 m 1
 906 553 l 1
 906 503 l 1
 510 503 l 1
 510 553 l 1
846 771 m 25
 889.29 751.11 924.953 755.251 957 720 c 24
 970.745 704.881 944.19 690.72 936 672 c 25
 936 537 l 17
 928 508 922 486 891 483 c 1
 867 485 856 509 846 537 c 9
 846 771 l 25
474 759 m 25
 517.29 739.11 552.953 743.251 585 708 c 24
 598.745 692.881 572.19 678.72 564 660 c 25
 564 507 l 17
 556 478 550 456 519 453 c 1
 495 455 484 479 474 507 c 9
 474 759 l 25
663 534 m 25
 663 792 l 25
 706 772 742 776 774 741 c 24
 788 726 761 712 753 693 c 25
 753 534 l 25
 723 534 l 25
 663 534 l 25
126 -189 m 24
 113.524 -192.933 100.256 -205.884 93 -195 c 24
 66.9346 -155.902 69.21 -125.46 54 -81 c 25
 110.16 -78.6602 141.892 -78.3498 198 -75 c 24
 298.686 -68.9893 355.38 -64.0195 456 -57 c 25
 422.07 -76.8896 405.517 -93.3931 369 -108 c 24
 276.249 -145.101 221.275 -158.968 126 -189 c 24
366 198 m 25
 398.76 171.09 427.721 165.07 450 129 c 24
 458.017 116.021 437.19 108.87 429 96 c 25
 399.75 66.75 385.915 47.3161 354 21 c 24
 318.945 -7.9043 295.44 -19.2598 258 -45 c 25
 258 0 l 25
 286.08 40.9502 306.224 61.4101 330 105 c 24
 348.624 139.144 351.96 161.73 366 198 c 25
54 183 m 25
 89.0996 159.6 117.647 155.941 144 123 c 24
 167.113 94.1094 176.838 69.8897 174 33 c 24
 171.66 2.58008 160.397 -21.8438 132 -33 c 24
 112.611 -40.6172 97.4778 -19.4423 90 0 c 24
 78.2324 30.5957 93.3273 51.836 87 84 c 24
 79.1445 123.934 66.8701 144.39 54 183 c 25
216 411 m 1
 306 411 l 1
 306 -99 l 1
 216 -99 l 1
 216 411 l 1
54 279 m 25
 351 279 l 25
 351 279 374 315 399 324 c 1
 425 320 413 291 444 258 c 1
 452 240 435 229 417 229 c 9
 54 229 l 25
 54 279 l 25
153 447 m 25
 327 447 l 25
 327 447 350 483 375 492 c 1
 401 488 389 459 420 426 c 1
 428 408 411 397 393 397 c 9
 153 397 l 25
 153 447 l 25
252 765 m 25
 308.16 720.54 348.46 704.577 396 651 c 24
 424.148 619.276 440.152 594.403 441 552 c 24
 441.516 526.238 424.555 504.297 399 501 c 24
 374.167 497.796 362.009 519.246 348 540 c 24
 329.153 567.922 336.959 593.154 318 621 c 24
 298.423 649.755 277.74 657.6 252 681 c 25
 252 765 l 25
216 792 m 25
 259.29 774.45 291.013 776.782 327 747 c 24
 337.854 738.018 312.36 730.53 303 720 c 25
 281.94 659.16 271.893 624.175 249 564 c 24
 230.919 516.472 227.279 485.576 198 444 c 24
 167.499 400.688 143.299 380.049 99 351 c 24
 70.2246 332.131 47.7598 334.53 15 324 c 25
 50.0996 369.63 75.9929 391.274 105 441 c 24
 133.797 490.365 144.768 521.509 162 576 c 24
 188.182 658.791 194.94 707.76 216 792 c 25
EndSplineSet
EndChar
