Width: 1000
Flags: HW
LayerCount: 2
Fore
SplineSet
72 -54 m 25
 120 -46 147 -41 195 -33 c 24
 299 -16 358 -7 462 9 c 25
 399 -25 364 -46 300 -78 c 24
 249 -103 219 -115 168 -138 c 24
 155 -144 146 -162 135 -153 c 24
 101 -123 97 -93 72 -54 c 25
369 237 m 25
 369 237 434 213 453 177 c 24
 462 161 430 160 417 147 c 24
 364 94 336 63 285 9 c 25
 258 33 l 25
 369 237 l 25
84 216 m 17
 132 201 144 189 168 156 c 24
 192 122 199 96 201 54 c 24
 202 33 194 14 174 7 c 24
 155 1 139 13 129 30 c 24
 113 59 122 82 114 114 c 24
 104 154 96 176 84 216 c 17
219 456 m 1
 309 456 l 1
 309 -42 l 1
 219 -42 l 1
 219 456 l 1
84 336 m 25
 336 336 l 25
 336 336 358 367 382 376 c 1
 401 369 425 341 444 315 c 1
 452 297 436 286 418 286 c 9
 84 286 l 25
 84 336 l 25
156 486 m 25
 312 486 l 25
 312 486 334 517 358 526 c 1
 377 519 401 491 420 465 c 1
 428 447 412 436 394 436 c 9
 156 436 l 25
 156 486 l 25
252 708 m 25
 252 708 346 678 396 642 c 24
 425 621 433 600 447 567 c 24
 452 555 451 543 441 534 c 24
 427 522 412 514 396 522 c 24
 369 535 368 560 345 579 c 24
 302 614 274 628 228 660 c 25
 252 708 l 25
219 738 m 25
 219 738 288 723 321 696 c 24
 331 688 310 680 303 669 c 25
 290 643 284 628 270 603 c 24
 246 561 232 538 204 498 c 24
 168 446 151 415 108 369 c 24
 75 334 60 321 12 294 c 9
 33 334 46 356 66 396 c 24
 102 466 124 505 156 576 c 24
 176 621 183 647 201 693 c 24
 208 711 219 738 219 738 c 25
513 -74 m 1
 822 -74 l 1
 822 -124 l 1
 513 -124 l 1
 513 -74 l 1
507 102 m 25
 756 102 l 25
 772 115 778 140 798 135 c 24
 833 125 850 104 867 72 c 24
 874 59 854 54 846 42 c 25
 846 -105 l 17
 838 -134 832 -156 801 -159 c 1
 777 -157 766 -133 756 -105 c 9
 756 52 l 25
 507 52 l 25
 507 102 l 25
471 147 m 25
 471 147 550 131 582 96 c 24
 596 81 569 67 561 48 c 25
 561 -123 l 17
 553 -152 547 -174 516 -177 c 1
 492 -175 481 -151 471 -123 c 9
 471 147 l 25
477 220 m 1
 807 220 l 1
 807 170 l 1
 477 170 l 1
 477 220 l 1
483 312 m 1
 795 312 l 1
 795 262 l 1
 483 262 l 1
 483 312 l 1
477 408 m 25
 765 408 l 25
 781 421 787 446 807 441 c 24
 842 431 859 410 876 378 c 24
 883 365 863 360 855 348 c 25
 855 201 l 17
 847 172 841 150 810 147 c 1
 786 149 775 173 765 201 c 9
 765 358 l 25
 477 358 l 25
 477 408 l 25
459 183 m 26
 459 432 l 25
 459 432 538 416 570 381 c 24
 584 366 557 352 549 333 c 25
 549 177 l 26
 549 135 537 111 522 72 c 24
 506 30 497 5 468 -30 c 24
 430 -76 406 -102 354 -132 c 24
 309 -158 279 -168 225 -171 c 1
 276 -147 286 -137 315 -105 c 24
 367 -47 397 -13 432 57 c 24
 454 102 459 133 459 183 c 26
501 513 m 25
 699 513 l 25
 699 513 721 544 745 553 c 1
 764 546 788 518 807 492 c 1
 815 474 799 463 781 463 c 9
 501 463 l 25
 501 513 l 25
702 603 m 24
 659 643 642 673 603 717 c 25
 625 754 l 25
 625 754 673 703 708 675 c 24
 764 630 796 603 858 567 c 24
 911 536 946 529 1003 504 c 25
 986 486 977 476 960 459 c 24
 945 444 940 410 921 420 c 24
 824 474 783 527 702 603 c 24
588 579 m 24
 544 524 522 489 468 444 c 24
 436 418 413 409 372 399 c 1
 409 449 429 478 462 531 c 24
 500 592 520 627 555 690 c 24
 575 725 603 780 603 780 c 25
 603 780 666 753 696 723 c 24
 703 716 685 712 678 705 c 25
 643 656 626 626 588 579 c 24
EndSplineSet
EndChar
