Width: 1000
Flags: H
TeX: 117 0
LayerCount: 2
Fore
SplineSet
849 408 m 25
 882 392 908 393 933 366 c 24
 942 356 922 348 915 336 c 25
 899 292 891 266 873 222 c 24
 865 202 858 191 849 171 c 25
 868 137 879 118 897 84 c 24
 921 40 939 17 957 -30 c 24
 965 -52 971 -68 963 -90 c 24
 956 -107 942 -118 924 -117 c 24
 903 -116 890 -105 879 -87 c 24
 861 -57 867 -33 855 0 c 24
 832 66 815 102 789 168 c 25
 805 219 818 248 831 300 c 24
 841 341 842 366 849 408 c 25
744 153 m 25
 758 113 763 90 780 51 c 24
 802 1 837 -20 843 -75 c 24
 846 -102 828 -126 801 -129 c 24
 775 -132 765 -107 753 -84 c 24
 730 -42 729 -13 714 33 c 24
 700 77 692 103 678 147 c 25
 690 191 701 216 708 261 c 24
 717 319 715 352 720 411 c 25
 757 399 790 411 816 381 c 24
 831 364 801 348 792 327 c 25
 744 153 l 25
471 138 m 25
 503 133 524 141 552 126 c 24
 581 111 595 95 609 66 c 24
 615 55 607 43 597 36 c 24
 583 27 569 22 555 30 c 24
 527 47 521 67 501 93 c 24
 488 110 483 120 471 138 c 25
483 288 m 25
 506 283 522 287 543 276 c 24
 573 260 591 248 609 219 c 24
 619 204 618 189 609 174 c 24
 601 160 587 149 573 156 c 24
 548 170 547 192 531 216 c 24
 512 244 502 260 483 288 c 25
576 -60 m 25
 576 319 l 25
 453 319 l 25
 453 369 l 25
 576 369 l 25
 592 382 598 407 618 402 c 24
 653 392 670 371 687 339 c 24
 694 326 674 321 666 309 c 25
 666 -93 l 25
 644 -115 640 -147 609 -150 c 24
 585 -152 586 -120 570 -102 c 24
 554 -84 543 -76 525 -60 c 25
 576 -60 l 25
429 396 m 25
 472 376 508 380 540 345 c 24
 554 330 527 316 519 297 c 25
 519 -126 l 17
 511 -155 505 -177 474 -180 c 1
 450 -178 439 -154 429 -126 c 9
 429 396 l 25
537 504 m 25
 708 504 l 25
 708 504 731 540 756 549 c 1
 782 545 770 516 801 483 c 1
 809 465 792 454 774 454 c 9
 537 454 l 25
 537 504 l 25
657 732 m 25
 698 698 720 678 762 645 c 24
 804 612 829 594 873 564 c 24
 912 537 935 524 975 498 c 25
 959 482 949 473 933 456 c 24
 923 445 924 423 909 426 c 24
 878 432 866 452 843 474 c 24
 796 518 772 546 729 594 c 24
 692 635 674 660 639 702 c 25
 657 732 l 25
597 694 m 25
 435 694 l 25
 435 744 l 25
 609 744 l 25
 628 760 633 791 657 786 c 24
 693 779 708 753 726 720 c 24
 732 710 713 707 705 699 c 25
 675 651 663 620 627 576 c 24
 586 526 556 504 507 462 c 24
 485 443 472 433 447 420 c 24
 418 405 399 402 369 390 c 25
 412 436 440 458 480 507 c 24
 511 545 523 570 549 612 c 24
 569 643 578 662 597 694 c 25
63 -30 m 25
 411 -12 l 25
 362 -33 335 -46 285 -66 c 24
 226 -90 192 -102 132 -123 c 24
 119 -127 107 -143 99 -132 c 24
 74 -98 77 -70 63 -30 c 25
180 432 m 1
 270 432 l 1
 270 -54 l 1
 180 -54 l 1
 180 432 l 1
243 30 m 25
 243 66 l 25
 339 252 l 25
 369 229 397 225 417 192 c 24
 425 179 402 174 393 162 c 25
 243 30 l 25
75 198 m 25
 101 177 124 172 141 144 c 24
 162 110 175 84 168 45 c 24
 164 19 143 7 117 0 c 24
 102 -4 91 10 87 24 c 24
 80 49 92 64 90 90 c 24
 87 132 81 156 75 198 c 25
33 312 m 25
 324 312 l 25
 324 312 347 348 372 357 c 1
 398 353 386 324 417 291 c 1
 425 273 408 262 390 262 c 9
 33 262 l 25
 33 312 l 25
123 468 m 25
 324 468 l 25
 324 468 347 504 372 513 c 1
 398 509 386 480 417 447 c 1
 425 429 408 418 390 418 c 9
 123 418 l 25
 123 468 l 25
219 720 m 25
 268 708 301 714 345 690 c 24
 392 664 419 643 447 597 c 24
 461 574 459 550 444 528 c 24
 433 511 412 511 393 519 c 24
 372 528 371 546 357 564 c 24
 336 592 331 615 303 636 c 24
 273 659 248 658 213 672 c 25
 219 720 l 25
159 768 m 25
 202 747 237 749 270 714 c 24
 282 701 254 692 243 678 c 25
 236 652 235 637 225 612 c 24
 207 567 196 542 171 501 c 24
 146 460 132 436 99 402 c 24
 80 382 62 380 39 366 c 25
 57 403 70 423 84 462 c 24
 109 532 120 573 138 645 c 24
 150 692 151 720 159 768 c 25
EndSplineSet
EndChar
