Width: 1000
Flags: HW
TeX: 117 0
LayerCount: 2
Fore
SplineSet
327 234 m 25
 362 211 393 209 417 174 c 24
 426 160 401 154 390 141 c 25
 369 119 358 105 336 84 c 24
 302 50 281 33 246 0 c 25
 237 51 l 25
 267 104 288 131 315 186 c 24
 324 203 322 215 327 234 c 25
489 363 m 1
 867 363 l 1
 867 312 l 1
 489 312 l 1
 489 363 l 1
687 198 m 25
 753 198 l 25
 786 142 795 104 837 54 c 24
 877 6 912 -8 960 -48 c 25
 933 -57 914 -55 891 -72 c 24
 871 -87 882 -129 858 -126 c 24
 823 -122 813 -91 795 -60 c 24
 767 -12 762 21 741 72 c 24
 720 121 708 149 687 198 c 25
681 132 m 25
 651 97 636 75 603 42 c 24
 556 -5 534 -39 477 -72 c 24
 419 -106 378 -105 315 -126 c 25
 382 -71 424 -45 486 15 c 24
 523 51 540 76 567 120 c 24
 584 148 585 168 597 198 c 25
 681 198 l 25
 681 132 l 25
489 235 m 1
 879 235 l 1
 879 185 l 1
 489 185 l 1
 489 235 l 1
483 497 m 25
 813 497 l 25
 829 510 835 535 855 530 c 24
 890 520 907 499 924 467 c 24
 931 454 911 449 903 437 c 25
 903 219 l 17
 895 190 889 168 858 165 c 1
 834 167 823 191 813 219 c 9
 813 447 l 25
 483 447 l 25
 483 497 l 25
453 521 m 25
 496 501 532 505 564 470 c 24
 578 455 551 441 543 422 c 25
 543 198 l 17
 535 169 529 147 498 144 c 1
 474 146 463 170 453 198 c 9
 453 521 l 25
633 786 m 25
 676 766 712 770 744 735 c 24
 758 720 731 706 723 687 c 25
 723 -120 l 17
 715 -149 709 -171 678 -174 c 1
 654 -172 643 -148 633 -120 c 9
 633 786 l 25
435 630 m 25
 813 630 l 25
 842 658 851 690 876 699 c 1
 902 695 944 642 975 609 c 1
 983 591 966 580 948 580 c 9
 435 580 l 25
 435 630 l 25
120 -105 m 24
 98 -98 95 -79 81 -60 c 24
 59 -30 48 -12 27 18 c 25
 420 18 l 25
 374 -8 351 -27 303 -48 c 24
 253 -69 223 -74 171 -90 c 24
 151 -96 140 -112 120 -105 c 24
207 444 m 1
 297 444 l 1
 297 -36 l 1
 207 -36 l 1
 207 444 l 1
81 240 m 25
 114 231 140 240 165 216 c 24
 197 186 208 158 213 114 c 24
 216 84 211 55 183 42 c 24
 156 29 125 40 111 66 c 24
 96 94 134 113 129 144 c 24
 122 185 100 203 81 240 c 25
45 336 m 25
 360 336 l 25
 360 336 383 372 408 381 c 1
 434 377 422 348 453 315 c 1
 461 297 444 286 426 286 c 9
 45 286 l 25
 45 336 l 25
123 462 m 25
 330 462 l 25
 330 462 353 498 378 507 c 1
 404 503 392 474 423 441 c 1
 431 423 414 412 396 412 c 9
 123 412 l 25
 123 462 l 25
267 714 m 25
 314 695 351 701 387 666 c 24
 422 633 435 600 435 552 c 24
 435 527 418 504 393 504 c 24
 366 504 352 523 339 546 c 24
 326 569 347 590 333 612 c 24
 314 641 289 645 261 666 c 25
 267 714 l 25
207 780 m 25
 251 766 284 772 321 744 c 24
 335 734 314 718 309 702 c 25
 293 665 289 641 267 606 c 24
 232 550 213 516 165 471 c 24
 116 424 77 411 21 372 c 25
 49 409 69 428 93 468 c 24
 135 540 160 581 189 660 c 24
 205 704 200 733 207 780 c 25
EndSplineSet
EndChar
