Width: 1000
Flags: H
TeX: 117 0
LayerCount: 2
Fore
SplineSet
597 654 m 1
 687 654 l 1
 687 -141 l 1
 597 -141 l 1
 597 654 l 1
336 -111 m 25
 822 -111 l 25
 851 -83 860 -51 885 -42 c 1
 911 -46 953 -99 984 -132 c 1
 992 -150 975 -161 957 -161 c 9
 336 -161 l 25
 336 -111 l 25
405 33 m 25
 813 33 l 25
 813 33 835 64 859 73 c 1
 878 66 902 38 921 12 c 1
 929 -6 913 -17 895 -17 c 9
 405 -17 l 25
 405 33 l 25
453 174 m 1
 819 174 l 1
 819 124 l 1
 453 124 l 1
 453 174 l 1
465 301 m 1
 831 301 l 1
 831 251 l 1
 465 251 l 1
 465 301 l 1
459 432 m 25
 765 432 l 25
 781 445 787 470 807 465 c 24
 842 455 859 434 876 402 c 24
 883 389 863 384 855 372 c 25
 855 168 l 17
 847 139 841 117 810 114 c 1
 786 116 775 140 765 168 c 9
 765 382 l 25
 459 382 l 25
 459 432 l 25
423 462 m 25
 423 462 502 446 534 411 c 24
 548 396 521 382 513 363 c 25
 513 150 l 17
 505 121 499 99 468 96 c 1
 444 98 433 122 423 150 c 9
 423 462 l 25
387 552 m 25
 795 552 l 25
 824 580 833 612 858 621 c 1
 884 617 926 564 957 531 c 1
 965 513 948 502 930 502 c 9
 387 502 l 25
 387 552 l 25
405 630 m 9
 490 657 539 671 624 699 c 24
 665 713 689 721 729 738 c 24
 758 750 801 774 801 774 c 25
 801 774 847 710 849 663 c 24
 850 646 827 660 806 655 c 0
 770 646 686 627 642 627 c 3
 562 627 500 624 405 630 c 9
96 -171 m 24
 86 -175 75 -186 69 -177 c 24
 46 -143 33 -78 33 -78 c 25
 33 -78 135 -63 201 -54 c 24
 283 -42 329 -36 411 -24 c 17
 345 -69 303 -86 231 -120 c 24
 180 -144 149 -152 96 -171 c 24
333 213 m 25
 333 213 389 180 411 147 c 24
 418 136 400 131 393 120 c 25
 372 95 361 81 339 57 c 24
 308 24 258 -24 258 -24 c 17
 228 0 l 9
 228 0 265 61 285 102 c 24
 306 144 333 213 333 213 c 25
51 198 m 17
 89 185 114 166 139 131 c 24
 163 97 172 71 171 30 c 24
 170 6 157 -11 135 -20 c 24
 119 -26 104 -15 96 0 c 24
 80 31 89 53 81 87 c 24
 71 131 63 155 51 198 c 17
186 426 m 1
 276 426 l 1
 276 -72 l 1
 186 -72 l 1
 186 426 l 1
45 303 m 25
 315 303 l 25
 315 303 337 334 361 343 c 1
 380 336 404 308 423 282 c 1
 431 264 415 253 397 253 c 9
 45 253 l 25
 45 303 l 25
118 456 m 25
 277 456 l 25
 277 456 299 487 323 496 c 1
 342 489 366 461 385 435 c 1
 393 417 377 406 359 406 c 9
 118 406 l 25
 118 456 l 25
213 705 m 25
 213 705 283 685 322 660 c 24
 358 637 380 621 400 584 c 24
 410 565 405 547 393 528 c 24
 385 515 372 514 357 516 c 24
 340 519 333 528 321 540 c 24
 299 562 294 581 271 603 c 24
 242 630 190 664 190 664 c 25
 213 705 l 25
174 744 m 17
 174 744 236 732 269 693 c 8
 273 689 262 688 258 684 c 25
 246 659 241 645 228 621 c 24
 200 568 184 538 153 486 c 24
 127 443 114 417 81 378 c 24
 57 350 40 336 10 317 c 9
 28 362 39 387 57 432 c 24
 79 487 90 518 111 573 c 24
 136 640 174 744 174 744 c 17
EndSplineSet
EndChar
