Width: 1000
Flags: H
TeX: 117 0
LayerCount: 2
Fore
SplineSet
738 222 m 25
 771 199 805 198 822 162 c 24
 831 144 796 144 780 132 c 25
 739 96 718 72 675 39 c 24
 627 2 600 -20 546 -48 c 24
 497 -73 467 -84 414 -96 c 24
 362 -108 332 -108 279 -108 c 25
 334 -85 368 -78 420 -48 c 24
 508 2 559 30 636 96 c 24
 684 137 698 173 738 222 c 25
636 402 m 25
 664 388 686 389 708 366 c 24
 730 344 743 325 741 294 c 24
 740 273 722 264 702 258 c 24
 688 253 674 258 666 270 c 24
 653 290 659 307 654 330 c 24
 648 358 643 374 636 402 c 25
522 351 m 25
 556 342 580 347 609 327 c 24
 621 318 611 303 612 288 c 25
 631 231 630 193 660 141 c 24
 696 79 729 51 780 0 c 24
 805 -25 824 -33 852 -54 c 25
 864 -33 871 -22 882 0 c 24
 897 30 904 48 918 78 c 25
 920 27 916 -3 924 -54 c 24
 928 -79 957 -90 948 -114 c 24
 940 -135 916 -135 894 -132 c 24
 848 -126 822 -116 783 -93 c 24
 734 -64 711 -41 672 0 c 24
 635 38 614 61 588 108 c 24
 564 150 559 178 546 225 c 24
 533 273 531 302 522 351 c 25
444 213 m 25
 816 297 l 25
 831 317 830 349 855 348 c 24
 896 346 920 325 942 291 c 24
 951 277 924 273 912 261 c 25
 444 153 l 25
 444 213 l 25
738 606 m 25
 764 583 786 575 804 546 c 0
 819 522 789 530 780 519 c 25
 743 497 723 481 684 462 c 24
 636 440 609 428 558 414 c 24
 515 402 488 403 444 396 c 25
 540 462 595 496 690 564 c 24
 710 578 719 590 738 606 c 25
654 780 m 25
 693 762 725 766 753 735 c 24
 774 712 773 687 765 657 c 24
 760 638 742 628 723 630 c 24
 701 632 687 646 678 666 c 24
 672 679 693 688 690 702 c 24
 683 735 668 750 654 780 c 25
510 756 m 25
 552 747 582 756 618 732 c 24
 632 722 611 706 606 690 c 25
 622 643 621 612 648 570 c 24
 679 523 705 502 750 468 c 24
 781 445 805 442 840 426 c 25
 854 442 865 449 876 468 c 24
 889 490 891 505 900 528 c 25
 905 493 903 472 912 438 c 24
 917 420 939 415 936 396 c 24
 933 376 920 363 900 360 c 24
 862 353 838 360 801 372 c 24
 756 387 732 401 693 429 c 24
 654 457 631 474 603 513 c 24
 568 561 555 593 534 648 c 24
 519 688 519 714 510 756 c 25
450 612 m 25
 801 681 l 25
 816 703 817 733 840 738 c 1
 877 723 901 694 921 666 c 9
 928 650 899 650 885 639 c 25
 450 552 l 25
 450 612 l 25
114 -87 m 24
 93 -80 91 -61 78 -42 c 24
 63 -19 56 -5 42 18 c 25
 115 18 156 14 228 18 c 24
 325 24 380 34 477 45 c 25
 441 23 424 3 384 -12 c 24
 305 -43 256 -49 174 -72 c 24
 151 -78 137 -94 114 -87 c 24
366 270 m 25
 400 248 431 247 453 213 c 24
 463 198 437 191 426 177 c 25
 398 149 385 130 354 105 c 24
 318 76 294 65 255 39 c 25
 255 72 l 25
 281 102 302 115 321 150 c 24
 345 194 348 223 366 270 c 25
210 444 m 1
 300 444 l 1
 300 -12 l 1
 210 -12 l 1
 210 444 l 1
102 228 m 25
 128 199 146 185 168 153 c 24
 185 127 205 112 201 81 c 24
 197 51 180 28 150 24 c 24
 128 21 121 47 114 69 c 24
 103 104 111 126 108 162 c 24
 106 188 104 202 102 228 c 25
54 326 m 25
 345 326 l 25
 345 326 368 362 393 371 c 1
 419 367 407 338 438 305 c 1
 446 287 429 276 411 276 c 9
 54 276 l 25
 54 326 l 25
114 468 m 25
 306 468 l 25
 306 468 329 504 354 513 c 1
 380 509 368 480 399 447 c 1
 407 429 390 418 372 418 c 9
 114 418 l 25
 114 468 l 25
240 696 m 25
 307 667 353 666 411 621 c 24
 436 601 445 574 438 543 c 24
 434 524 409 525 390 528 c 24
 368 531 359 544 342 558 c 24
 326 570 321 581 306 594 c 24
 281 614 266 623 240 642 c 25
 240 696 l 25
198 747 m 25
 240 729 277 737 306 702 c 24
 320 685 288 673 276 654 c 25
 248 607 238 577 204 534 c 24
 162 481 134 454 84 408 c 24
 61 386 44 379 18 360 c 25
 51 417 71 449 102 507 c 24
 132 564 150 597 174 657 c 24
 187 691 189 712 198 747 c 25
EndSplineSet
EndChar
