Width: 1000
Flags: H
TeX: 117 0
LayerCount: 2
Fore
SplineSet
138 274 m 1
 342 274 l 1
 342 224 l 1
 138 224 l 1
 138 274 l 1
126 481 m 1
 333 481 l 1
 333 431 l 1
 126 431 l 1
 126 481 l 1
966 42 m 9
 950 28 937 23 924 6 c 24
 910 -13 916 -62 897 -48 c 24
 828 6 798 52 762 132 c 16
 746 167 723 286 711 315 c 1
 628 678 l 9
 681 678 l 17
 704 586 742 399 768 330 c 1
 813 193 966 31 966 42 c 9
822 477 m 24
 843 501 851 517 870 543 c 25
 895 509 917 495 933 456 c 24
 937 447 920 450 912 444 c 24
 877 419 859 404 825 378 c 24
 785 348 763 330 723 300 c 25
 687 342 l 25
 740 395 772 422 822 477 c 24
687 351 m 25
 699 243 l 25
 671 204 660 178 627 144 c 24
 593 109 570 91 528 66 c 24
 468 30 429 18 366 -12 c 25
 420 38 454 63 504 117 c 24
 546 162 565 191 603 240 c 24
 636 283 654 308 687 351 c 25
537 297 m 24
 487 257 453 244 399 210 c 25
 438 261 463 288 498 342 c 24
 538 404 555 443 591 507 c 25
 654 414 l 1
 654 414 587 337 537 297 c 24
558 600 m 25
 597 546 624 519 657 462 c 24
 691 403 712 369 729 303 c 24
 747 232 748 190 744 117 c 24
 741 63 735 31 711 -18 c 24
 690 -61 677 -93 633 -111 c 24
 608 -121 598 -87 576 -72 c 24
 552 -55 538 -46 513 -30 c 25
 588 -30 l 25
 607 -15 625 -12 636 9 c 24
 653 42 652 65 657 102 c 24
 667 174 683 216 675 288 c 24
 669 340 651 367 624 411 c 24
 587 471 556 497 513 552 c 25
 558 600 l 25
543 672 m 25
 575 663 597 667 624 648 c 24
 633 642 622 630 615 621 c 24
 571 564 546 531 495 480 c 24
 456 441 427 427 384 393 c 25
 421 452 446 483 480 543 c 24
 508 592 518 622 543 672 c 25
406 690 m 25
 771 690 l 25
 800 718 809 750 834 759 c 1
 860 755 902 702 933 669 c 1
 941 651 924 640 906 640 c 9
 406 640 l 25
 406 690 l 25
288 -3 m 25
 288 661 l 25
 129 661 l 25
 129 711 l 25
 288 711 l 25
 304 724 310 749 330 744 c 24
 365 734 382 713 399 681 c 24
 406 668 386 663 378 651 c 25
 378 -30 l 17
 372 -87 365 -102 330 -111 c 24
 301 -119 297 -78 276 -57 c 24
 255 -36 243 -24 222 -3 c 25
 288 -3 l 25
108 132 m 25
 108 738 l 25
 151 718 187 722 219 687 c 24
 233 672 206 658 198 639 c 25
 198 123 l 17
 192 63 172 33 138 -15 c 24
 103 -65 68 -81 24 -123 c 25
 49 -73 69 -47 87 6 c 24
 103 53 100 83 108 132 c 25
EndSplineSet
EndChar
