Width: 1000
Flags: H
TeX: 117 0
LayerCount: 2
Fore
SplineSet
738 288 m 25
 770.76 250.56 799.752 236.497 822 192 c 24
 827.636 180.729 803.31 185.556 792 180 c 24
 736.581 152.776 705.99 136.08 651 108 c 25
 621 138 l 25
 644.4 167.25 657.962 183.464 681 213 c 24
 703.596 241.969 715.77 258.75 738 288 c 25
498 336 m 25
 558 336 l 25
 593 273 609 235 648 174 c 24
 675 133 691 109 726 75 c 24
 753 49 772 37 807 21 c 24
 852 1 880 -1 927 -15 c 25
 901 -34 885 -42 861 -63 c 24
 840 -82 841 -116 813 -117 c 24
 780 -119 766 -93 744 -69 c 24
 689 -10 659 25 615 93 c 24
 575 155 563 195 531 261 c 24
 517 290 511 307 498 336 c 25
498 126 m 25
 522 66 l 25
 481 40 460 23 417 0 c 24
 360 -30 327 -46 267 -69 c 24
 212 -90 179 -95 123 -111 c 25
 196 -74 239 -57 309 -15 c 24
 359 15 383 37 429 72 c 24
 456 92 471 105 498 126 c 25
420 222 m 25
 465 180 l 25
 435 153 421 133 387 111 c 24
 341 82 312 69 261 51 c 24
 203 30 165 27 105 12 c 25
 185 55 237 72 312 123 c 24
 359 155 378 183 420 222 c 25
396 291 m 25
 440.46 248.88 474.403 232.836 510 183 c 24
 545.907 132.729 561.183 98.9746 576 39 c 24
 586.387 -3.04199 584.395 -30.2197 573 -72 c 24
 562.651 -109.944 548.677 -130.1 522 -159 c 24
 504.961 -177.459 489.1 -196.088 465 -189 c 24
 436.938 -180.747 440.362 -149.999 420 -129 c 24
 402.569 -111.024 388.89 -105.21 369 -90 c 25
 465 -90 l 25
 475.53 -68.9404 488.836 -59.3321 492 -36 c 24
 498.447 11.5488 503.477 41.2519 489 87 c 24
 473.135 137.135 449.584 159.727 417 201 c 24
 396.469 227.006 378.57 235.77 354 258 c 25
 396 291 l 25
372 345 m 25
 480 345 l 25
 468.3 326.28 466.842 311.273 450 297 c 24
 396.766 251.886 364.48 228.005 303 195 c 24
 252.446 167.86 220.12 159.938 165 144 c 24
 122.676 131.762 97.29 131.19 54 123 c 25
 126.54 159.27 169.725 175.515 240 216 c 24
 277.716 237.728 298.87 251.578 330 282 c 24
 351.119 302.639 355.62 320.43 372 345 c 25
201 354 m 25
 594 354 l 25
 623 382 632 414 657 423 c 1
 683 419 725 366 756 333 c 1
 764 315 747 304 729 304 c 9
 201 304 l 25
 201 354 l 25
810 376 m 25
 159 376 l 25
 159 426 l 25
 816 426 l 25
 838.23 438.87 848.462 466.595 873 459 c 24
 910.153 447.5 924.189 421.574 942 387 c 24
 947.796 375.75 931.02 370.53 924 360 c 25
 789 288 l 25
 810 376 l 25
162 477 m 25
 170.19 445.41 180.148 428.51 183 396 c 24
 186.074 360.957 194.211 336.68 177 306 c 24
 163.43 281.81 140.956 266.465 114 273 c 24
 88.4473 279.194 74.1928 303.984 78 330 c 24
 82.8154 362.907 115.5 367.124 132 396 c 24
 148.714 425.249 150.3 445.41 162 477 c 25
282 512 m 25
 699 512 l 25
 699 462 l 25
 282 462 l 25
 282 512 l 25
282 608 m 25
 651 608 l 25
 667.38 620.87 672.891 646.435 693 641 c 24
 728.178 631.492 745.287 610.381 762 578 c 24
 768.55 565.309 749.19 559.7 741 548 c 25
 741 495 l 17
 733 466 727 444 696 441 c 1
 672 443 661 467 651 495 c 9
 651 558 l 25
 282 558 l 25
 282 608 l 25
247 641 m 25
 290.29 621.11 325.953 625.251 358 590 c 24
 371.745 574.881 345.19 560.72 337 542 c 25
 337 492 l 17
 329 463 323 441 292 438 c 1
 268 440 257 464 247 492 c 9
 247 641 l 25
450 669 m 25
 450 800 l 25
 493 780 529 784 561 749 c 24
 575 734 548 720 540 701 c 25
 540 669 l 25
 450 669 l 25
105 693 m 25
 744 693 l 25
 773 721 782 753 807 762 c 1
 833 758 875 705 906 672 c 1
 914 654 897 643 879 643 c 9
 105 643 l 25
 105 693 l 25
EndSplineSet
EndChar
