Width: 1000
Flags: HW
TeX: 117 0
LayerCount: 2
Fore
SplineSet
453 196 m 1
 813 196 l 1
 813 146 l 1
 453 146 l 1
 453 196 l 1
585 405 m 25
 675 405 l 25
 675 36 l 25
 585 36 l 25
 585 405 l 25
342 60 m 25
 816 60 l 25
 816 60 854 120 879 129 c 1
 905 125 947 72 978 39 c 1
 986 21 969 10 951 10 c 9
 342 10 l 25
 342 60 l 25
744 -93 m 25
 744 286 l 25
 477 286 l 25
 477 336 l 25
 744 336 l 25
 760 349 766 374 786 369 c 24
 821 359 838 338 855 306 c 24
 862 293 842 288 834 276 c 25
 834 -153 l 25
 818 -166 812 -190 792 -186 c 24
 764 -181 764 -151 741 -135 c 24
 713 -115 693 -109 663 -93 c 25
 744 -93 l 25
438 378 m 25
 481.29 358.11 516.953 362.251 549 327 c 24
 562.745 311.881 536.19 297.72 528 279 c 25
 528 -129 l 17
 520 -158 514 -183 483 -183 c 1
 459 -183 448 -157 438 -129 c 9
 438 378 l 25
354 424 m 25
 816 424 l 25
 845 452 854 484 879 493 c 1
 905 489 947 436 978 403 c 1
 986 385 969 374 951 374 c 9
 354 374 l 25
 354 424 l 25
372 546 m 25
 795 546 l 25
 795 546 818 582 843 591 c 1
 869 587 857 558 888 525 c 1
 896 507 879 496 861 496 c 9
 372 496 l 25
 372 546 l 25
663 411 m 25
 663 783 l 25
 706 763 742 767 774 732 c 24
 788 717 761 703 753 684 c 25
 753 411 l 25
 663 411 l 25
501 423 m 25
 501 780 l 25
 544 760 580 764 612 729 c 24
 626 714 599 700 591 681 c 25
 591 423 l 25
 501 423 l 25
351 651 m 25
 780 651 l 25
 809 679 818 711 843 720 c 1
 869 716 911 663 942 630 c 1
 950 612 933 601 915 601 c 9
 351 601 l 25
 351 651 l 25
216 75 m 25
 252.27 45.75 278.409 35.1467 309 0 c 24
 334.441 -29.2305 357 -48.4405 357 -87 c 24
 357 -121.575 327.944 -157.425 294 -150 c 24
 259.615 -142.479 272.529 -99.2557 261 -66 c 24
 242.094 -11.4619 233.55 20.0098 216 75 c 25
132 84 m 17
 172.08 45 196.122 41.8486 216 0 c 24
 223.53 -15.8525 201.31 -23.4911 189 -36 c 24
 152.803 -72.7812 136.19 -99.346 92 -126 c 24
 60.248 -145.152 35.8799 -140.64 0 -150 c 25
 35.8799 -109.05 65.2498 -92.4208 92 -45 c 24
 117.88 0.876953 116.4 33.6904 132 84 c 17
92 141 m 25
 282 141 l 25
 282 91 l 25
 92 91 l 25
 92 141 l 25
93 318 m 25
 288 318 l 25
 288 268 l 25
 93 268 l 25
 93 318 l 25
87 509 m 25
 288 509 l 25
 288 459 l 25
 87 459 l 25
 87 509 l 25
108 714 m 25
 258 714 l 25
 274 727 280 752 300 747 c 24
 335 737 352 716 369 684 c 24
 376 671 356 666 348 654 c 25
 348 93 l 17
 340 64 334 39 303 39 c 1
 279 39 268 65 258 93 c 9
 258 664 l 25
 108 664 l 25
 108 714 l 25
72 759 m 25
 115 739 151 743 183 708 c 24
 197 693 170 679 162 660 c 25
 162 90 l 17
 154 61 148 36 117 36 c 1
 93 36 82 62 72 90 c 9
 72 759 l 25
EndSplineSet
EndChar
