Width: 1000
Flags: H
TeX: 117 0
LayerCount: 2
Fore
SplineSet
774 -31 m 24
 831 -45 865 -53 912 -88 c 24
 932 -103 941 -126 930 -148 c 24
 919 -171 896 -177 870 -175 c 24
 836 -173 819 -157 789 -139 c 24
 747 -114 729 -91 687 -67 c 24
 635 -37 603 -27 549 -1 c 25
 637 -13 688 -10 774 -31 c 24
405 5 m 25
 438 -24 468 -31 489 -70 c 24
 496 -83 467 -80 453 -85 c 24
 410 -100 386 -109 342 -121 c 24
 294 -134 268 -146 219 -151 c 24
 145 -159 102 -153 27 -154 c 25
 96 -131 137 -122 204 -94 c 24
 285 -60 327 -34 405 5 c 25
285 31 m 25
 780 31 l 25
 780 -19 l 25
 285 -19 l 25
 285 31 l 25
285 150 m 25
 771 150 l 25
 771 100 l 25
 285 100 l 25
 285 150 l 25
285 247 m 25
 762 247 l 25
 762 197 l 25
 285 197 l 25
 285 247 l 25
288 353 m 25
 714 353 l 25
 730 366 736 391 756 386 c 24
 791 376 808 355 825 323 c 24
 832 310 812 305 804 293 c 25
 804 23 l 17
 796 -6 790 -28 759 -31 c 1
 735 -29 724 -5 714 23 c 9
 714 303 l 25
 288 303 l 25
 288 353 l 25
252 383 m 25
 295 363 331 367 363 332 c 24
 377 317 350 303 342 284 c 25
 342 -4 l 17
 334 -33 328 -55 297 -58 c 1
 273 -56 262 -32 252 -4 c 9
 252 383 l 25
462 438 m 25
 462 789 l 25
 505 769 541 773 573 738 c 24
 587 723 560 709 552 690 c 25
 552 438 l 25
 462 438 l 25
45 447 m 25
 783 447 l 25
 812 475 821 507 846 516 c 1
 872 512 914 459 945 426 c 1
 953 408 936 397 918 397 c 9
 45 397 l 25
 45 447 l 25
177 567 m 25
 654 567 l 25
 683 595 692 627 717 636 c 1
 743 632 785 579 816 546 c 1
 824 528 807 517 789 517 c 9
 177 517 l 25
 177 567 l 25
91 690 m 9
 771 690 l 25
 800 718 809 750 834 759 c 1
 860 755 902 702 933 669 c 1
 941 651 924 640 906 640 c 9
 91 640 l 25
 91 690 l 9
EndSplineSet
EndChar
