Width: 1000
Flags: HW
TeX: 117 0
LayerCount: 2
Fore
SplineSet
852 180 m 25
 852 343 l 25
 690 343 l 25
 690 393 l 25
 852 393 l 25
 868 406 874 431 894 426 c 24
 929 416 946 395 963 363 c 24
 970 350 950 345 942 333 c 25
 942 153 l 17
 936 129 925 101 897 96 c 24
 875 92 875 124 858 138 c 24
 834 157 818 164 792 180 c 25
 852 180 l 25
678 -99 m 1
 678 426 l 9
 721 406 757 410 789 375 c 24
 803 360 776 346 768 327 c 25
 768 -15 l 17
 765 -39 772 -46 798 -51 c 9
 888 -51 l 25
 900 -30 909 -19 918 3 c 24
 932 36 936 56 948 90 c 25
 953 35 945 2 960 -51 c 24
 966 -73 1002 -70 1000 -93 c 24
 998 -116 972 -115 954 -129 c 25
 708 -129 l 17
 693 -125 681 -123 678 -99 c 1
444 228 m 25
 479 205 504 198 534 168 c 24
 554 148 569 133 567 105 c 24
 565 79 550 60 525 54 c 24
 504 49 491 66 480 84 c 24
 469 102 479 117 474 138 c 24
 465 174 456 193 444 228 c 25
561 162 m 1
 561 321 l 25
 468 321 l 25
 468 371 l 25
 561 371 l 25
 577 384 583 409 603 404 c 24
 638 394 655 373 672 341 c 24
 679 328 659 323 651 311 c 25
 651 174 l 17
 642 120 634 112 615 75 c 24
 595 36 582 14 552 -18 c 24
 520 -53 499 -71 459 -96 c 24
 421 -120 397 -130 354 -144 c 24
 318 -156 295 -155 258 -162 c 25
 298 -136 323 -125 360 -96 c 24
 414 -53 449 -31 492 24 c 24
 529 71 564 117 561 162 c 1
468 474 m 25
 501 458 527 459 552 432 c 24
 562 421 545 410 540 396 c 25
 525 343 521 312 501 261 c 24
 488 229 478 212 456 186 c 24
 437 163 420 156 396 138 c 24
 376 123 363 116 342 102 c 25
 363 144 377 167 396 210 c 24
 419 261 435 288 450 342 c 24
 464 392 461 423 468 474 c 25
600 588 m 25
 600 768 l 25
 643 748 679 752 711 717 c 24
 725 702 698 688 690 669 c 25
 690 588 l 25
 600 588 l 25
846 550 m 25
 444 550 l 25
 444 600 l 25
 858 600 l 25
 872 609 880 633 894 624 c 24
 933 598 949 572 966 528 c 24
 971 514 951 510 942 498 c 25
 804 468 l 25
 846 550 l 25
432 642 m 25
 451 615 475 605 480 573 c 24
 487 526 477 498 462 453 c 24
 455 433 447 414 426 414 c 24
 403 414 381 427 378 450 c 24
 375 481 406 492 414 522 c 24
 427 568 425 595 432 642 c 25
69 -162 m 24
 54 -163 49 -148 42 -135 c 24
 27 -107 24 -89 12 -60 c 25
 75 -54 111 -51 174 -45 c 24
 261 -37 309 -32 396 -24 c 25
 367 -43 353 -59 321 -72 c 24
 247 -102 201 -105 126 -132 c 24
 102 -140 94 -161 69 -162 c 24
234 228 m 25
 271 209 301 210 330 180 c 24
 340 169 319 160 312 147 c 25
 300 106 302 80 282 42 c 24
 254 -12 227 -35 192 -84 c 25
 204 -26 214 7 222 66 c 24
 230 129 229 165 234 228 c 25
72 210 m 25
 95 182 117 171 132 138 c 24
 148 102 153 78 150 39 c 24
 148 13 144 -10 120 -21 c 24
 100 -31 74 -21 66 0 c 24
 52 36 71 60 72 99 c 24
 73 142 72 167 72 210 c 25
90 319 m 1
 288 319 l 1
 288 269 l 1
 90 269 l 1
 90 319 l 1
84 546 m 25
 258 546 l 25
 274 559 280 584 300 579 c 24
 335 569 352 548 369 516 c 24
 376 503 356 498 348 486 c 25
 348 294 l 17
 340 265 334 243 303 240 c 1
 279 242 268 266 258 294 c 9
 258 496 l 25
 84 496 l 25
 84 546 l 25
39 582 m 25
 82 562 118 566 150 531 c 24
 164 516 137 502 129 483 c 25
 129 282 l 17
 121 253 115 231 84 228 c 1
 60 230 49 254 39 282 c 9
 39 582 l 25
0 690 m 25
 309 690 l 25
 309 690 332 726 357 735 c 1
 383 731 371 702 402 669 c 1
 410 651 393 640 375 640 c 9
 0 640 l 25
 0 690 l 25
EndSplineSet
EndChar
