Width: 1000
Flags: H
TeX: 117 0
LayerCount: 2
Fore
SplineSet
500 705 m 25
 795 705 l 25
 795 705 833 765 858 774 c 1
 884 770 926 717 957 684 c 1
 965 666 948 655 930 655 c 9
 500 655 l 25
 500 705 l 25
672 285 m 24
 709 206 734 162 787 93 c 24
 819 51 843 31 887 3 c 24
 926 -21 997 -39 997 -39 c 25
 997 -39 954 -55 931 -72 c 24
 909 -87 908 -128 883 -120 c 0
 854 -111 827 -92 800 -63 c 24
 751 -10 725 23 690 87 c 24
 649 162 632 209 606 291 c 24
 585 356 580 390 570 462 c 9
 612 462 l 17
 626 402 641 351 672 285 c 24
784 441 m 9
 504 441 l 25
 504 491 l 25
 787 491 l 25
 808 504 818 533 841 524 c 24
 878 510 891 482 907 446 c 24
 912 435 888 434 886 422 c 0
 878 383 867 344 849 297 c 24
 825 235 810 200 777 142 c 24
 750 93 733 66 696 24 c 24
 650 -28 622 -58 564 -96 c 24
 528 -120 500 -126 459 -132 c 1
 502 -96 525 -76 561 -34 c 24
 610 24 638 57 675 123 c 24
 717 196 735 241 762 321 c 24
 777 366 781 394 784 441 c 9
467 393 m 10
 467 744 l 25
 467 744 546 728 578 693 c 24
 592 678 565 664 557 645 c 25
 557 387 l 18
 557 332 556 202 539 129 c 0
 523 60 511 18 468 -39 c 24
 428 -93 381 -130 333 -147 c 1
 372 -89 390 -57 417 6 c 24
 439 57 448 87 456 142 c 0
 467 217 467 316 467 393 c 10
252 93 m 1
 302 79 334 66 368 32 c 0
 396 4 409 -21 412 -61 c 24
 414 -82 398 -96 378 -102 c 24
 360 -107 345 -99 334 -84 c 24
 314 -55 321 -31 306 1 c 24
 289 39 276 59 252 93 c 1
159 96 m 25
 159 96 229 58 255 17 c 24
 263 4 234 3 224 -9 c 0
 193 -45 165 -75 117 -105 c 24
 83 -127 59 -133 18 -138 c 1
 46 -108 61 -88 85 -54 c 24
 102 -31 110 -17 123 9 c 24
 139 42 159 96 159 96 c 25
116 174 m 25
 359 174 l 25
 359 124 l 25
 116 124 l 25
 116 174 l 25
116 345 m 25
 347 345 l 25
 347 295 l 25
 116 295 l 25
 116 345 l 25
113 543 m 25
 344 543 l 25
 344 493 l 25
 113 493 l 25
 113 543 l 25
119 732 m 25
 302 732 l 25
 318 745 324 770 344 765 c 24
 379 755 396 734 413 702 c 24
 420 689 400 684 392 672 c 25
 392 255 l 2
 392 234 405 150 399 117 c 0
 391 75 356 51 336 51 c 0
 316 51 298 70 297 92 c 0
 296 112 302 204 302 240 c 2
 302 682 l 25
 119 682 l 25
 119 732 l 25
86 762 m 25
 86 762 165 746 197 711 c 24
 211 696 184 682 176 663 c 25
 176 246 l 2
 176 225 185 141 179 108 c 0
 171 66 136 54 116 54 c 0
 96 54 78 61 77 83 c 0
 76 103 86 195 86 231 c 2
 86 762 l 25
EndSplineSet
EndChar
