Width: 1000
Flags: H
TeX: 117 0
LayerCount: 2
Fore
SplineSet
813 426 m 25
 846 404 872 400 897 369 c 24
 905 359 888 351 882 339 c 24
 859 293 847 267 822 222 c 24
 784 152 766 110 720 45 c 24
 686 -2 662 -25 618 -63 c 24
 585 -91 565 -107 525 -123 c 24
 485 -139 459 -136 417 -144 c 25
 467 -105 501 -90 546 -45 c 24
 604 13 635 49 681 117 c 24
 727 185 748 227 780 303 c 24
 800 349 800 378 813 426 c 25
459 216 m 24
 445 211 432 195 423 207 c 24
 398 241 403 269 390 309 c 25
 430 313 452 314 492 318 c 24
 561 325 600 331 669 339 c 25
 663 297 l 25
 583 265 539 246 459 216 c 24
471 528 m 25
 514 508 550 512 582 477 c 24
 596 462 569 448 561 429 c 25
 561 39 l 17
 553 10 547 -12 516 -15 c 1
 492 -13 481 11 471 39 c 9
 471 528 l 25
771 750 m 25
 804 732 828 731 855 705 c 24
 876 685 888 668 888 639 c 24
 888 615 877 596 855 588 c 24
 837 582 824 597 813 612 c 24
 798 633 800 650 792 675 c 24
 783 704 779 721 771 750 c 25
630 435 m 25
 630 774 l 25
 673 754 709 758 741 723 c 24
 755 708 728 694 720 675 c 25
 720 465 l 25
 722 390 716 347 726 273 c 24
 734 213 744 179 768 123 c 24
 793 66 813 24 849 -15 c 9
 872 13 886 29 909 57 c 24
 926 78 935 90 951 111 c 25
 938 44 922 8 918 -60 c 24
 916 -86 949 -101 936 -123 c 24
 922 -145 895 -147 870 -138 c 24
 828 -124 807 -104 780 -69 c 24
 736 -13 717 24 690 90 c 24
 668 145 664 179 654 237 c 24
 641 314 639 358 630 435 c 25
411 555 m 25
 837 555 l 25
 837 555 859 586 883 595 c 1
 902 588 926 560 945 534 c 1
 953 516 937 505 919 505 c 9
 411 505 l 25
 411 555 l 25
270 78 m 25
 305 63 328 60 360 39 c 24
 391 18 410 3 429 -30 c 24
 442 -51 445 -69 438 -93 c 24
 432 -112 419 -125 399 -126 c 24
 379 -127 366 -116 354 -99 c 24
 333 -70 333 -47 318 -15 c 24
 300 22 289 42 270 78 c 25
168 81 m 25
 198 54 226 47 246 12 c 24
 253 -0 232 -5 222 -15 c 24
 185 -49 169 -74 126 -99 c 24
 87 -122 60 -129 15 -138 c 9
 42 -108 58 -91 84 -60 c 24
 103 -37 114 -25 129 0 c 24
 147 30 153 49 168 81 c 25
117 148 m 1
 345 148 l 1
 345 98 l 1
 117 98 l 1
 117 148 l 1
132 359 m 1
 336 359 l 1
 336 309 l 1
 132 309 l 1
 132 359 l 1
144 536 m 1
 360 536 l 1
 360 486 l 1
 144 486 l 1
 144 536 l 1
144 708 m 25
 300 708 l 25
 316 721 322 746 342 741 c 24
 377 731 394 710 411 678 c 24
 418 665 398 660 390 648 c 25
 390 123 l 17
 382 94 376 72 345 69 c 1
 321 71 310 95 300 123 c 9
 300 658 l 25
 144 658 l 25
 144 708 l 25
93 744 m 25
 136 724 172 728 204 693 c 24
 218 678 191 664 183 645 c 25
 183 96 l 17
 175 67 169 45 138 42 c 1
 114 44 103 68 93 96 c 9
 93 744 l 25
EndSplineSet
EndChar
