Width: 1000
Flags: H
TeX: 117 0
LayerCount: 2
Fore
SplineSet
660 540 m 25
 719.67 511.92 760.242 507.568 813 468 c 24
 838.548 448.839 852.912 427.922 852 396 c 24
 851.405 375.178 830.821 363.651 810 363 c 24
 785.92 362.247 773.312 376.246 756 393 c 24
 735.944 412.408 732.26 429.633 717 453 c 24
 694.82 486.963 682.23 506.07 660 540 c 25
621 -12 m 25
 694.71 -22.5303 738.866 -16.9999 810 -39 c 24
 854.669 -52.8154 884.39 -64.2663 912 -102 c 24
 926.092 -121.259 918.398 -146.802 900 -162 c 24
 882.838 -176.178 863.361 -167.997 843 -159 c 24
 810.895 -144.813 799.727 -125.17 771 -105 c 24
 744.707 -86.5391 729.305 -76.9289 702 -60 c 24
 670.791 -40.6504 652.59 -30.7197 621 -12 c 25
393 0 m 25
 432.78 -23.4004 465.072 -24.8673 495 -60 c 24
 504.893 -71.6123 474.87 -72.8096 462 -81 c 25
 424.56 -103.23 406.178 -121.217 366 -138 c 24
 313.056 -160.116 281.597 -170.567 225 -180 c 24
 175.361 -188.273 146.31 -181.83 96 -183 c 25
 147.48 -161.94 178.741 -154.831 228 -129 c 24
 275.132 -104.284 300.074 -86.7783 342 -54 c 24
 364.821 -36.1582 373.11 -21.0596 393 0 c 25
315 53 m 1
 792 53 l 1
 792 3 l 1
 315 3 l 1
 315 53 l 1
312 140 m 1
 783 140 l 1
 783 90 l 1
 312 90 l 1
 312 140 l 1
309 218 m 1
 777 218 l 1
 777 168 l 1
 309 168 l 1
 309 218 l 1
303 297 m 25
 735 297 l 25
 751 310 757 335 777 330 c 24
 812 320 829 299 846 267 c 24
 853 254 833 249 825 237 c 25
 825 33 l 17
 817 4 811 -18 780 -21 c 1
 756 -19 745 5 735 33 c 9
 735 247 l 25
 303 247 l 25
 303 297 l 25
261 315 m 25
 304 295 340 299 372 264 c 24
 386 249 359 235 351 216 c 25
 351 24 l 17
 343 -5 337 -27 306 -30 c 1
 282 -28 271 -4 261 24 c 9
 261 315 l 25
651 471 m 25
 681.42 447.6 705.347 441.224 729 411 c 24
 735.161 403.128 714.36 405.51 705 402 c 25
 683.94 389.13 672.933 380.32 651 369 c 24
 600.311 342.838 571.669 327.906 519 306 c 24
 439.345 272.869 393.776 255.482 312 228 c 24
 250.912 207.471 216.429 194.403 153 183 c 24
 111.528 175.545 87.1201 181.17 45 180 c 25
 109.35 205.74 146.025 219.344 210 246 c 24
 272.397 271.999 308.351 285.149 369 315 c 24
 458.228 358.917 506.978 386.86 594 435 c 24
 617.007 447.728 628.77 456.96 651 471 c 25
306 504 m 25
 341.1 480.6 371.481 478.327 396 444 c 24
 404.709 431.808 377.7 429.36 366 420 c 25
 320.37 393.09 298.768 369.151 249 351 c 24
 197.679 332.283 164.82 336.36 111 327 c 25
 170.67 369.12 209.918 385.91 264 435 c 24
 287.327 456.174 289.62 477.09 306 504 c 25
438 381 m 25
 438 570 l 25
 528 570 l 25
 528 342 l 25
 505.77 327.96 497.279 305.152 471 306 c 24
 450.312 306.667 451.112 332.006 435 345 c 24
 414.533 361.505 400.23 366.96 378 381 c 25
 438 381 l 25
273 594 m 25
 660 594 l 25
 660 594 683 630 708 639 c 1
 734 635 722 606 753 573 c 1
 761 555 744 544 726 544 c 9
 273 544 l 25
 273 594 l 25
852 637 m 25
 177 637 l 25
 177 687 l 25
 864 687 l 25
 885.06 695.19 899.747 721.32 918 708 c 24
 954.811 681.138 963.682 650.142 975 606 c 24
 977.992 594.332 958.53 596.85 948 591 c 25
 825 558 l 25
 852 637 l 25
180 717 m 25
 194.04 680.73 216 662.893 216 624 c 24
 216 582.916 204.767 557.779 180 525 c 24
 162.325 501.606 142.848 483.755 114 489 c 24
 89.7168 493.415 78.2132 518.477 81 543 c 24
 85.0332 578.49 111.336 589.955 129 621 c 24
 149.966 657.849 160.11 679.56 180 717 c 25
453 666 m 25
 453 789 l 25
 496 769 532 773 564 738 c 24
 578 723 551 709 543 690 c 25
 543 666 l 25
 453 666 l 25
EndSplineSet
EndChar
