Width: 1000
Flags: HW
LayerCount: 2
Fore
SplineSet
513 578 m 25
 553 535 572 507 615 467 c 24
 687 400 726 361 807 305 c 24
 870 262 913 250 981 215 c 25
 958 206 942 205 921 191 c 24
 899 177 897 138 873 146 c 24
 811 167 790 207 741 251 c 24
 679 307 645 340 588 401 c 24
 545 447 524 476 483 524 c 25
 513 578 l 25
320 -49 m 25
 692 -49 l 25
 692 -99 l 25
 320 -99 l 25
 320 -49 l 25
320 245 m 25
 659 245 l 25
 675 258 681 283 701 278 c 24
 736 268 753 247 770 215 c 24
 777 202 757 197 749 185 c 25
 749 -87 l 17
 741 -116 735 -138 704 -141 c 1
 680 -139 669 -115 659 -87 c 9
 659 195 l 17
 320 195 l 9
 320 245 l 25
263 281 m 25
 306 261 342 265 374 230 c 24
 388 215 361 201 353 182 c 25
 353 -96 l 17
 345 -125 339 -147 308 -150 c 1
 284 -148 273 -124 263 -96 c 9
 263 281 l 25
501 606 m 25
 528 578 551 567 570 533 c 24
 575 524 560 520 552 512 c 24
 489 451 455 415 390 356 c 24
 332 303 300 271 237 224 c 24
 200 196 178 182 135 164 c 24
 96 148 71 148 30 137 c 25
 79 177 109 196 156 239 c 24
 236 312 280 355 354 434 c 24
 414 498 444 539 501 606 c 25
699 623 m 24
 663 667 642 693 606 737 c 25
 653 721 681 716 726 695 c 24
 764 677 785 666 816 638 c 24
 846 610 872 594 879 554 c 24
 884 527 867 501 840 497 c 24
 808 493 792 517 768 539 c 24
 736 567 726 590 699 623 c 24
298 738 m 25
 327 707 357 698 373 659 c 24
 379 643 355 638 343 626 c 24
 314 598 299 581 268 557 c 24
 227 525 203 506 157 482 c 24
 116 460 89 456 46 440 c 25
 99 500 130 532 181 593 c 24
 228 648 252 681 298 738 c 25
EndSplineSet
EndChar
