Width: 1000
Flags: H
TeX: 117 0
LayerCount: 2
Fore
SplineSet
540 15 m 25
 584.46 3.2998 610.184 -1.08186 654 -15 c 24
 709.732 -32.7031 744.974 -35.7208 795 -66 c 24
 836.051 -90.8467 861.824 -109.463 882 -153 c 24
 889.685 -169.582 869.632 -184.191 852 -189 c 24
 825.818 -196.141 808.001 -190.556 783 -180 c 24
 753.679 -167.62 741.41 -152.424 717 -132 c 24
 683.981 -104.372 669.119 -84.5058 636 -57 c 24
 599.997 -27.0996 577.44 -13.0801 540 15 c 25
96 -177 m 9
 141.63 -154.77 168.998 -145.301 213 -120 c 24
 262.793 -91.3691 293.195 -77.2989 336 -39 c 24
 361.15 -16.4971 365.28 4.91992 384 33 c 25
 423.78 0.240234 460.034 -6.48654 486 -51 c 24
 494.999 -66.4268 462.21 -65.6396 447 -75 c 25
 373.29 -110.1 336.397 -142.218 258 -165 c 24
 197.164 -182.679 186 -180 96 -177 c 9
342 67 m 1
 702 67 l 1
 702 17 l 1
 342 17 l 1
 342 67 l 1
330 142 m 1
 699 142 l 1
 699 92 l 1
 330 92 l 1
 330 142 l 1
336 214 m 1
 696 214 l 1
 696 164 l 1
 336 164 l 1
 336 214 l 1
324 288 m 25
 654 288 l 25
 670.38 300.87 675.891 326.435 696 321 c 24
 731.178 311.492 748.287 290.381 765 258 c 24
 771.55 245.309 752.19 239.7 744 228 c 25
 744 27 l 17
 736 -2 730 -24 699 -27 c 1
 675 -25 664 -1 654 27 c 9
 654 238 l 25
 324 238 l 25
 324 288 l 25
306 315 m 25
 349.29 295.11 384.953 299.251 417 264 c 24
 430.745 248.881 404.19 234.72 396 216 c 25
 396 39 l 17
 388 10 382 -12 351 -15 c 1
 327 -13 316 11 306 39 c 9
 306 315 l 25
636 363 m 25
 702 363 l 25
 739.44 334.92 756.368 312.379 798 291 c 24
 844.078 267.338 874.346 263.749 924 249 c 24
 953.199 240.327 970.36 238.02 1000 231 c 25
 982.06 214.62 969.674 207.561 954 189 c 24
 939.758 172.134 946.053 141 924 141 c 24
 881.024 141 858.481 160.199 822 183 c 24
 782.612 207.617 765.377 228.7 732 261 c 24
 692.744 298.989 673.44 323.22 636 363 c 25
258 363 m 25
 360 363 l 25
 343.62 332.58 339.211 312.272 318 285 c 24
 289.557 248.43 270.509 229.522 234 201 c 24
 195.102 170.61 171.25 154.725 126 135 c 24
 79.1514 114.579 49.1396 113.04 0 99 c 25
 42.1201 129.42 69.0411 142.624 108 177 c 24
 148.962 213.143 169.707 236.477 204 279 c 24
 228.448 309.315 236.94 330.24 258 363 c 25
573 657 m 1
 663 657 l 1
 663 369 l 1
 573 369 l 1
 573 657 l 1
372 651 m 1
 462 651 l 1
 462 351 l 1
 372 351 l 1
 372 651 l 1
72 381 m 25
 810 381 l 25
 839 409 848 441 873 450 c 1
 899 446 941 393 972 360 c 1
 980 342 963 331 945 331 c 9
 72 331 l 25
 72 381 l 25
210 479 m 25
 672 479 l 25
 701 507 710 539 735 548 c 1
 761 544 803 491 834 458 c 1
 842 440 825 429 807 429 c 9
 210 429 l 25
 210 479 l 25
222 579 m 25
 684 579 l 25
 713 607 722 639 747 648 c 1
 773 644 815 591 846 558 c 1
 854 540 837 529 819 529 c 9
 222 529 l 25
 222 579 l 25
465 663 m 25
 465 789 l 25
 508 769 544 773 576 738 c 24
 590 723 563 709 555 690 c 25
 555 663 l 25
 465 663 l 25
858 625 m 25
 156 625 l 25
 156 675 l 25
 864 675 l 25
 882.72 684.36 893.479 708.748 912 699 c 24
 948.868 679.596 964.825 654.524 978 615 c 24
 982.738 600.785 959.7 600.36 948 591 c 25
 849 540 l 25
 858 625 l 25
102 567 m 24
 102 596.32 129.377 604.976 138 633 c 24
 148.414 666.845 145.32 687.9 150 723 c 25
 171.06 689.07 194.314 674.742 204 636 c 24
 212.838 600.648 212.229 575.109 195 543 c 24
 183.122 520.864 162.324 506.723 138 513 c 24
 113.492 519.324 102 541.689 102 567 c 24
EndSplineSet
EndChar
