Width: 1000
Flags: HW
LayerCount: 2
Fore
SplineSet
366 252 m 25
 396 147 l 25
 365.58 117.75 351.927 97.097 318 72 c 24
 266.053 33.5732 236.046 11.2427 177 -15 c 24
 129.546 -36.0908 98.3096 -35.1299 48 -48 c 25
 88.9502 -19.9199 115.236 -8.23729 153 24 c 24
 211.521 73.957 241.473 105.773 294 162 c 24
 324.686 194.847 337.92 216.9 366 252 c 25
300 351 m 25
 363 282 l 25
 336.09 258.6 323.509 242.024 294 222 c 24
 257.607 197.305 236.539 182.448 195 168 c 24
 154.669 153.972 129.12 157.02 87 150 c 25
 120.93 174.57 142.78 185.066 174 213 c 24
 209.781 245.015 225.626 267.543 258 303 c 24
 274.772 321.369 283.62 332.28 300 351 c 25
294 426 m 25
 333.78 382.71 369.491 367.477 396 315 c 24
 428.627 250.412 438.131 207.304 441 135 c 24
 444.097 56.96 443.639 7.95402 411 -63 c 24
 386.788 -115.634 358.659 -148.921 303 -165 c 24
 277.318 -172.419 293.724 -122.011 276 -102 c 24
 255.771 -79.1611 235.74 -76.3799 210 -60 c 25
 318 -60 l 25
 330.87 -31.9199 344.196 -18.1299 351 12 c 24
 360.823 55.5029 364.696 81.6494 360 126 c 24
 354.024 182.438 342.813 213.455 324 267 c 24
 312.204 300.572 300.201 317.423 282 348 c 24
 270.868 366.701 261.87 375.45 249 393 c 25
 294 426 l 25
147 618 m 25
 165.72 588.75 183.661 575.824 195 543 c 24
 206.518 509.658 212.762 487.17 204 453 c 24
 199.405 435.08 182.988 421.683 165 426 c 24
 143.146 431.245 136.289 449.74 129 471 c 24
 121.411 493.135 130.113 507.627 129 531 c 24
 127.771 556.816 125.34 571.26 123 597 c 25
 147 618 l 25
255 657 m 25
 276.06 626.58 290.437 611.005 309 579 c 24
 324.497 552.28 343.543 537.851 342 507 c 24
 340.796 482.91 326.878 462.411 303 459 c 24
 280.751 455.821 269.395 475.628 258 495 c 24
 244.616 517.752 249.53 535.424 243 561 c 24
 235.485 590.431 230.19 606.75 222 636 c 25
 255 657 l 25
384 600 m 25
 408.57 567.24 433.092 554.516 447 516 c 24
 451.496 503.55 433.169 500.474 423 492 c 24
 383.977 459.48 361.367 441.836 321 411 c 24
 277.113 377.476 253.724 356.442 207 327 c 24
 168.042 302.451 144.806 289.975 102 273 c 24
 76.4004 262.849 59.9102 263.85 33 258 c 25
 77.46 293.1 104.823 310.186 147 348 c 24
 206.755 401.573 239.019 433.539 294 492 c 24
 331.562 531.939 348.9 557.88 384 600 c 25
312 765 m 25
 344.76 733.41 372.766 723.132 396 684 c 24
 402.15 673.643 379.774 674.387 369 669 c 24
 339.98 654.49 324.257 644.712 294 633 c 24
 251.559 616.571 226.93 608.887 183 597 c 24
 127.384 581.951 95.1602 576.87 39 564 c 25
 77.6104 588.57 100.317 601.029 138 627 c 24
 186.942 660.73 214.429 680.064 261 717 c 24
 282.4 733.973 292.11 746.28 312 765 c 25
918 540 m 25
 941.4 497.88 967.166 478.949 978 432 c 24
 981 419.002 957.591 427.407 945 423 c 24
 910.748 411.012 892.588 400.98 858 390 c 24
 818.779 377.549 795.78 373.53 756 363 c 25
 756 405 l 25
 794.61 435.42 817.239 451.533 855 483 c 24
 880.454 504.212 893.43 517.77 918 540 c 25
984 -81 m 24
 982.29 -104.945 963 -120 942 -126 c 9
 753 -126 l 17
 726.956 -112 715.956 -98 714 -84 c 9
 714 762 l 25
 757.29 742.11 792.953 746.251 825 711 c 24
 838.745 695.881 812.19 681.72 804 663 c 25
 804 -12 l 17
 801 -39 818.165 -38.4297 828 -48 c 9
 879 -48 l 25
 893.04 -25.7695 903.241 -14.5166 915 9 c 24
 930.255 39.5098 935.13 58.4102 948 90 c 25
 948 38.5195 937.395 8.37598 948 -42 c 24
 952.265 -62.2559 985.475 -60.3535 984 -81 c 24
423 -126 m 24
 413.108 -129.415 404.105 -147.135 399 -138 c 24
 376.421 -97.5957 378.87 -68.46 366 -24 c 25
 409.29 -24 433.801 -26.8096 477 -24 c 24
 577.842 -17.4414 634.38 -9.36035 735 0 c 25
 702.24 -19.8896 686.537 -36.6484 651 -51 c 24
 564.203 -86.0527 511.482 -95.4521 423 -126 c 24
516 426 m 25
 612 426 l 25
 612 426 635 462 660 471 c 1
 686 467 674 438 705 405 c 1
 713 387 696 376 678 376 c 9
 516 376 l 25
 516 426 l 25
480 -42 m 25
 480 759 l 25
 523.29 739.11 558.953 743.251 591 708 c 24
 604.745 692.881 578.19 678.72 570 660 c 25
 570 -42 l 25
 480 -42 l 25
EndSplineSet
EndChar
