Width: 1000
Flags: H
TeX: 117 0
LayerCount: 2
Fore
SplineSet
78 735 m 25
 145.898 729.465 187.438 742.254 252.099 720.807 c 24
 284.062 710.205 301.546 690.014 311.039 657.704 c 24
 317.341 636.258 306.47 614.662 285.753 606.269 c 24
 261.945 596.623 243.637 608.178 221.674 621.498 c 24
 196.928 636.507 193.81 657.865 171.099 675.807 c 24
 137.337 702.479 114.309 711.915 78 735 c 25
723 -20 m 25
 222 -20 l 25
 222 30 l 25
 723 30 l 25
 723 -20 l 25
498 0 m 25
 583.41 -18.7197 633.688 -21.4583 717 -48 c 24
 766.855 -63.8828 795.342 -76.3398 837 -108 c 24
 856.181 -122.577 878.638 -140.906 867 -162 c 24
 851.044 -190.921 821.622 -200.178 789 -195 c 24
 739.839 -187.196 720.086 -158.58 678 -132 c 24
 631.077 -102.364 605.754 -83.8195 561 -51 c 24
 535.508 -32.3057 522.57 -19.8896 498 0 c 25
369 -21 m 25
 404.1 -51.4199 438.769 -57.1896 459 -99 c 24
 467.058 -115.652 431.998 -109.723 414 -114 c 24
 313.745 -137.823 257.752 -154.72 156 -171 c 24
 110.929 -178.212 84.6299 -172.83 39 -174 c 25
 84.6299 -157.62 111.337 -150.858 156 -132 c 24
 216.754 -106.349 250.518 -90.4767 309 -60 c 24
 333.75 -47.1025 345.6 -36.21 369 -21 c 25
231 140 m 25
 708 140 l 25
 708 90 l 25
 231 90 l 25
 231 140 l 25
234 258 m 25
 705 258 l 25
 705 208 l 25
 234 208 l 25
 234 258 l 25
243 369 m 25
 678 369 l 25
 694.38 381.87 699.891 407.435 720 402 c 24
 755.178 392.492 772.287 371.381 789 339 c 24
 795.55 326.309 776.19 320.7 768 309 c 25
 768 12 l 17
 760 -17 754 -39 723 -42 c 1
 699 -40 688 -16 678 12 c 9
 678 319 l 25
 243 319 l 25
 243 369 l 25
198 408 m 25
 241.29 388.11 276.953 392.251 309 357 c 24
 322.745 341.881 296.19 327.72 288 309 c 25
 288 -12 l 17
 280 -41 274 -63 243 -66 c 1
 219 -64 208 -40 198 -12 c 9
 198 408 l 25
663 507 m 24
 626.327 554.992 628.23 594.84 606 651 c 25
 657 651 l 25
 680.4 612.39 685.3 584.147 717 552 c 24
 769.743 498.514 804.371 471.544 870 435 c 24
 909.179 413.185 937.71 416.7 981 405 c 25
 955.26 386.28 942.941 372.241 915 357 c 24
 890.955 343.885 872.535 318.991 849 333 c 24
 763.644 383.808 723.312 428.073 663 507 c 24
543 651 m 9
 624 651 l 17
 624 540 l 1
 624 540 597 491 588 477 c 8
 559.146 432.114 528.398 415.471 480 393 c 24
 427.742 368.737 402 366 336 360 c 9
 394.5 405.63 441 426 486 477 c 0
 505.289 498.861 543 546 543 585 c 1
 543 651 l 9
765 634 m 25
 422 634 l 25
 422 684 l 25
 753 684 l 25
 781 698 795 729 825 720 c 24
 868 707 891 681 906 639 c 24
 912 621 879 626 861 618 c 25
 735 555 l 25
 765 634 l 25
456 789 m 25
 491 778 520 787 546 762 c 24
 558 750 535 737 525 723 c 24
 497 684 484 660 450 627 c 24
 412 590 384 576 342 543 c 25
 371 603 389 636 417 696 c 24
 434 732 441 753 456 789 c 25
138 414 m 24
 124.902 406.723 117.31 378.261 108 390 c 24
 79.4873 425.95 84.21 457.71 69 501 c 25
 351 525 l 25
 267.93 481.71 219.885 459.491 138 414 c 24
EndSplineSet
EndChar
