Width: 1000
Flags: HW
LayerCount: 2
Fore
SplineSet
702 27 m 25
 749 11 777 7 822 -15 c 24
 865 -36 893 -45 924 -81 c 24
 940 -100 940 -120 933 -144 c 24
 928 -160 914 -167 897 -168 c 24
 876 -169 863 -160 846 -147 c 24
 828 -132 825 -117 810 -99 c 24
 786 -71 768 -58 744 -30 c 24
 726 -9 718 5 702 27 c 25
456 -135 m 24
 412 -148 385 -139 339 -141 c 25
 380 -120 408 -115 444 -87 c 24
 498 -45 519 -12 567 36 c 25
 599 15 627 13 648 -18 c 24
 657 -32 644 -48 630 -57 c 24
 566 -96 527 -114 456 -135 c 24
546 97 m 25
 870 97 l 25
 870 47 l 25
 546 47 l 25
 546 97 l 25
543 214 m 25
 858 214 l 25
 858 164 l 25
 543 164 l 25
 543 214 l 25
539 332 m 25
 873 332 l 25
 873 282 l 25
 539 282 l 25
 539 332 l 25
549 447 m 25
 798 447 l 25
 814 460 820 485 840 480 c 24
 875 470 892 449 909 417 c 24
 916 404 896 399 888 387 c 25
 888 87 l 17
 880 58 874 36 843 33 c 1
 819 35 808 59 798 87 c 9
 798 397 l 25
 549 397 l 25
 549 447 l 25
516 492 m 25
 559 472 595 476 627 441 c 24
 641 426 614 412 606 393 c 25
 606 54 l 17
 598 25 592 3 561 0 c 1
 537 2 526 26 516 54 c 9
 516 492 l 25
615 711 m 25
 696 711 l 25
 683 685 678 669 663 645 c 24
 635 601 623 572 585 537 c 24
 553 507 525 504 486 483 c 25
 504 510 514 525 531 552 c 24
 550 582 562 598 579 630 c 24
 595 661 601 679 615 711 c 25
810 682 m 25
 477 682 l 25
 477 732 l 25
 822 732 l 25
 842 743 851 766 873 759 c 24
 901 751 913 730 921 702 c 24
 925 687 906 683 900 669 c 24
 888 643 886 626 873 600 c 24
 855 565 849 542 822 513 c 24
 806 496 791 480 768 486 c 24
 748 491 759 519 744 534 c 24
 725 554 707 558 684 573 c 25
 759 573 l 25
 810 682 l 25
264 237 m 25
 307 224 336 226 375 204 c 24
 410 184 436 170 450 132 c 24
 460 105 449 80 426 63 c 24
 409 51 391 64 375 78 c 24
 353 97 358 122 336 141 c 24
 315 160 296 159 270 171 c 25
 264 237 l 25
186 297 m 25
 228 297 l 25
 228 195 l 25
 217 159 218 136 201 102 c 24
 177 54 162 25 123 -12 c 24
 99 -35 75 -34 45 -48 c 25
 70 -8 88 12 108 54 c 24
 134 108 147 140 165 198 c 24
 177 236 178 258 186 297 c 25
144 335 m 25
 426 335 l 25
 426 285 l 25
 144 285 l 25
 144 335 l 25
135 510 m 25
 360 510 l 25
 376 523 382 548 402 543 c 24
 437 533 454 512 471 480 c 24
 478 467 458 462 450 450 c 25
 450 330 l 17
 442 301 436 279 405 276 c 1
 381 278 370 302 360 330 c 9
 360 460 l 25
 135 460 l 25
 135 510 l 25
75 543 m 25
 118 523 154 527 186 492 c 24
 200 477 173 463 165 444 c 25
 165 303 l 17
 157 274 151 252 120 249 c 1
 96 251 85 275 75 303 c 9
 75 543 l 25
30 651 m 25
 393 651 l 25
 393 651 416 687 441 696 c 1
 467 692 455 663 486 630 c 1
 494 612 477 601 459 601 c 9
 30 601 l 25
 30 651 l 25
219 789 m 25
 262 769 298 773 330 738 c 24
 344 723 317 709 309 690 c 25
 309 -132 l 17
 301 -161 295 -183 264 -186 c 1
 240 -184 229 -160 219 -132 c 9
 219 789 l 25
EndSplineSet
EndChar
