Width: 1000
Flags: H
TeX: 117 0
LayerCount: 2
Fore
SplineSet
504 88 m 25
 504 88 542 45 573 25 c 24
 610 2 631 -21 675 -21 c 26
 879 -21 l 25
 972 -17 l 25
 957 -36 948 -46 933 -65 c 24
 921 -79 915 -87 903 -101 c 25
 693 -101 l 26
 648 -101 622 -89 582 -68 c 24
 548 -50 534 -32 507 -5 c 24
 488 15 481 30 465 52 c 25
 504 88 l 25
795 425 m 25
 414 425 l 25
 414 475 l 25
 813 475 l 25
 827 489 831 519 849 511 c 24
 890 494 907 467 927 427 c 24
 933 415 912 412 903 403 c 24
 426 -80 l 24
 412 -93 390 -94 378 -80 c 24
 363 -62 376 -43 375 -20 c 25
 795 425 l 25
609 630 m 1
 699 630 l 1
 699 442 l 1
 609 442 l 1
 609 630 l 1
420 612 m 9
 495 630 538 638 613 658 c 24
 658 670 682 679 726 693 c 24
 775 709 852 735 852 735 c 1
 852 735 892 680 903 639 c 24
 905 630 888 637 879 636 c 24
 802 627 759 616 681 612 c 24
 579 607 512 607 420 612 c 9
249 132 m 25
 282 113 305 109 333 84 c 24
 359 61 377 46 384 12 c 24
 390 -18 389 -47 363 -63 c 24
 341 -77 317 -61 300 -42 c 24
 282 -22 292 -1 285 24 c 24
 273 67 263 90 249 132 c 25
141 108 m 25
 174 85 201 80 225 48 c 24
 233 38 215 31 207 21 c 24
 178 -18 165 -43 132 -78 c 24
 111 -101 96 -110 69 -126 c 24
 44 -141 27 -144 0 -156 c 25
 32 -108 54 -84 81 -33 c 24
 109 20 118 53 141 108 c 25
117 174 m 1
 345 174 l 1
 345 124 l 1
 117 124 l 1
 117 174 l 1
132 343 m 1
 372 343 l 1
 372 293 l 1
 132 293 l 1
 132 343 l 1
111 517 m 1
 345 517 l 1
 345 467 l 1
 111 467 l 1
 111 517 l 1
105 678 m 25
 306 678 l 25
 322 691 328 716 348 711 c 24
 383 701 400 680 417 648 c 24
 424 635 404 630 396 618 c 25
 396 162 l 17
 388 133 382 111 351 108 c 1
 327 110 316 134 306 162 c 9
 306 628 l 25
 105 628 l 25
 105 678 l 25
69 708 m 25
 69 708 148 692 180 657 c 24
 194 642 167 628 159 609 c 25
 159 138 l 17
 151 109 145 87 114 84 c 1
 90 86 79 110 69 138 c 9
 69 708 l 25
EndSplineSet
EndChar
