Width: 1000
Flags: H
TeX: 117 0
LayerCount: 2
Fore
SplineSet
537 39 m 25
 589.65 30.8096 621.043 33.5702 672 18 c 24
 748.26 -5.30176 797.903 -11.2429 861 -60 c 24
 884.312 -78.0127 885.971 -110.245 870 -135 c 24
 854.923 -158.369 826.725 -163.566 801 -153 c 24
 753.454 -133.472 743.569 -96.2323 702 -66 c 24
 640.313 -21.1377 601.35 -1.9502 537 39 c 25
381 39 m 25
 413.76 14.4297 449.587 13.9387 465 -24 c 24
 473.191 -44.1631 439.856 -48.0904 420 -57 c 24
 348.035 -89.292 307.631 -110.31 231 -129 c 24
 162.459 -145.717 121.2 -139.98 51 -147 c 25
 125.88 -111.9 170.957 -97.6061 243 -57 c 24
 300.114 -24.8086 327.18 1.55957 381 39 c 25
260 83 m 17
 727 83 l 9
 727 33 l 25
 260 33 l 25
 260 83 l 17
273 179 m 25
 693 179 l 25
 693 129 l 25
 273 129 l 25
 273 179 l 25
261 290 m 25
 702 290 l 25
 702 240 l 25
 261 240 l 25
 261 290 l 25
261 387 m 25
 672 387 l 25
 688 400 694 425 714 420 c 24
 749 410 766 389 783 357 c 24
 790 344 770 339 762 327 c 25
 762 72 l 17
 754 43 748 21 717 18 c 1
 693 20 682 44 672 72 c 9
 672 337 l 25
 261 337 l 25
 261 387 l 25
228 423 m 25
 271 403 307 407 339 372 c 24
 353 357 326 343 318 324 c 25
 318 66 l 17
 310 37 304 15 273 12 c 1
 249 14 238 38 228 66 c 9
 228 423 l 25
681 552 m 25
 753 552 l 25
 804.48 509.88 828.638 479.32 885 444 c 24
 917.611 423.563 941.73 423.87 978 411 c 25
 953.43 400.47 937.34 398.681 915 384 c 24
 895.641 371.278 894.231 332.735 873 342 c 24
 813.054 368.158 794.133 407.73 750 456 c 24
 718.888 490.028 707.91 514.56 681 552 c 25
540 573 m 25
 819 573 l 25
 819 573 842 609 867 618 c 1
 893 614 881 585 912 552 c 1
 920 534 903 523 885 523 c 9
 540 523 l 25
 540 573 l 25
648 606 m 25
 648 792 l 25
 691.29 772.11 726.953 776.251 759 741 c 24
 772.745 725.881 746.19 711.72 738 693 c 25
 738 585 l 17
 711 534 688.955 495.067 639 456 c 24
 594.332 421.067 556.65 423.06 504 402 c 25
 547.29 451.14 577.234 474.498 615 528 c 24
 634.048 554.984 635.13 575.58 648 606 c 25
528 699 m 25
 807 699 l 25
 807 699 830 735 855 744 c 1
 881 740 869 711 900 678 c 1
 908 660 891 649 873 649 c 9
 528 649 l 25
 528 699 l 25
300 555 m 25
 372 555 l 25
 401.25 533.94 420.853 525.807 447 501 c 24
 467.032 481.995 489 471.613 489 444 c 24
 489 418.233 472.033 386.894 447 393 c 24
 403.598 403.586 396.022 440.915 366 474 c 24
 338.617 504.177 325.74 523.41 300 555 c 25
270 591 m 9
 270 792 l 25
 313.29 772.11 348.953 776.251 381 741 c 24
 394.745 725.881 368.19 711.72 360 693 c 25
 360 570 l 25
 324.9 527.88 312.588 496.531 270 462 c 24
 224.451 425.068 192.906 410.59 138 390 c 24
 98.0176 375.007 72.1201 379.02 30 372 c 25
 79.1396 403.59 112.847 413.623 156 453 c 24
 207.566 500.055 255 525 270 591 c 9
39 579 m 25
 435 579 l 25
 435 579 458 615 483 624 c 1
 509 620 497 591 528 558 c 1
 536 540 519 529 501 529 c 9
 39 529 l 25
 39 579 l 25
111 696 m 25
 399 696 l 25
 399 696 422 732 447 741 c 1
 473 737 461 708 492 675 c 1
 500 657 483 646 465 646 c 9
 111 646 l 25
 111 696 l 25
EndSplineSet
EndChar
