Width: 1000
Flags: H
TeX: 117 0
LayerCount: 2
Fore
SplineSet
545 9 m 17
 623 -1 686 -13 769 -47 c 24
 810 -64 835 -81 858 -119 c 24
 872 -139 871 -168 856 -182 c 0
 839 -198 816 -197 794 -186 c 24
 751 -165 738 -137 701 -108 c 24
 641 -61 606 -36 545 9 c 17
330 3 m 25
 330 3 399 -26 429 -60 c 24
 437 -69 416 -75 405 -81 c 24
 357 -107 330 -122 279 -141 c 24
 231 -159 203 -169 152 -178 c 24
 121 -183 100 -182 72 -177 c 1
 134 -150 172 -126 231 -85 c 24
 273 -55 330 3 330 3 c 25
785 579 m 25
 785 438 l 17
 777 409 771 387 740 384 c 1
 716 386 705 410 695 438 c 9
 695 579 l 25
 785 579 l 25
417 573 m 25
 417 441 l 17
 409 412 403 390 372 387 c 1
 348 389 337 413 327 441 c 9
 327 573 l 25
 417 573 l 25
273 50 m 25
 768 50 l 25
 768 0 l 25
 273 0 l 25
 273 50 l 25
279 166 m 25
 756 166 l 25
 756 116 l 25
 279 116 l 25
 279 166 l 25
273 278 m 25
 765 278 l 25
 765 228 l 25
 273 228 l 25
 273 278 l 25
279 389 m 25
 711 389 l 25
 727 402 733 427 753 422 c 24
 788 412 805 391 822 359 c 24
 829 346 809 341 801 329 c 25
 801 15 l 17
 793 -14 787 -36 756 -39 c 1
 732 -37 721 -13 711 15 c 9
 711 339 l 25
 279 339 l 25
 279 389 l 25
237 425 m 25
 237 425 316 409 348 374 c 24
 362 359 335 345 327 326 c 25
 327 24 l 17
 319 -5 313 -27 282 -30 c 1
 258 -28 247 -4 237 24 c 9
 237 425 l 25
602 603 m 25
 824 603 l 25
 824 603 846 634 870 643 c 1
 889 636 913 608 932 582 c 1
 940 564 924 553 906 553 c 9
 602 553 l 25
 602 603 l 25
210 606 m 25
 435 606 l 25
 435 606 457 637 481 646 c 1
 500 639 524 611 543 585 c 1
 551 567 535 556 517 556 c 9
 210 556 l 25
 210 606 l 25
854 798 m 1
 854 798 897 755 905 720 c 24
 908 707 890 717 872 717 c 9
 581 664 l 25
 581 714 l 25
 854 798 l 1
557 591 m 26
 557 765 l 25
 557 765 636 749 668 714 c 24
 682 699 655 685 647 666 c 25
 647 576 l 18
 647 528 623 484 584 441 c 24
 553 407 527 396 479 387 c 1
 515 429 521 438 536 477 c 24
 552 519 557 546 557 591 c 26
474 798 m 1
 474 798 518 749 531 711 c 24
 534 701 515 709 504 708 c 25
 201 672 l 25
 207 711 l 25
 474 798 l 1
153 555 m 26
 153 750 l 25
 153 750 232 734 264 699 c 24
 278 684 251 670 243 651 c 25
 243 555 l 18
 243 509 230 464 194 420 c 24
 164 382 136 368 85 358 c 1
 116 392 123 406 138 444 c 0
 152 479 153 511 153 555 c 26
EndSplineSet
EndChar
