Width: 1000
Flags: H
TeX: 117 0
LayerCount: 2
Fore
SplineSet
690 96 m 25
 720.42 77.2803 744.479 74.8808 768 48 c 24
 787.748 25.4307 795 5.93122 795 -24 c 24
 795 -39.8828 777.805 -46.1406 762 -48 c 24
 752.141 -49.1602 748.108 -39.0373 744 -30 c 24
 736.016 -12.4336 739.601 0.264367 732 18 c 24
 718.391 49.7559 706.38 65.5801 690 96 c 25
678 234 m 25
 713.1 224.64 738.24 230.832 768 210 c 24
 789.433 194.997 798 176.117 798 150 c 24
 798 128.464 783.467 108 762 108 c 24
 745.21 108 746.502 129.424 738 144 c 24
 730.091 157.559 728.707 166.939 720 180 c 24
 705.2 202.199 694.38 212.94 678 234 c 25
522 114 m 25
 550.08 104.64 568.744 105.434 594 90 c 24
 612.408 78.75 625.769 69.1542 630 48 c 24
 633.921 28.3955 629.882 8.94102 612 0 c 24
 592.704 -9.64844 574.697 -1.66129 558 12 c 24
 544.815 22.7871 551.67 37.9355 546 54 c 24
 537.612 77.7656 531.36 90.5996 522 114 c 25
528 234 m 25
 553.74 219.96 572.61 218.053 594 198 c 24
 611.576 181.522 624 168.038 624 144 c 24
 624 124.188 607.383 112.307 588 108 c 24
 576.578 105.462 574.345 121.137 570 132 c 24
 564.714 145.216 569.419 154.838 564 168 c 24
 552.836 195.111 542.04 208.26 528 234 c 25
798 30 m 25
 798 252 l 25
 841.29 232.11 876.953 236.251 909 201 c 24
 922.745 185.881 896.19 171.72 888 153 c 25
 888 51 l 25
 890.34 25.2598 886.635 9.77438 894 -15 c 24
 899.832 -34.6182 910.47 -42.4502 921 -60 c 25
 1000 0 l 25
 986.74 -35.0996 971.049 -52.8203 966 -90 c 24
 962.169 -118.208 987.002 -134.993 978 -162 c 24
 972.364 -178.906 953.341 -184.107 936 -180 c 24
 903.778 -172.368 887.415 -158.415 864 -135 c 24
 839.444 -110.444 828.898 -92.2441 816 -60 c 24
 802.706 -26.7646 805.02 -5.09961 798 30 c 25
627 -153 m 24
 612.392 -159.312 598.188 -177.225 588 -165 c 24
 560.994 -132.593 566.04 -102.78 552 -63 c 25
 831 -60 l 25
 751.44 -96.2695 707.265 -118.318 627 -153 c 24
600 -90 m 25
 600 270 l 25
 643 250 679 254 711 219 c 24
 725 204 698 190 690 171 c 25
 690 -90 l 25
 600 -90 l 25
423 -153 m 24
 411.625 -155.979 399.805 -165.589 393 -156 c 24
 369.858 -123.392 371.04 -97.4404 357 -60 c 25
 654 -48 l 25
 601.35 -77.25 573.831 -98.0769 519 -123 c 24
 483.29 -139.231 460.945 -143.062 423 -153 c 24
450 -84 m 25
 450 246 l 25
 493 226 529 230 561 195 c 24
 575 180 548 166 540 147 c 25
 540 -84 l 25
 450 -84 l 25
531 423 m 25
 575.46 412.47 601.252 409.177 645 396 c 24
 698.505 379.884 733.246 378.603 780 348 c 24
 801.89 333.672 819.533 312.363 810 288 c 24
 801.799 267.042 775.219 275.416 753 279 c 24
 736.342 281.687 731.236 293.94 717 303 c 24
 692.621 318.514 678.282 326.334 654 342 c 24
 605.735 373.139 578.97 391.41 531 423 c 25
702 405 m 24
 730.526 420.59 745.92 430.62 774 447 c 25
 799.74 421.26 823.721 413.559 840 381 c 24
 845.153 370.693 823.53 373.68 813 369 c 25
 788.43 360.81 774.72 355.725 750 348 c 24
 699.834 332.323 672.732 318.285 621 309 c 24
 580.678 301.763 556.95 307.17 516 306 c 25
 588.54 344.61 629.891 365.591 702 405 c 24
474 309 m 1
 888 309 l 1
 888 259 l 1
 474 259 l 1
 474 309 l 1
474 462 m 25
 834 462 l 25
 850.38 474.87 855.891 500.435 876 495 c 24
 911.178 485.492 928.287 464.381 945 432 c 24
 951.55 419.309 932.19 413.7 924 402 c 25
 924 288 l 17
 916 259 910 237 879 234 c 1
 855 236 844 260 834 288 c 9
 834 412 l 25
 474 412 l 25
 474 462 l 25
450 486 m 25
 493.29 466.11 528.953 470.251 561 435 c 24
 574.745 419.881 548.19 405.72 540 387 c 25
 540 291 l 17
 532 262 526 240 495 237 c 1
 471 239 460 263 450 291 c 9
 450 486 l 25
834 627 m 25
 855.06 605.94 871.182 597.58 888 573 c 24
 902.231 552.2 914.685 538.06 912 513 c 24
 910.305 497.177 894.873 487.866 879 489 c 24
 855.982 490.645 844.87 503.255 828 519 c 24
 791.631 552.944 776.76 577.56 744 615 c 25
 761.55 644.25 771.682 660.612 789 690 c 24
 810.293 726.134 821.94 746.73 843 783 c 25
 875.76 764.28 900.919 762.267 927 735 c 24
 934.456 727.205 916.02 722.19 909 714 c 25
 834 627 l 25
630 558 m 24
 614.526 581.693 608.04 596.43 594 621 c 25
 611.55 657.27 622.278 677.341 639 714 c 24
 652.708 744.052 659.13 761.58 672 792 c 25
 707.1 773.28 735.643 773.795 762 744 c 24
 771.463 733.303 749.19 725.7 741 714 c 25
 666 627 l 25
 684.72 609.45 700.641 603.908 714 582 c 24
 730.759 554.516 747.983 535.425 741 504 c 24
 735.994 481.474 710.751 463.905 690 474 c 24
 653.798 491.612 652.013 524.292 630 558 c 24
486 783 m 25
 522.27 766.62 550.859 769.141 579 741 c 24
 588.962 731.038 564.36 724.53 555 714 c 25
 498 627 l 25
 514.38 611.79 528.858 607.378 540 588 c 24
 556.599 559.133 575.474 539.202 567 507 c 24
 560.463 482.159 533.899 464.585 510 474 c 24
 479.754 485.915 484.128 517.775 468 546 c 24
 451.367 575.107 442.38 591.75 426 621 c 25
 442.38 656.1 454.547 674.678 468 711 c 24
 478.053 738.143 478.98 754.92 486 783 c 25
120 271 m 1
 360 271 l 1
 360 221 l 1
 120 221 l 1
 120 271 l 1
126 496 m 1
 318 496 l 1
 318 446 l 1
 126 446 l 1
 126 496 l 1
291 -75 m 25
 291 694 l 25
 132 694 l 25
 132 744 l 25
 291 744 l 25
 307.38 756.87 312.89 782.435 333 777 c 24
 368.178 767.492 385.287 746.381 402 714 c 24
 408.55 701.309 389.19 695.7 381 684 c 25
 381 -90 l 25
 365.79 -113.4 363.49 -132.194 342 -150 c 24
 320.585 -167.744 302.665 -184.901 276 -177 c 24
 256.122 -171.11 273.594 -142.469 261 -126 c 24
 241.798 -100.889 222.57 -94.8896 198 -75 c 25
 291 -75 l 25
90 105 m 25
 90 777 l 25
 133.29 757.11 168.953 761.251 201 726 c 24
 214.745 710.881 188.19 696.72 180 678 c 25
 180 99 l 25
 172.98 60.3896 174.728 37.1221 162 0 c 24
 146.387 -45.5391 139.009 -74.1764 108 -111 c 24
 80.8271 -143.268 53.0996 -147.6 18 -171 c 25
 32.04 -139.41 43.5399 -122.949 54 -90 c 24
 67.0557 -48.875 70.1667 -24.4306 78 18 c 24
 84.2178 51.6816 85.3203 71.0703 90 105 c 25
EndSplineSet
EndChar
