Width: 1000
Flags: HW
TeX: 117 0
LayerCount: 2
Fore
SplineSet
765 171 m 25
 750 213 l 25
 873 402 l 9
 873 402 935 363 957 324 c 24
 964 312 941 309 930 300 c 24
 866 249 829 221 765 171 c 25
663 488 m 25
 723 503 l 25
 723 503 754 333 789 228 c 24
 812 161 833 126 870 66 c 24
 902 14 966 -57 966 -57 c 25
 966 -57 920 -67 891 -75 c 24
 867 -81 846 -112 831 -93 c 0
 819 -78 798 -27 783 18 c 24
 755 101 742 149 720 234 c 24
 695 332 663 488 663 488 c 25
573 509 m 25
 573 509 652 493 684 458 c 24
 698 443 671 429 663 410 c 25
 663 -110 l 17
 655 -139 649 -161 618 -164 c 1
 594 -162 583 -138 573 -110 c 9
 573 509 l 25
600 437 m 9
 588 479 l 25
 588 479 684 519 744 548 c 24
 785 567 846 602 846 602 c 25
 846 602 899 547 915 503 c 24
 919 492 897 499 885 497 c 24
 600 437 l 9
426 138 m 26
 426 675 l 25
 426 675 505 659 537 624 c 24
 551 609 524 595 516 576 c 25
 516 135 l 18
 516 83 511 50 492 0 c 24
 476 -44 460 -67 428 -102 c 24
 402 -130 387 -141 348 -159 c 1
 375 -108 381 -93 396 -48 c 24
 409 -7 413 17 420 60 c 24
 425 90 426 107 426 138 c 26
465 588 m 25
 447 639 l 25
 488 652 512 656 552 672 c 24
 642 707 780 768 780 768 c 25
 780 768 834 721 855 681 c 24
 860 671 838 678 828 675 c 24
 802 668 788 663 762 657 c 24
 646 629 581 615 465 588 c 25
138 292 m 25
 348 292 l 25
 348 242 l 25
 138 242 l 25
 138 292 l 25
144 491 m 25
 351 491 l 25
 351 441 l 25
 144 441 l 25
 144 491 l 25
285 3 m 2
 285 637 l 25
 138 637 l 25
 138 687 l 25
 285 687 l 25
 301 700 307 725 327 720 c 24
 362 710 379 689 396 657 c 24
 403 644 383 639 375 627 c 25
 375 9 l 18
 375 -42 368 -58 345 -93 c 24
 325 -124 307 -147 270 -150 c 24
 248 -152 255 -118 240 -102 c 24
 217 -78 200 -70 174 -49 c 25
 252 -49 l 18
 273 -49 285 -21 285 3 c 2
87 96 m 26
 87 726 l 25
 87 726 166 710 198 675 c 24
 212 660 185 646 177 627 c 25
 177 108 l 2
 177 53 170 8 148 -51 c 24
 135 -85 118 -100 90 -123 c 24
 65 -144 48 -152 15 -162 c 1
 40 -123 51 -100 63 -57 c 24
 79 1 87 36 87 96 c 26
EndSplineSet
EndChar
