Width: 1000
Flags: H
TeX: 117 0
LayerCount: 2
Fore
SplineSet
687 126 m 25
 717.42 94.4102 731.441 73.2326 765 45 c 24
 805.487 10.9395 828.547 -9.59849 876 -33 c 24
 915.207 -52.335 941.88 -51.2998 984 -63 c 25
 961.77 -81.7197 944.438 -87.75 927 -111 c 24
 915.232 -126.69 931.591 -159.933 912 -159 c 24
 863.914 -156.71 839.178 -134.325 801 -105 c 24
 756.997 -71.2002 739.965 -43.0819 705 0 c 24
 674.315 37.8076 661.08 62.2197 633 102 c 25
 687 126 l 25
600 93 m 25
 600 258 l 25
 690 258 l 25
 690 63 l 25
 673.62 33.75 669.552 13.6787 648 -12 c 24
 613.944 -52.5771 590.777 -72.4278 549 -105 c 24
 521.304 -126.594 504.727 -140.208 471 -150 c 24
 430.41 -161.784 405.12 -155.49 363 -159 c 25
 405.12 -132.09 432.752 -122.177 471 -90 c 24
 507.136 -59.6006 524.793 -38.5965 552 0 c 24
 575.517 33.3604 581.28 56.7305 600 93 c 25
405 152 m 25
 813 152 l 25
 842 180 851 212 876 221 c 1
 902 217 944 164 975 131 c 1
 983 113 966 102 948 102 c 9
 405 102 l 25
 405 152 l 25
465 286 m 1
 810 286 l 1
 810 236 l 1
 465 236 l 1
 465 286 l 1
471 412 m 1
 822 412 l 1
 822 362 l 1
 471 362 l 1
 471 412 l 1
471 519 m 25
 771 519 l 25
 787.38 531.87 792.891 557.435 813 552 c 24
 848.178 542.492 865.287 521.381 882 489 c 24
 888.55 476.309 869.19 470.7 861 459 c 25
 861 276 l 17
 853 247 847 225 816 222 c 1
 792 224 781 248 771 276 c 9
 771 469 l 25
 471 469 l 25
 471 519 l 25
438 543 m 25
 481.29 523.11 516.953 527.251 549 492 c 24
 562.745 476.881 536.19 462.72 528 444 c 25
 528 249 l 17
 520 220 514 198 483 195 c 1
 459 197 448 221 438 249 c 9
 438 543 l 25
675 771 m 25
 718 751 754 755 786 720 c 24
 800 705 773 691 765 672 c 25
 765 588 l 17
 757 559 751 537 720 534 c 1
 696 536 685 560 675 588 c 9
 675 771 l 25
498 777 m 25
 541 757 577 761 609 726 c 24
 623 711 596 697 588 678 c 25
 588 585 l 17
 580 556 574 534 543 531 c 1
 519 533 508 557 498 585 c 9
 498 777 l 25
402 666 m 25
 807 666 l 25
 836 694 845 726 870 735 c 1
 896 731 938 678 969 645 c 1
 977 627 960 616 942 616 c 9
 402 616 l 25
 402 666 l 25
129 292 m 1
 339 292 l 1
 339 242 l 1
 129 242 l 1
 129 292 l 1
126 506 m 1
 327 506 l 1
 327 456 l 1
 126 456 l 1
 126 506 l 1
279 -54 m 25
 279 637 l 25
 117 637 l 25
 117 687 l 25
 279 687 l 25
 295.38 699.87 300.89 725.435 321 720 c 24
 356.178 710.492 373.287 689.381 390 657 c 24
 396.55 644.309 377.19 638.7 369 627 c 25
 369 -99 l 25
 343.26 -124.74 339.269 -161.891 303 -165 c 24
 276.163 -167.301 279.878 -129.758 264 -108 c 24
 248.272 -86.4482 238.38 -75.0596 222 -54 c 25
 279 -54 l 25
90 15 m 25
 90 711 l 25
 133.29 691.11 168.953 695.251 201 660 c 24
 214.745 644.881 188.19 630.72 180 612 c 25
 180 39 l 25
 165.96 -6.62988 163.755 -34.5379 144 -78 c 24
 134.019 -99.958 123.984 -111.121 105 -126 c 24
 79.8652 -145.7 61.0801 -149.79 33 -165 c 25
 47.04 -132.24 58.2401 -114.978 69 -81 c 24
 80.5703 -44.4629 81.8096 -22.4404 90 15 c 25
EndSplineSet
EndChar
