Width: 1000
Flags: H
TeX: 117 0
LayerCount: 2
Fore
SplineSet
588 153 m 1
 678 153 l 1
 678 -60 l 1
 588 -60 l 1
 588 153 l 1
378 -42 m 25
 777 -42 l 25
 806 -14 815 18 840 27 c 1
 866 23 908 -30 939 -63 c 1
 947 -81 930 -92 912 -92 c 9
 378 -92 l 25
 378 -42 l 25
411 180 m 25
 822 180 l 25
 822 180 845 216 870 225 c 1
 896 221 884 192 915 159 c 1
 923 141 906 130 888 130 c 9
 411 130 l 25
 411 180 l 25
765 468 m 25
 789.57 444.6 807.037 434.68 828 408 c 24
 858.88 368.698 889.068 349.35 897 300 c 24
 901.532 271.799 883.074 245.264 855 240 c 24
 828.777 235.083 817.503 261.036 801 282 c 24
 773.441 317.007 767.206 342.969 744 381 c 24
 725.069 412.025 712.89 428.58 693 459 c 25
 717.57 506.97 730.898 534.307 756 582 c 24
 777.701 623.232 790.77 646.05 813 687 c 25
 846.93 661.26 883.096 660.09 900 621 c 24
 909.218 599.684 876.21 593.55 861 576 c 25
 765 468 l 25
603 444 m 25
 640.44 393.69 669.671 370.432 699 315 c 24
 709.968 294.271 710.843 277.102 703 255 c 24
 696.534 236.777 684.808 217.512 666 222 c 24
 637.823 228.724 630.404 251.468 615 276 c 24
 598.248 302.68 599.317 322.938 585 351 c 24
 569.951 380.496 557.55 394.92 540 423 c 25
 554.04 475.65 562.104 505.312 576 558 c 24
 590.185 611.782 597.96 642.18 612 696 c 25
 644.76 672.6 677.588 671.802 696 636 c 24
 705.646 617.243 677.7 608.55 666 591 c 25
 603 444 l 25
468 687 m 25
 501.93 665.94 535.877 668.059 555 633 c 24
 565.422 613.895 533.021 606.767 522 588 c 24
 489.655 532.926 474.42 500.16 444 444 c 25
 466.23 417.09 482.228 404.427 501 375 c 24
 525.766 336.179 549.08 315.666 555 270 c 24
 558.302 244.526 547.574 210.603 522 213 c 24
 486.571 216.321 479.01 249.574 459 279 c 24
 438.69 308.867 436.387 330.812 420 363 c 24
 403.604 395.204 392.55 412.41 375 444 c 25
 392.55 488.46 402.915 513.359 420 558 c 24
 439.187 608.134 449.28 636.69 468 687 c 25
378 711 m 25
 762 711 l 25
 791 739 800 771 825 780 c 1
 851 776 893 723 924 690 c 1
 932 672 915 661 897 661 c 9
 378 661 l 25
 378 711 l 25
111 275 m 1
 297 275 l 1
 297 225 l 1
 111 225 l 1
 111 275 l 1
111 500 m 1
 300 500 l 1
 300 450 l 1
 111 450 l 1
 111 500 l 1
258 -30 m 25
 258 664 l 25
 123 664 l 25
 123 714 l 25
 258 714 l 25
 274.38 726.87 279.89 752.435 300 747 c 24
 335.178 737.492 352.287 716.381 369 684 c 24
 375.55 671.309 356.19 665.7 348 654 c 25
 348 -51 l 25
 344.49 -73.2305 349.339 -88.0105 339 -108 c 24
 330.604 -124.233 320.573 -143.021 303 -138 c 24
 275.907 -130.259 275.455 -103.379 255 -84 c 24
 230.856 -61.127 214.74 -51.0596 189 -30 c 25
 258 -30 l 25
18 -141 m 9
 34.3799 -101.22 47.7565 -80.2411 60 -39 c 24
 70.127 -4.8877 69.1504 15.9004 75 51 c 25
 75 744 l 25
 118.29 724.11 153.953 728.251 186 693 c 24
 199.745 677.881 173.19 663.72 165 645 c 25
 165 51 l 17
 159 0 150.385 -29.3136 120 -69 c 28
 90.3994 -107.662 75 -123 18 -141 c 9
EndSplineSet
EndChar
