Width: 1000
Flags: H
TeX: 117 0
LayerCount: 2
Fore
SplineSet
582 606 m 25
 582 756 l 25
 625.29 736.11 660.953 740.251 693 705 c 24
 706.745 689.881 680.19 675.72 672 657 c 25
 672 606 l 25
 582 606 l 25
822 111 m 25
 852.42 93.4502 874.583 90.2351 900 66 c 24
 926.305 40.9189 943.436 23.5497 951 -12 c 24
 956.39 -37.332 952.992 -63.0781 930 -75 c 24
 907.991 -86.4121 884.254 -74.2843 870 -54 c 24
 849.42 -24.7129 861.999 1.62976 852 36 c 24
 843.2 66.249 833.7 81.75 822 111 c 25
627 150 m 25
 662 124 695 122 717 84 c 24
 733 56 730 29 714 0 c 24
 703 -19 680 -28 660 -18 c 24
 638 -7 640 15 636 39 c 24
 633 56 643 66 642 84 c 24
 640 110 633 124 627 150 c 25
492 -93 m 9
 492 105 l 25
 535.29 85.1104 570.953 89.2512 603 54 c 24
 616.745 38.8809 590.19 24.7197 582 6 c 25
 582 -30 l 9
 594 -60 l 25
 729 -60 l 25
 736.02 -41.2803 740.528 -30.917 747 -12 c 24
 755.743 13.5576 759.81 28.2598 768 54 c 25
 776.19 9.54004 776.372 -16.5918 789 -60 c 24
 795.286 -81.6094 822.671 -89.5058 816 -111 c 24
 808.498 -135.174 783.06 -132.96 762 -147 c 25
 540 -147 l 1
 510 -141 495 -120 492 -93 c 9
435 75 m 25
 443 27 456 1 456 -48 c 24
 456 -77 455 -99 435 -120 c 24
 418 -137 395 -145 375 -132 c 24
 353 -117 348 -92 354 -66 c 24
 359 -43 387 -45 399 -24 c 24
 419 12 421 36 435 75 c 25
465 175 m 25
 816 175 l 25
 816 125 l 25
 465 125 l 25
 465 175 l 25
474 273 m 25
 798 273 l 25
 798 223 l 25
 474 223 l 25
 474 273 l 25
474 369 m 25
 762 369 l 25
 778.38 381.87 783.891 407.435 804 402 c 24
 839.178 392.492 856.287 371.381 873 339 c 24
 879.55 326.309 860.19 320.7 852 309 c 25
 852 156 l 17
 844 127 838 105 807 102 c 1
 783 104 772 128 762 156 c 9
 762 319 l 25
 474 319 l 25
 474 369 l 25
435 396 m 25
 478.29 376.11 513.953 380.251 546 345 c 24
 559.745 329.881 533.19 315.72 525 297 c 25
 525 165 l 17
 517 136 511 114 480 111 c 1
 456 113 445 137 435 165 c 9
 435 396 l 25
678 606 m 25
 777 606 l 25
 768.81 573.24 766.14 554.21 756 522 c 24
 746.213 490.912 737.7 474.42 726 444 c 25
 678 444 l 25
 678 606 l 25
492 606 m 25
 555 606 l 25
 570.21 566.22 586.999 546.009 594 504 c 24
 597.923 480.461 601.516 457.733 582 444 c 24
 559.972 428.499 539.91 445.83 513 447 c 25
 513 464.55 515.298 474.602 513 492 c 24
 507.08 536.818 500.19 561.54 492 606 c 25
390 471 m 25
 789 471 l 25
 818 499 827 531 852 540 c 1
 878 536 920 483 951 450 c 1
 959 432 942 421 924 421 c 9
 390 421 l 25
 390 471 l 25
414 636 m 25
 807 636 l 25
 807 636 830 672 855 681 c 1
 881 677 869 648 900 615 c 1
 908 597 891 586 873 586 c 9
 414 586 l 25
 414 636 l 25
111 279 m 25
 303 279 l 25
 303 229 l 25
 111 229 l 25
 111 279 l 25
105 471 m 25
 297 471 l 25
 297 421 l 25
 105 421 l 25
 105 471 l 25
258 -68 m 25
 258 650 l 25
 117 650 l 25
 117 700 l 25
 258 700 l 25
 274.38 712.87 279.891 738.435 300 733 c 24
 335.178 723.492 352.287 702.381 369 670 c 24
 375.55 657.309 356.19 651.7 348 640 c 25
 348 -101 l 25
 324.6 -125.57 321.917 -163.058 288 -164 c 24
 258.045 -164.832 262.666 -123.603 240 -104 c 24
 218.596 -85.4883 201.57 -82.04 177 -68 c 25
 258 -68 l 25
72 154 m 9
 72 730 l 25
 115 710 151 714 183 679 c 24
 197 664 170 650 162 631 c 25
 162 151 l 25
 146 87 143 48 120 -14 c 24
 108 -47 95 -65 72 -92 c 24
 48 -120 28 -130 0 -155 c 25
 18 -100 32 -70 45 -14 c 24
 60 51 63 91 72 154 c 9
EndSplineSet
EndChar
