Width: 1000
Flags: H
TeX: 117 0
LayerCount: 2
Fore
SplineSet
291 110 m 1
 705 110 l 1
 705 60 l 1
 291 60 l 1
 291 110 l 1
297 256 m 1
 705 256 l 1
 705 206 l 1
 297 206 l 1
 297 256 l 1
669 -51 m 25
 669 352 l 25
 279 352 l 25
 279 402 l 25
 669 402 l 25
 685.38 414.87 690.891 440.435 711 435 c 24
 746.178 425.492 763.287 404.381 780 372 c 24
 786.55 359.309 767.19 353.7 759 342 c 25
 759 -111 l 17
 744 -141 734.783 -165 705 -165 c 24
 676.032 -165 676.526 -129.213 654 -111 c 24
 621.195 -84.4775 599.1 -74.4004 564 -51 c 25
 669 -51 l 25
249 435 m 25
 292.29 415.11 327.953 419.251 360 384 c 24
 373.745 368.881 347.19 354.72 339 336 c 25
 339 -135 l 17
 331 -164 325 -186 294 -189 c 1
 270 -187 259 -163 249 -135 c 9
 249 435 l 25
633 590 m 25
 834 590 l 25
 834 590 857 626 882 635 c 1
 908 631 896 602 927 569 c 1
 935 551 918 540 900 540 c 9
 633 540 l 25
 633 590 l 25
618 708 m 25
 831 708 l 25
 831 708 854 744 879 753 c 1
 905 749 893 720 924 687 c 1
 932 669 915 658 897 658 c 9
 618 658 l 25
 618 708 l 25
474 753 m 25
 518.46 700.35 536.756 664.073 588 618 c 24
 665.087 548.692 712.903 513.634 801 459 c 24
 864.613 419.55 907.14 409.59 975 378 c 25
 952.77 355.77 938.058 345.208 918 321 c 24
 903.915 304.001 909.873 270.017 888 273 c 24
 841.053 279.402 822.229 308.464 786 339 c 24
 739.816 377.926 719.852 406.451 678 450 c 24
 633.271 496.543 606.592 521.493 564 570 c 24
 522.285 617.509 501.78 646.86 462 696 c 25
 474 753 l 25
432 792 m 25
 470.61 776.79 499.918 780.495 531 753 c 24
 541.697 743.537 518.19 734.7 510 723 c 25
 493.62 685.56 489.59 661.698 468 627 c 24
 423.737 555.863 393.229 519.297 342 453 c 24
 293.729 390.53 268.824 352.824 213 297 c 24
 174.612 258.612 150.42 237.551 102 213 c 24
 65.5518 194.519 39.7803 198.36 0 189 c 25
 50.3096 233.46 83.1329 253.97 129 303 c 24
 185.298 363.181 214.93 399.672 261 468 c 24
 319.334 554.518 347.295 606.718 396 699 c 24
 414.153 733.396 417.96 755.73 432 792 c 25
66 569 m 25
 267 569 l 25
 267 569 290 605 315 614 c 1
 341 610 329 581 360 548 c 1
 368 530 351 519 333 519 c 9
 66 519 l 25
 66 569 l 25
87 711 m 25
 258 711 l 25
 258 711 281 747 306 756 c 1
 332 752 320 723 351 690 c 1
 359 672 342 661 324 661 c 9
 87 661 l 25
 87 711 l 25
EndSplineSet
EndChar
