Width: 1000
Flags: H
TeX: 117 0
LayerCount: 2
Fore
SplineSet
384 -4 m 1
 819 -4 l 1
 819 -54 l 1
 384 -54 l 1
 384 -4 l 1
384 73 m 1
 813 73 l 1
 813 23 l 1
 384 23 l 1
 384 73 l 1
753 -96 m 25
 753 106 l 25
 369 106 l 25
 369 156 l 25
 753 156 l 25
 769 169 775 194 795 189 c 24
 830 179 847 158 864 126 c 24
 871 113 851 108 843 96 c 25
 843 -138 l 25
 824 -158 822 -190 795 -189 c 24
 765 -188 763 -155 741 -135 c 24
 723 -119 712 -111 693 -96 c 25
 753 -96 l 25
333 189 m 25
 376 169 412 173 444 138 c 24
 458 123 431 109 423 90 c 25
 423 -141 l 17
 415 -170 409 -192 378 -195 c 1
 354 -193 343 -169 333 -141 c 9
 333 189 l 25
549 366 m 1
 639 366 l 1
 639 207 l 1
 549 207 l 1
 549 366 l 1
354 239 m 1
 837 239 l 1
 837 189 l 1
 354 189 l 1
 354 239 l 1
348 322 m 1
 846 322 l 1
 846 272 l 1
 348 272 l 1
 348 322 l 1
336 396 m 25
 780 396 l 25
 796.38 408.87 801.891 434.435 822 429 c 24
 857.178 419.492 874.287 398.381 891 366 c 24
 897.55 353.309 878.19 347.7 870 336 c 25
 870 234 l 17
 862 205 856 183 825 180 c 1
 801 182 790 206 780 234 c 9
 780 346 l 25
 336 346 l 25
 336 396 l 25
315 432 m 25
 358 412 394 416 426 381 c 24
 440 366 413 352 405 333 c 25
 405 237 l 17
 397 208 391 186 360 183 c 1
 336 185 325 209 315 237 c 9
 315 432 l 25
450 750 m 25
 690 750 l 25
 690 750 713 786 738 795 c 1
 764 791 752 762 783 729 c 1
 791 711 774 700 756 700 c 9
 450 700 l 25
 450 750 l 25
277 551 m 25
 643 578 l 17
 665 596 683 625 694 629 c 1
 728 620 740 578 754 551 c 9
 718 542 l 25
 277 506 l 25
 277 551 l 25
429 492 m 9
 429 800 l 25
 472 780 508 784 540 749 c 24
 554 734 527 720 519 701 c 25
 519 534 l 17
 516 513 516 501 540 498 c 9
 711 498 l 25
 723 517 731 526 741 546 c 24
 753 571 757 586 768 612 c 25
 772 568 766 541 777 498 c 24
 781 481 807 482 807 465 c 24
 807 446 798 435 777 426 c 9
 474 426 l 17
 451 436 439 443 429 492 c 9
819 630 m 25
 204 630 l 17
 204 680 l 9
 834 680 l 25
 852 689 863 716 879 704 c 24
 917 677 929 647 942 602 c 24
 946 589 924 593 912 587 c 25
 792 542 l 25
 819 630 l 25
165 132 m 25
 165 735 l 25
 208 715 244 719 276 684 c 24
 290 669 263 655 255 636 c 25
 255 186 l 25
 244 113 250 68 222 0 c 24
 200 -55 174 -81 132 -123 c 24
 109 -146 88 -149 60 -165 c 25
 80 -129 93 -109 111 -72 c 24
 130 -32 145 -10 156 33 c 24
 166 70 161 93 165 132 c 25
EndSplineSet
EndChar
