Width: 1000
Flags: H
TeX: 117 0
LayerCount: 2
Fore
SplineSet
714 147 m 25
 801 147 l 25
 783.45 103.71 781.26 75.293 756 36 c 24
 727.783 -7.89258 706.41 -29.9886 666 -63 c 24
 622.488 -98.5449 594.674 -115.944 543 -138 c 24
 497.588 -157.384 467.97 -156.3 420 -168 c 25
 473.82 -135.24 508.017 -122.359 558 -84 c 24
 609.21 -44.6992 641.873 -23.4953 678 30 c 24
 704.719 69.5645 699.96 101.37 714 147 c 25
591 144 m 25
 672 144 l 25
 657.96 117.09 653.642 99.6989 636 75 c 24
 612.394 41.9512 597.527 23.7887 567 -3 c 24
 539.682 -26.9727 523.157 -41.5792 489 -54 c 24
 456.942 -65.6572 435.93 -59.4902 402 -63 c 25
 441.78 -33.75 467.369 -21.1085 504 12 c 24
 528.673 34.3008 539.698 50.2316 558 78 c 24
 573.837 102.028 578.13 118.26 591 144 c 25
861 112 m 25
 507 112 l 25
 507 162 l 25
 855 162 l 25
 870.21 174.87 874.33 198.173 894 195 c 24
 921.817 190.514 934.694 171.838 948 147 c 24
 954.834 134.243 942.51 125.04 939 111 c 25
 917.94 46.6504 914.081 7.14538 885 -54 c 24
 867.812 -90.1406 851.841 -108.333 822 -135 c 24
 795.812 -158.401 779.104 -178.936 744 -180 c 24
 725.695 -180.555 733.158 -153.237 723 -138 c 24
 709.62 -117.931 699.21 -108.72 684 -90 c 25
 753 -90 l 25
 770.55 -75.96 784.515 -71.9798 798 -54 c 24
 820.299 -24.2686 829.813 -4.74601 843 30 c 24
 854.617 60.6113 853.98 80.0195 861 112 c 25
516 240 m 25
 606 240 l 25
 601.32 214.26 608.976 195.452 594 174 c 24
 563.677 130.563 539.385 109.917 495 81 c 24
 460.578 58.5732 434.61 59.04 396 45 c 25
 433.44 89.46 461.537 109.498 492 159 c 24
 509.268 187.06 506.64 208.41 516 240 c 25
411 270 m 25
 822 270 l 25
 851 298 860 330 885 339 c 1
 911 335 953 282 984 249 c 1
 992 231 975 220 957 220 c 9
 411 220 l 25
 411 270 l 25
543 370 m 1
 801 370 l 1
 801 320 l 1
 543 320 l 1
 543 370 l 1
552 473 m 1
 813 473 l 1
 813 423 l 1
 552 423 l 1
 552 473 l 1
540 582 m 25
 747 582 l 25
 763.38 594.87 768.891 620.435 789 615 c 24
 824.178 605.492 841.287 584.381 858 552 c 24
 864.55 539.309 845.19 533.7 837 522 c 25
 837 357 l 17
 829 328 823 306 792 303 c 1
 768 305 757 329 747 357 c 9
 747 532 l 25
 540 532 l 25
 540 582 l 25
516 606 m 25
 559.29 586.11 594.953 590.251 627 555 c 24
 640.745 539.881 614.19 525.72 606 507 c 25
 606 345 l 17
 598 316 592 294 561 291 c 1
 537 293 526 317 516 345 c 9
 516 606 l 25
510 684 m 25
 831 684 l 25
 831 684 854 720 879 729 c 1
 905 725 893 696 924 663 c 1
 932 645 915 634 897 634 c 9
 510 634 l 25
 510 684 l 25
489 786 m 25
 529.95 762.6 562.328 760.948 594 726 c 24
 604.541 714.368 583.02 704.04 576 690 c 25
 560.79 657.24 555.745 636.874 537 606 c 24
 515.748 570.996 503.855 550.027 474 522 c 24
 445.606 495.345 422.76 489.06 390 468 c 25
 411.06 514.8 427.252 539.489 444 588 c 24
 461.316 638.159 465.24 668.255 477 720 c 24
 482.798 745.512 484.32 760.26 489 786 c 25
120 264 m 1
 357 264 l 1
 357 214 l 1
 120 214 l 1
 120 264 l 1
129 484 m 1
 342 484 l 1
 342 434 l 1
 129 434 l 1
 129 484 l 1
318 -153 m 24
 286.641 -155.767 287.622 -113.811 264 -93 c 24
 238.18 -70.2539 220.08 -61.8896 192 -42 c 25
 276 -42 l 25
 276 673 l 25
 117 673 l 25
 117 723 l 25
 276 723 l 25
 292.38 735.87 297.891 761.435 318 756 c 24
 353.178 746.492 370.287 725.381 387 693 c 24
 393.55 680.309 374.19 674.7 366 663 c 25
 366 -84 l 25
 347.28 -110.91 350.654 -150.119 318 -153 c 24
90 60 m 25
 90 756 l 25
 133.29 736.11 168.953 740.251 201 705 c 24
 214.745 689.881 188.19 675.72 180 657 c 25
 180 36 l 17
 171 -24 159.945 -47.6689 135 -96 c 24
 121.714 -121.741 106.961 -132.338 84 -150 c 24
 60.7598 -167.877 43.7402 -171.96 18 -186 c 25
 35.5498 -140.37 49.2676 -115.92 63 -69 c 24
 77.4385 -19.6689 79.4697 9.69043 90 60 c 25
EndSplineSet
EndChar
