Width: 1000
Flags: H
TeX: 117 0
LayerCount: 2
Fore
SplineSet
492 132 m 25
 549 132 l 25
 603.99 80.5195 630.77 46.5382 690 0 c 24
 729.603 -31.1162 754.275 -47.2027 801 -66 c 24
 857.077 -88.5596 892.5 -89.79 951 -105 c 25
 911.22 -117.87 885.115 -116.933 849 -138 c 24
 826.743 -150.983 832.743 -190.095 807 -189 c 24
 762.488 -187.105 741.233 -161.673 708 -132 c 24
 641.896 -72.9785 611.117 -32.5878 555 36 c 24
 526.643 70.6592 516.57 94.5596 492 132 c 25
435 138 m 1
 435 261 l 25
 525 261 l 25
 525 147 l 1
 509 80 505.254 36.9729 471 -24 c 24
 445.066 -70.1621 417.275 -88.1202 375 -120 c 24
 344.918 -142.685 324.749 -153.688 288 -162 c 24
 224.977 -176.255 187.35 -171.15 123 -177 c 25
 204.9 -129.03 266.207 -121.435 333 -54 c 24
 392.669 6.24219 426 72 435 138 c 1
75 147 m 17
 795 147 l 9
 824 175 833 207 858 216 c 1
 884 212 926 159 957 126 c 1
 965 108 948 97 930 97 c 9
 75 97 l 25
 75 147 l 17
303 283 m 25
 765 283 l 25
 765 233 l 25
 303 233 l 25
 303 283 l 25
303 407 m 25
 753 407 l 25
 753 357 l 25
 303 357 l 25
 303 407 l 25
303 524 m 25
 741 524 l 25
 741 474 l 25
 303 474 l 25
 303 524 l 25
303 648 m 25
 714 648 l 25
 730.38 660.87 735.891 686.435 756 681 c 24
 791.178 671.492 808.287 650.381 825 618 c 24
 831.55 605.309 812.19 599.7 804 588 c 25
 804 276 l 17
 796 247 790 225 759 222 c 1
 735 224 724 248 714 276 c 9
 714 598 l 25
 303 598 l 25
 303 648 l 25
258 675 m 25
 301.29 655.11 336.953 659.251 369 624 c 24
 382.745 608.881 356.19 594.72 348 576 c 25
 348 267 l 17
 340 238 334 216 303 213 c 1
 279 215 268 239 258 267 c 9
 258 675 l 25
456 783 m 25
 501.63 768.96 532.918 772.936 573 747 c 24
 583.982 739.894 563.85 728.7 558 717 c 24
 539.28 679.56 528.72 658.44 510 621 c 25
 456 621 l 25
 456 783 l 25
EndSplineSet
EndChar
