Width: 1000
Flags: H
TeX: 117 0
LayerCount: 2
Fore
SplineSet
663 150 m 9
 663 273 l 25
 753 273 l 25
 753 207 l 17
 751 189 756 171 771 177 c 9
 801 177 l 25
 809 185 816 188 822 198 c 24
 833 215 835 227 843 246 c 25
 851 219 855 204 864 177 c 24
 869 164 885 157 879 144 c 24
 871 127 853 129 837 120 c 25
 723 120 l 17
 693 120 684 132 663 150 c 9
555 273 m 25
 636 273 l 25
 624 243 624 222 606 195 c 24
 586 165 570 149 540 129 c 24
 512 110 491 109 459 96 c 25
 481 132 496 152 516 189 c 24
 533 221 540 240 555 273 c 25
723 36 m 25
 723 -90 l 17
 715 -119 709 -141 678 -144 c 1
 654 -142 643 -118 633 -90 c 9
 633 36 l 25
 723 36 l 25
534 66 m 25
 735 66 l 25
 735 66 758 102 783 111 c 1
 809 107 797 78 828 45 c 1
 836 27 819 16 801 16 c 9
 534 16 l 25
 534 66 l 25
822 -75 m 25
 822 244 l 25
 438 244 l 25
 438 294 l 25
 822 294 l 25
 838 307 844 332 864 327 c 24
 899 317 916 296 933 264 c 24
 940 251 920 246 912 234 c 25
 912 -105 l 25
 895 -126 888 -159 855 -159 c 24
 835 -159 850 -126 837 -111 c 24
 819 -91 802 -89 780 -75 c 25
 822 -75 l 25
405 324 m 25
 448 304 484 308 516 273 c 24
 530 258 503 244 495 225 c 25
 495 -99 l 17
 487 -128 481 -150 450 -153 c 1
 426 -151 415 -127 405 -99 c 9
 405 324 l 25
510 425 m 1
 819 425 l 1
 819 375 l 1
 510 375 l 1
 510 425 l 1
495 567 m 25
 768 567 l 25
 784 580 790 605 810 600 c 24
 845 590 862 569 879 537 c 24
 886 524 866 519 858 507 c 25
 858 396 l 17
 850 367 844 345 813 342 c 1
 789 344 778 368 768 396 c 9
 768 517 l 25
 495 517 l 25
 495 567 l 25
471 588 m 25
 514 568 550 572 582 537 c 24
 596 522 569 508 561 489 c 25
 561 402 l 17
 553 373 547 351 516 348 c 1
 492 350 481 374 471 402 c 9
 471 588 l 25
444 705 m 25
 828 705 l 25
 828 705 851 741 876 750 c 1
 902 746 890 717 921 684 c 1
 929 666 912 655 894 655 c 9
 444 655 l 25
 444 705 l 25
135 263 m 1
 321 263 l 1
 321 213 l 1
 135 213 l 1
 135 263 l 1
141 490 m 1
 309 490 l 1
 309 440 l 1
 141 440 l 1
 141 490 l 1
291 -30 m 25
 291 658 l 25
 159 658 l 25
 159 708 l 25
 291 708 l 25
 307 721 313 746 333 741 c 24
 368 731 385 710 402 678 c 24
 409 665 389 660 381 648 c 25
 381 -96 l 25
 365 -110 360 -135 339 -132 c 24
 307 -128 298 -102 273 -81 c 24
 250 -62 238 -50 216 -30 c 25
 291 -30 l 25
99 51 m 9
 99 747 l 25
 142 727 178 731 210 696 c 24
 224 681 197 667 189 648 c 25
 189 78 l 25
 183 48 187 28 174 0 c 24
 155 -41 139 -63 108 -96 c 24
 84 -122 62 -127 33 -147 c 25
 47 -114 58 -97 69 -63 c 16
 78 -21 99 12 99 51 c 9
EndSplineSet
EndChar
