Width: 1000
Flags: HW
LayerCount: 2
Fore
SplineSet
111 298 m 1
 309 298 l 1
 309 248 l 1
 111 248 l 1
 111 298 l 1
132 490 m 1
 327 490 l 1
 327 440 l 1
 132 440 l 1
 132 490 l 1
276 -48 m 25
 276 667 l 25
 123 667 l 25
 123 717 l 25
 276 717 l 25
 292 730 298 755 318 750 c 24
 353 740 370 719 387 687 c 24
 394 674 374 669 366 657 c 25
 366 -69 l 17
 357 -111 346 -138 309 -147 c 24
 284 -153 289 -110 270 -93 c 24
 245 -71 226 -66 198 -48 c 25
 276 -48 l 25
90 48 m 9
 90 750 l 25
 133 730 169 734 201 699 c 24
 215 684 188 670 180 651 c 25
 180 48 l 17
 174 0 161 -27 132 -66 c 24
 101 -109 87 -120 30 -156 c 9
 44 -122 56 -104 66 -69 c 24
 79 -24 84 0 90 48 c 9
672 264 m 1
 762 264 l 1
 762 -102 l 1
 672 -102 l 1
 672 264 l 1
543 264 m 1
 633 264 l 1
 633 -96 l 1
 543 -96 l 1
 543 264 l 1
327 -81 m 25
 838 -81 l 25
 867 -53 876 -21 901 -12 c 1
 927 -16 969 -69 1000 -102 c 1
 1008 -120 991 -131 973 -131 c 9
 327 -131 l 25
 327 -81 l 25
807 -93 m 25
 807 229 l 25
 438 229 l 25
 438 279 l 25
 807 279 l 25
 823 292 829 317 849 312 c 24
 884 302 901 281 918 249 c 24
 925 236 905 231 897 219 c 25
 897 -93 l 25
 807 -93 l 25
411 -87 m 25
 411 306 l 25
 454 286 490 290 522 255 c 24
 536 240 509 226 501 207 c 25
 501 -87 l 25
 411 -87 l 25
627 588 m 25
 661 569 684 564 714 540 c 24
 741 519 763 507 771 474 c 24
 775 455 758 439 738 435 c 24
 717 431 706 445 690 459 c 24
 670 476 665 493 648 513 c 24
 632 531 622 540 606 558 c 25
 627 588 l 25
600 594 m 1
 600 690 l 25
 643.29 670.11 678.953 674.251 711 639 c 24
 724.745 623.881 698.19 609.72 690 591 c 25
 690 582 l 1
 693 571 690 553 684 540 c 8
 664.929 498.679 641.282 480.609 603 456 c 24
 573.393 436.967 549.93 441.36 516 432 c 25
 538.23 465.93 557.935 481.338 573 519 c 16
 585 549 594 569 600 594 c 1
495 412 m 1
 813 412 l 1
 813 362 l 1
 495 362 l 1
 495 412 l 1
486 705 m 25
 756 705 l 25
 772 718 778 743 798 738 c 24
 833 728 850 707 867 675 c 24
 874 662 854 657 846 645 c 25
 846 396 l 17
 838 367 832 345 801 342 c 1
 777 344 766 368 756 396 c 9
 756 655 l 25
 486 655 l 25
 486 705 l 25
447 729 m 25
 490 709 526 713 558 678 c 24
 572 663 545 649 537 630 c 25
 537 399 l 17
 529 370 523 348 492 345 c 1
 468 347 457 371 447 399 c 9
 447 729 l 25
EndSplineSet
EndChar
