Width: 1000
Flags: H
TeX: 117 0
LayerCount: 2
Fore
SplineSet
840 48 m 25
 870 14 896 1 918 -39 c 24
 923 -48 903 -44 894 -48 c 25
 853 -67 831 -80 789 -96 c 24
 736 -116 706 -130 651 -141 c 24
 596 -152 563 -154 507 -153 c 24
 461 -152 429 -150 390 -135 c 9
 474 -114 523 -106 606 -81 c 24
 663 -64 696 -55 748 -26 c 24
 788 -4 804 19 840 48 c 25
738 150 m 25
 759 120 783 108 792 72 c 24
 795 58 774 59 762 51 c 25
 734 39 719 30 690 21 c 24
 631 2 598 -11 537 -21 c 24
 501 -27 480 -21 444 -21 c 25
 511 8 552 17 615 54 c 24
 668 85 690 113 738 150 c 25
663 264 m 25
 688 237 708 227 726 195 c 24
 730 187 717 184 711 177 c 25
 682 157 667 143 636 126 c 24
 603 108 585 98 549 87 c 24
 508 74 483 74 441 66 c 25
 498 108 535 127 588 174 c 24
 622 204 634 229 663 264 c 25
681 387 m 25
 717 355 735 334 774 306 c 24
 810 280 833 268 873 249 c 24
 918 228 946 222 993 204 c 25
 977 181 966 168 951 144 c 24
 939 125 946 89 924 93 c 24
 878 101 863 134 828 165 c 24
 794 194 777 213 747 246 c 24
 710 286 692 310 657 351 c 25
 681 387 l 25
471 162 m 24
 438 143 414 144 378 132 c 25
 419 168 445 186 483 225 c 24
 532 275 557 306 600 360 c 24
 621 386 629 404 648 432 c 25
 676 405 700 397 720 363 c 24
 726 353 709 348 702 339 c 25
 677 317 665 302 639 282 c 24
 575 233 541 202 471 162 c 24
780 447 m 24
 751 435 732 438 702 432 c 25
 746 472 771 494 816 534 c 24
 853 567 875 585 912 618 c 25
 912 519 l 25
 861 491 834 469 780 447 c 24
702 531 m 9
 722 563 735 579 753 612 c 24
 769 642 775 667 789 699 c 25
 891 699 l 25
 864 663 856 636 822 606 c 24
 781 569 759 555 702 531 c 9
702 726 m 25
 855 726 l 25
 871 739 877 764 897 759 c 24
 932 749 949 728 966 696 c 24
 973 683 953 678 945 666 c 25
 945 396 l 17
 937 367 931 345 900 342 c 1
 876 344 865 368 855 396 c 9
 855 676 l 25
 702 676 l 25
 702 726 l 25
498 414 m 24
 456 392 427 394 381 381 c 25
 435 428 467 452 519 501 c 24
 557 537 576 560 612 597 c 25
 612 501 l 25
 568 467 548 440 498 414 c 24
528 717 m 25
 621 717 l 25
 605 690 600 671 579 648 c 24
 550 617 532 600 495 579 c 24
 460 559 436 557 399 543 c 25
 428 576 448 592 474 627 c 24
 498 660 507 682 528 717 c 25
393 732 m 25
 570 732 l 25
 586 745 592 770 612 765 c 24
 647 755 664 734 681 702 c 24
 688 689 668 684 660 672 c 25
 660 396 l 17
 652 367 646 345 615 342 c 1
 591 344 580 368 570 396 c 9
 570 682 l 25
 393 682 l 25
 393 732 l 25
150 521 m 1
 309 521 l 1
 309 471 l 1
 150 471 l 1
 150 521 l 1
147 307 m 1
 333 307 l 1
 333 257 l 1
 147 257 l 1
 147 307 l 1
279 -84 m 24
 253 -58 237 -46 210 -21 c 25
 282 -21 l 25
 282 688 l 25
 147 688 l 25
 147 738 l 25
 282 738 l 25
 298 751 304 776 324 771 c 24
 359 761 376 740 393 708 c 24
 400 695 380 690 372 678 c 25
 372 -84 l 17
 363 -105 348 -132 321 -132 c 24
 296 -132 297 -102 279 -84 c 24
111 252 m 25
 111 765 l 25
 154 745 190 749 222 714 c 24
 236 699 209 685 201 666 c 25
 201 231 l 25
 189 174 190 139 171 84 c 24
 150 23 133 -11 99 -66 c 24
 79 -98 59 -110 33 -138 c 25
 51 -83 64 -53 78 3 c 24
 91 54 95 83 102 135 c 24
 108 180 107 206 111 252 c 25
EndSplineSet
EndChar
