Width: 1000
Flags: H
TeX: 117 0
LayerCount: 2
Fore
SplineSet
897 12 m 24
 871.433 8.80371 866.212 38.0185 846 54 c 24
 815.895 77.8037 798.42 90.5996 768 114 c 25
 852 114 l 25
 852 643 l 25
 711 643 l 25
 711 693 l 25
 852 693 l 25
 868.38 705.87 873.891 731.435 894 726 c 24
 929.178 716.492 946.287 695.381 963 663 c 24
 969.55 650.309 950.19 644.7 942 633 c 25
 942 66 l 25
 924.45 44.9404 924.202 15.4003 897 12 c 24
687 723 m 25
 730.29 703.11 765.953 707.251 798 672 c 24
 811.745 656.881 785.19 642.72 777 624 c 25
 777 -99 l 17
 769 -128 763 -150 732 -153 c 1
 708 -151 697 -127 687 -99 c 9
 687 723 l 25
594 201 m 25
 623 173 645 162 669 129 c 24
 681 112 684 99 684 78 c 24
 684 47 687 23 666 0 c 24
 655 -13 631 -3 624 12 c 24
 605 53 613 82 606 126 c 24
 601 155 599 172 594 201 c 25
417 0 m 24
 406.12 -3.79492 397.24 -20.964 390 -12 c 24
 366.246 17.4092 354 78 354 78 c 5
 648 105 l 25
 648 78 l 25
 557.91 47.5801 506.781 31.3191 417 0 c 24
480 57 m 25
 408 45 l 25
 422.04 103.5 432.983 135.857 444 195 c 24
 455.242 255.351 456.81 290.16 465 351 c 25
 465 792 l 25
 508.29 772.11 543.953 776.251 576 741 c 24
 589.745 725.881 563.19 711.72 555 693 c 25
 555 345 l 25
 480 57 l 25
348 378 m 25
 591 378 l 25
 591 378 614 414 639 423 c 1
 665 419 653 390 684 357 c 1
 692 339 675 328 657 328 c 9
 348 328 l 25
 348 378 l 25
372 579 m 25
 567 579 l 25
 567 579 590 615 615 624 c 1
 641 620 629 591 660 558 c 1
 668 540 651 529 633 529 c 9
 372 529 l 25
 372 579 l 25
138 298 m 25
 303 298 l 25
 303 248 l 25
 138 248 l 25
 138 298 l 25
132 509 m 25
 303 509 l 25
 303 459 l 25
 132 459 l 25
 132 509 l 25
255 -15 m 25
 255 676 l 25
 138 676 l 25
 138 726 l 25
 255 726 l 25
 271 739 277 764 297 759 c 24
 332 749 349 728 366 696 c 24
 373 683 353 678 345 666 c 25
 345 -18 l 25
 325 -51 328 -84 294 -102 c 24
 275 -112 268 -80 252 -66 c 24
 230 -46 217 -35 195 -15 c 25
 255 -15 l 25
81 87 m 1
 81 756 l 25
 124 736 160 740 192 705 c 24
 206 690 179 676 171 657 c 25
 171 201 l 25
 167 159 170 134 162 93 c 24
 152 44 155 11 126 -30 c 24
 96 -72 60 -78 18 -108 c 25
 43 -32 75 7 81 87 c 1
EndSplineSet
EndChar
