Width: 1000
Flags: H
TeX: 117 0
LayerCount: 2
Fore
SplineSet
717 593 m 25
 807 593 l 25
 792 538 784 507 768 453 c 24
 758 419 752 400 741 366 c 25
 684 366 l 25
 717 593 l 25
471 609 m 1
 513 585 534 573 561 537 c 24
 588 502 597 476 606 432 c 24
 611 410 607 394 594 375 c 24
 585 361 572 354 555 357 c 24
 539 360 530 371 525 387 c 24
 514 419 520 440 515 474 c 0
 507 528 497 552 471 609 c 1
609 587 m 25
 609 777 l 25
 609 777 688 761 720 726 c 24
 734 711 707 697 699 678 c 25
 699 587 l 25
 609 587 l 25
117 37 m 1
 318 37 l 1
 318 -13 l 1
 117 -13 l 1
 117 37 l 1
114 351 m 1
 333 351 l 1
 333 301 l 1
 114 301 l 1
 114 351 l 1
114 656 m 25
 264 656 l 25
 280 669 286 694 306 689 c 24
 341 679 358 658 375 626 c 24
 382 613 362 608 354 596 c 25
 354 -19 l 17
 346 -48 340 -70 309 -73 c 1
 285 -71 274 -47 264 -19 c 9
 264 606 l 25
 114 606 l 25
 114 656 l 25
69 686 m 25
 69 686 148 670 180 635 c 24
 194 620 167 606 159 587 c 25
 159 -37 l 17
 151 -66 145 -88 114 -91 c 1
 90 -89 79 -65 69 -37 c 9
 69 686 l 25
504 104 m 25
 789 104 l 25
 789 54 l 25
 504 54 l 25
 504 104 l 25
507 -87 m 25
 798 -87 l 25
 798 -137 l 25
 507 -137 l 25
 507 -87 l 25
507 267 m 25
 753 267 l 25
 769 280 775 305 795 300 c 24
 830 290 847 269 864 237 c 24
 871 224 851 219 843 207 c 25
 843 -119 l 17
 835 -148 829 -170 798 -173 c 1
 774 -171 763 -147 753 -119 c 9
 753 217 l 25
 507 217 l 25
 507 267 l 25
456 297 m 25
 499 277 535 281 567 246 c 24
 581 231 554 217 546 198 c 25
 546 -119 l 17
 538 -148 532 -170 501 -173 c 1
 477 -171 466 -147 456 -119 c 9
 456 297 l 25
372 393 m 25
 816 393 l 25
 845 421 854 453 879 462 c 1
 905 458 947 405 978 372 c 1
 986 354 969 343 951 343 c 9
 372 343 l 25
 372 393 l 25
414 623 m 25
 807 623 l 25
 807 623 829 654 853 663 c 1
 872 656 896 628 915 602 c 1
 923 584 907 573 889 573 c 9
 414 573 l 25
 414 623 l 25
EndSplineSet
EndChar
