Width: 1000
Flags: H
TeX: 117 0
LayerCount: 2
Fore
SplineSet
621 354 m 25
 681 354 l 25
 711.42 311.88 724.895 285.195 759 246 c 24
 803.531 194.822 828.09 164.182 882 123 c 24
 913.626 98.8418 938.73 97.3799 975 81 c 25
 951.6 66.96 936.251 62.1191 915 45 c 24
 893.729 27.8652 893.204 -13.707 867 -6 c 24
 813.769 9.65625 798.017 47.793 762 90 c 24
 722.61 136.16 703.588 165.474 675 219 c 24
 648.285 269.019 642.06 301.35 621 354 c 25
549 354 m 25
 594 354 l 25
 594 246 l 25
 574.11 212.07 567.834 189.498 543 159 c 24
 500.684 107.032 477.448 75.0742 423 36 c 24
 376.19 2.40723 340.65 -0.599609 288 -24 c 25
 323.1 16.9502 345.342 38.0771 378 81 c 24
 427.334 145.838 454.751 182.954 498 252 c 24
 521.609 289.691 529.11 314.22 549 354 c 25
573 783 m 25
 616 763 652 767 684 732 c 24
 698 717 671 703 663 684 c 25
 663 -114 l 17
 655 -143 649 -165 618 -168 c 1
 594 -166 583 -142 573 -114 c 9
 573 783 l 25
381 387 m 25
 777 387 l 25
 806 415 815 447 840 456 c 1
 866 452 908 399 939 366 c 1
 947 348 930 337 912 337 c 9
 381 337 l 25
 381 387 l 25
411 618 m 25
 777 618 l 25
 777 618 800 654 825 663 c 1
 851 659 839 630 870 597 c 1
 878 579 861 568 843 568 c 9
 411 568 l 25
 411 618 l 25
102 145 m 1
 303 145 l 1
 303 95 l 1
 102 95 l 1
 102 145 l 1
111 421 m 1
 297 421 l 1
 297 371 l 1
 111 371 l 1
 111 421 l 1
97 684 m 25
 252 684 l 25
 268 697 274 722 294 717 c 24
 329 707 346 686 363 654 c 24
 370 641 350 636 342 624 c 25
 342 96 l 17
 334 67 328 45 297 42 c 1
 273 44 262 68 252 96 c 9
 252 634 l 25
 97 634 l 25
 97 684 l 25
78 714 m 25
 121.29 694.11 156.953 698.251 189 663 c 24
 202.745 647.881 176.19 633.72 168 615 c 25
 168 39 l 17
 160 10 154 -12 123 -15 c 1
 99 -13 88 11 78 39 c 9
 78 714 l 25
EndSplineSet
EndChar
