Width: 1000
Flags: H
TeX: 117 0
LayerCount: 2
Fore
SplineSet
444 609 m 9
 444 777 l 25
 487 757 523 761 555 726 c 24
 569 711 542 697 534 678 c 25
 534 582 l 25
 514 531 506 500 483 450 c 24
 462 404 449 378 420 336 c 24
 389 291 369 267 330 228 c 24
 281 179 255 146 195 111 c 24
 142 80 105 75 45 60 c 9
 119 127 168 156 234 231 c 24
 301 307 335 355 384 444 c 24
 417 504 423 549 444 609 c 9
333 -109 m 25
 681 -109 l 25
 681 -159 l 25
 333 -159 l 25
 333 -109 l 25
325 68 m 25
 657 68 l 25
 657 18 l 25
 325 18 l 25
 325 68 l 25
330 213 m 25
 612 213 l 25
 628 226 634 251 654 246 c 24
 689 236 706 215 723 183 c 24
 730 170 710 165 702 153 c 25
 702 -138 l 17
 694 -167 688 -189 657 -192 c 1
 633 -190 622 -166 612 -138 c 9
 612 163 l 25
 330 163 l 25
 330 213 l 25
303 252 m 25
 346 232 382 236 414 201 c 24
 428 186 401 172 393 153 c 25
 393 -141 l 17
 385 -170 379 -192 348 -195 c 1
 324 -193 313 -169 303 -141 c 9
 303 252 l 25
495 591 m 25
 561 591 l 25
 616 500 636 440 702 357 c 24
 755 290 796 261 864 210 c 24
 906 178 937 172 984 147 c 25
 945 129 920 126 885 102 c 24
 872 93 881 58 867 66 c 24
 811 98 789 131 747 180 c 24
 688 247 656 287 609 363 c 24
 557 448 539 502 495 591 c 25
45 359 m 25
 792 359 l 25
 821 387 830 419 855 428 c 1
 881 424 923 371 954 338 c 1
 962 320 945 309 927 309 c 9
 45 309 l 25
 45 359 l 25
144 482 m 25
 681 482 l 25
 710 510 719 542 744 551 c 1
 770 547 812 494 843 461 c 1
 851 443 834 432 816 432 c 9
 144 432 l 25
 144 482 l 25
111 621 m 25
 738 621 l 25
 738 621 776 681 801 690 c 1
 827 686 869 633 900 600 c 1
 908 582 891 571 873 571 c 9
 111 571 l 25
 111 621 l 25
EndSplineSet
EndChar
