Width: 1000
Flags: H
TeX: 117 0
LayerCount: 2
Fore
SplineSet
591 270 m 1
 741 270 l 1
 741 220 l 1
 591 220 l 1
 591 270 l 1
264 270 m 1
 399 270 l 1
 399 220 l 1
 264 220 l 1
 264 270 l 1
375 -120 m 25
 324 -120 l 25
 341.55 -73.2002 353.634 -47.5616 369 0 c 24
 378.248 28.624 379.98 45.75 387 75 c 25
 495 75 l 25
 375 -120 l 25
621 39 m 25
 670.14 24.96 702.812 28.6768 747 3 c 24
 792.07 -23.1895 824.895 -41.1172 843 -90 c 24
 853.542 -118.463 835.694 -149.105 807 -159 c 24
 783.329 -167.162 773.125 -138.267 756 -120 c 24
 737.578 -100.35 733.265 -84.4707 717 -63 c 24
 703.973 -45.8037 695.786 -36.71 681 -21 c 24
 658.319 3.09766 644.4 15.5996 621 39 c 25
300 -159 m 24
 279.018 -162.945 261.82 -182.337 246 -168 c 24
 215.719 -140.558 220.38 -109.44 204 -72 c 25
 306.96 -67.3203 365.159 -66.8182 468 -60 c 24
 576.973 -52.7754 638.19 -45.3604 747 -36 c 25
 789 -81 l 25
 714.12 -89.1904 671.386 -90.1348 597 -102 c 24
 480.528 -120.578 415.912 -137.205 300 -159 c 24
84 96 m 25
 777 96 l 25
 806 124 815 156 840 165 c 1
 866 161 908 108 939 75 c 1
 947 57 930 46 912 46 c 9
 84 46 l 25
 84 96 l 25
276 183 m 25
 675 183 l 25
 675 183 698 219 723 228 c 1
 749 224 737 195 768 162 c 1
 776 144 759 133 741 133 c 9
 276 133 l 25
 276 183 l 25
591 366 m 1
 741 366 l 1
 741 316 l 1
 591 316 l 1
 591 366 l 1
264 367 m 1
 399 367 l 1
 399 317 l 1
 264 317 l 1
 264 367 l 1
537 489 m 25
 537 228 l 17
 529 199 523 177 492 174 c 1
 468 176 457 200 447 228 c 9
 447 489 l 25
 537 489 l 25
831 376 m 25
 150 376 l 25
 150 426 l 25
 828 426 l 25
 845.55 441.21 850.825 471.899 873 465 c 24
 918.091 450.972 945.662 427.924 963 384 c 24
 970.99 363.757 935.55 363.87 918 351 c 25
 816 315 l 25
 831 376 l 25
78 297 m 24
 72.4971 323.729 104.232 331.52 114 357 c 24
 131.373 402.321 134.13 430.2 147 477 c 25
 165.72 453.6 184.538 445.081 195 417 c 24
 207.722 382.854 216.656 358.171 204 324 c 24
 190.782 288.312 172.212 262.974 135 255 c 24
 108 249.214 83.5683 269.954 78 297 c 24
237 519 m 25
 672 519 l 25
 701 547 710 579 735 588 c 1
 761 584 803 531 834 498 c 1
 842 480 825 469 807 469 c 9
 237 469 l 25
 237 519 l 25
276 613 m 1
 753 613 l 1
 753 563 l 1
 276 563 l 1
 276 613 l 1
282 689 m 1
 744 689 l 1
 744 639 l 1
 282 639 l 1
 282 689 l 1
279 765 m 25
 690 765 l 25
 706.38 777.87 711.891 803.435 732 798 c 24
 767.178 788.492 784.287 767.381 801 735 c 24
 807.55 722.309 788.19 716.7 780 705 c 25
 780 591 l 17
 772 562 766 540 735 537 c 1
 711 539 700 563 690 591 c 9
 690 715 l 25
 279 715 l 25
 279 765 l 25
240 795 m 25
 283.29 775.11 318.953 779.251 351 744 c 24
 364.745 728.881 338.19 714.72 330 696 c 25
 330 597 l 17
 322 568 316 546 285 543 c 1
 261 545 250 569 240 597 c 9
 240 795 l 25
EndSplineSet
EndChar
