Width: 1000
Flags: HW
LayerCount: 2
Fore
SplineSet
591 801 m 25
 628.44 785.79 659.639 791.74 687 762 c 24
 698.883 749.084 670.53 740.04 660 726 c 25
 642.45 700.26 637.242 681.814 615 660 c 24
 575.731 621.486 547.29 606.93 504 573 c 25
 529.74 632.67 546.832 665.285 570 726 c 24
 580.829 754.379 582.81 771.75 591 801 c 25
222 789 m 25
 255.93 774.96 279.875 775.364 309 753 c 24
 347.149 723.707 373.563 705.202 390 660 c 24
 399.996 632.511 391.329 606.894 369 588 c 24
 351.937 573.562 327.493 577.887 312 594 c 24
 291.938 614.864 306.129 639.72 294 666 c 24
 270.707 716.468 250.08 741.03 222 789 c 25
177 470 m 1
 714 470 l 1
 714 420 l 1
 177 420 l 1
 177 470 l 1
234 -56 m 1
 669 -56 l 1
 669 -106 l 1
 234 -106 l 1
 234 -56 l 1
252 84 m 1
 660 84 l 1
 660 34 l 1
 252 34 l 1
 252 84 l 1
234 212.01 m 25
 621 212.01 l 25
 637 225.01 643 250.01 663 245.01 c 24
 698 235.01 715 214.01 732 182.01 c 24
 739 169.01 719 164.01 711 152.01 c 25
 711 -116.46 l 17
 703 -145.46 697 -170.46 666 -170.46 c 1
 642 -170.46 631 -144.46 621 -116.46 c 9
 621 162 l 25
 234 162 l 25
 234 212.01 l 25
201 233.955 m 25
 244 213.955 280 217.955 312 182.955 c 24
 326 167.955 299 153.955 291 134.955 c 25
 291 -119.595 l 17
 283 -148.595 277 -173.595 246 -173.595 c 1
 222 -173.595 211 -147.595 201 -119.595 c 9
 201 233.955 l 25
402 595 m 1
 492 595 l 1
 492 291 l 1
 402 291 l 1
 402 595 l 1
165 334 m 1
 717 334 l 1
 717 284 l 1
 165 284 l 1
 165 334 l 1
159 610.155 m 25
 678 610.155 l 25
 694.38 623.025 699.891 648.59 720 643.155 c 24
 755.178 633.647 772.287 612.536 789 580.155 c 24
 795.55 567.464 776.19 561.855 768 550.155 c 25
 768 306.765 l 17
 760 277.765 754 252.765 723 252.765 c 1
 699 252.765 688 278.765 678 306.765 c 9
 678 560 l 25
 159 560 l 25
 159 610.155 l 25
138 623.83 m 25
 181 603.83 217 607.83 249 572.83 c 24
 263 557.83 236 543.83 228 524.83 c 25
 228 280 l 17
 220 251 214 226 183 226 c 1
 159 226 148 252 138 280 c 9
 138 623.83 l 25
EndSplineSet
EndChar
