Width: 1000
Flags: HW
TeX: 117 0
LayerCount: 2
Fore
SplineSet
319 -74 m 25
 730 -74 l 25
 730 -124 l 25
 319 -124 l 25
 319 -74 l 25
319 89 m 25
 700 89 l 25
 700 39 l 25
 319 39 l 25
 319 89 l 25
319 251 m 25
 664 251 l 25
 680 264 686 289 706 284 c 24
 741 274 758 253 775 221 c 24
 782 208 762 203 754 191 c 25
 754 -118 l 17
 746 -147 740 -169 709 -172 c 1
 685 -170 674 -146 664 -118 c 9
 664 201 l 25
 319 201 l 25
 319 251 l 25
277 281 m 25
 277 281 356 265 388 230 c 24
 402 215 375 201 367 182 c 25
 367 -118 l 17
 359 -147 353 -169 322 -172 c 1
 298 -170 287 -146 277 -118 c 9
 277 281 l 25
663 484 m 17
 732 484 l 9
 732 484 797 412 846 373 c 24
 882 344 948 313 948 313 c 25
 948 313 908 291 886 273 c 24
 875 264 879 243 864 243 c 0
 847 243 830 258 813 274 c 24
 777 309 761 332 732 373 c 24
 702 414 663 484 663 484 c 17
633 534 m 26
 633 784 l 25
 633 784 712 768 744 733 c 24
 758 718 731 704 723 685 c 25
 723 528 l 26
 723 492 720 470 706 437 c 24
 690 399 674 380 646 350 c 24
 616 318 597 300 558 280 c 24
 517 259 486 253 444 247 c 1
 476 276 497 297 528 331 c 24
 558 364 573 381 600 420 c 0
 618 446 633 488 633 534 c 26
504 525 m 25
 840 525 l 25
 840 525 862 556 886 565 c 1
 905 558 929 530 948 504 c 1
 956 486 940 475 922 475 c 9
 504 475 l 25
 504 525 l 25
510 662 m 25
 771 662 l 25
 771 662 793 693 817 702 c 1
 836 695 860 667 879 641 c 1
 887 623 871 612 853 612 c 9
 510 612 l 25
 510 662 l 25
321 484 m 25
 321 484 380 466 408 440 c 24
 440 410 462 388 469 345 c 24
 473 320 455 298 431 294 c 24
 406 290 391 309 376 329 c 0
 357 354 353 376 333 403 c 24
 321 420 294 439 294 439 c 25
 321 484 l 25
108 515 m 25
 396 515 l 25
 396 515 418 546 442 555 c 1
 461 548 485 520 504 494 c 1
 512 476 496 465 478 465 c 9
 108 465 l 25
 108 515 l 25
114 658 m 25
 390 658 l 25
 390 658 412 689 436 698 c 1
 455 691 479 663 498 637 c 1
 506 619 490 608 472 608 c 9
 114 608 l 25
 114 658 l 25
258 507 m 26
 258 787 l 25
 258 787 337 771 369 736 c 24
 383 721 356 707 348 688 c 25
 348 510 l 26
 348 458 341 426 318 379 c 24
 296 333 274 312 237 277 c 24
 209 251 189 241 154 227 c 24
 123 214 102 210 69 208 c 1
 110 239 138 262 174 304 c 24
 202 336 215 358 231 397 c 24
 248 438 258 463 258 507 c 26
EndSplineSet
EndChar
