Width: 1000
Flags: H
TeX: 117 0
LayerCount: 2
Fore
SplineSet
546 273 m 25
 861 273 l 25
 861 223 l 25
 546 223 l 25
 546 273 l 25
546 493 m 25
 855 493 l 25
 855 443 l 25
 546 443 l 25
 546 493 l 25
801 3 m 2
 801 671 l 9
 546 671 l 25
 546 721 l 25
 801 721 l 25
 817 734 823 759 843 754 c 24
 878 744 895 723 912 691 c 24
 919 678 899 673 891 661 c 25
 891 -33 l 18
 891 -84 832 -152 792 -151 c 0
 759 -150 763 -115 741 -96 c 24
 714 -72 695 -63 666 -42 c 25
 762 -42 l 18
 786 -42 801 -32 801 3 c 2
507 190 m 26
 507 757 l 25
 507 757 586 741 618 706 c 24
 632 691 605 677 597 658 c 25
 597 192 l 26
 597 137 592 105 578 51 c 24
 568 10 559 -14 536 -50 c 24
 513 -86 495 -105 461 -131 c 24
 436 -150 429 -152 386 -164 c 1
 415 -118 430 -92 452 -44 c 24
 470 -6 478 16 488 57 c 0
 500 105 507 138 507 190 c 26
120 177 m 25
 372 177 l 25
 372 127 l 25
 120 127 l 25
 120 177 l 25
123 424 m 25
 372 424 l 25
 372 374 l 25
 123 374 l 25
 123 424 l 25
123 660 m 25
 336 660 l 25
 352 673 358 698 378 693 c 24
 413 683 430 662 447 630 c 24
 454 617 434 612 426 600 c 25
 426 135 l 17
 418 106 412 84 381 81 c 1
 357 83 346 107 336 135 c 9
 336 610 l 25
 123 610 l 25
 123 660 l 25
90 693 m 25
 90 693 169 677 201 642 c 24
 215 627 188 613 180 594 c 25
 180 102 l 17
 172 73 166 51 135 48 c 1
 111 50 100 74 90 102 c 9
 90 693 l 25
EndSplineSet
EndChar
