Width: 1000
Flags: H
TeX: 117 0
LayerCount: 2
Fore
SplineSet
675 0 m 25
 722.97 -8.19043 753.937 -0.345327 798 -21 c 24
 832.459 -37.1523 859.204 -52.7509 867 -90 c 24
 872.852 -117.958 852.098 -140.967 825 -150 c 24
 804.058 -156.98 792.913 -135.301 777 -120 c 24
 761.796 -105.381 760.66 -91.0711 747 -75 c 24
 720.74 -44.1055 703.08 -29.25 675 0 c 25
789 171 m 25
 815 141 835 128 855 93 c 24
 859 87 844 90 837 87 c 24
 797 71 776 57 735 45 c 24
 710 38 695 41 669 39 c 25
 688 59 699 70 717 90 c 24
 745 121 761 139 789 171 c 25
366 -132 m 24
 341 -99 346 -70 333 -30 c 25
 374 -24 397 -21 438 -15 c 24
 490 -7 519 -2 570 6 c 25
 535 -23 517 -42 480 -69 c 17
 451 -91 438 -102 399 -117 c 9
 387 -124 375 -143 366 -132 c 24
405 162 m 25
 436 153 456 154 485 139 c 24
 507 127 525 118 530 94 c 24
 536 67 535 39 511 24 c 24
 491 13 473 34 457 51 c 24
 443 67 450 84 441 103 c 24
 430 127 419 139 405 162 c 25
561 -87 m 25
 561 237 l 25
 604 217 640 221 672 186 c 24
 686 171 659 157 651 138 c 25
 651 -114 l 17
 639 -141 623 -167 591 -177 c 24
 572 -183 567 -157 552 -144 c 24
 527 -122 514 -109 489 -87 c 25
 561 -87 l 25
627 285 m 25
 627 546 l 25
 670 526 706 530 738 495 c 24
 752 480 725 466 717 447 c 25
 717 285 l 25
 627 285 l 25
489 288 m 25
 489 543 l 25
 532 523 568 527 600 492 c 24
 614 477 587 463 579 444 c 25
 579 288 l 25
 489 288 l 25
867 165 m 24
 900 141 922 134 957 114 c 25
 935 99 920 93 900 75 c 24
 887 64 890 42 873 42 c 24
 848 42 836 57 819 75 c 24
 781 114 768 143 735 186 c 24
 709 220 693 239 666 273 c 25
 738 273 l 25
 788 231 814 204 867 165 c 24
447 276 m 25
 540 276 l 25
 518 237 508 214 483 177 c 24
 457 139 443 117 411 84 c 24
 384 57 367 42 333 24 c 24
 296 3 271 0 231 -15 c 25
 271 26 296 46 333 90 c 24
 367 131 383 156 411 201 c 24
 428 229 433 247 447 276 c 25
333 300 m 25
 774 300 l 25
 803 328 812 360 837 369 c 1
 863 365 905 312 936 279 c 1
 944 261 927 250 909 250 c 9
 333 250 l 25
 333 300 l 25
366 450 m 25
 732 450 l 25
 761 478 770 510 795 519 c 1
 821 515 863 462 894 429 c 1
 902 411 885 400 867 400 c 9
 366 400 l 25
 366 450 l 25
399 565 m 1
 795 565 l 1
 795 515 l 1
 399 515 l 1
 399 565 l 1
402 662 m 1
 789 662 l 1
 789 612 l 1
 402 612 l 1
 402 662 l 1
390 759 m 25
 747 759 l 25
 763 772 769 797 789 792 c 24
 824 782 841 761 858 729 c 24
 865 716 845 711 837 699 c 25
 837 549 l 17
 829 520 823 498 792 495 c 1
 768 497 757 521 747 549 c 9
 747 709 l 25
 390 709 l 25
 390 759 l 25
360 786 m 25
 403 766 439 770 471 735 c 24
 485 720 458 706 450 687 c 25
 450 531 l 17
 442 502 436 480 405 477 c 1
 381 479 370 503 360 531 c 9
 360 786 l 25
87 142 m 1
 258 142 l 1
 258 92 l 1
 87 92 l 1
 87 142 l 1
87 380 m 1
 258 380 l 1
 258 330 l 1
 87 330 l 1
 87 380 l 1
75 630 m 25
 216 630 l 25
 232 643 238 668 258 663 c 24
 293 653 310 632 327 600 c 24
 334 587 314 582 306 570 c 25
 306 123 l 17
 298 94 292 72 261 69 c 1
 237 71 226 95 216 123 c 9
 216 580 l 25
 75 580 l 25
 75 630 l 25
51 651 m 25
 94 631 130 635 162 600 c 24
 176 585 149 571 141 552 c 25
 141 30 l 17
 133 1 127 -21 96 -24 c 1
 72 -22 61 2 51 30 c 9
 51 651 l 25
EndSplineSet
EndChar
