Width: 1000
Flags: H
TeX: 117 0
LayerCount: 2
Fore
SplineSet
285 -40 m 1
 747 -40 l 1
 747 -90 l 1
 285 -90 l 1
 285 -40 l 1
294 137 m 1
 723 137 l 1
 723 87 l 1
 294 87 l 1
 294 137 l 1
285 284 m 25
 681 284 l 25
 697 297 703 322 723 317 c 24
 758 307 775 286 792 254 c 24
 799 241 779 236 771 224 c 25
 771 -93 l 17
 763 -122 757 -144 726 -147 c 1
 702 -145 691 -121 681 -93 c 9
 681 234 l 25
 285 234 l 25
 285 284 l 25
252 320 m 25
 252 320 331 304 363 269 c 24
 377 254 350 240 342 221 c 25
 342 -99 l 17
 334 -128 328 -150 297 -153 c 1
 273 -151 262 -127 252 -99 c 9
 252 320 l 25
735 645 m 25
 735 645 801 620 831 588 c 24
 839 579 819 572 810 564 c 24
 778 535 759 520 726 492 c 24
 687 459 664 440 625 407 c 25
 601 434 l 25
 630 478 647 502 675 546 c 24
 699 584 735 645 735 645 c 25
548 702 m 1
 638 702 l 1
 638 393 l 1
 548 393 l 1
 548 702 l 1
387 693 m 1
 477 693 l 1
 477 396 l 1
 387 396 l 1
 387 693 l 1
201 636 m 17
 250 619 277 607 312 570 c 24
 341 539 353 513 357 471 c 24
 359 450 345 431 324 427 c 24
 301 422 284 434 270 453 c 24
 249 481 253 504 242 539 c 0
 230 577 217 598 201 636 c 17
57 417 m 25
 792 417 l 25
 821 445 830 477 855 486 c 1
 881 482 923 429 954 396 c 1
 962 378 945 367 927 367 c 9
 57 367 l 25
 57 417 l 25
111 726 m 25
 732 726 l 25
 761 754 770 786 795 795 c 1
 821 791 863 738 894 705 c 1
 902 687 885 676 867 676 c 9
 111 676 l 25
 111 726 l 25
EndSplineSet
EndChar
