Width: 1000
Flags: H
TeX: 117 0
LayerCount: 2
Fore
SplineSet
294 -61 m 1
 762 -61 l 1
 762 -111 l 1
 294 -111 l 1
 294 -61 l 1
291 85 m 1
 768 85 l 1
 768 35 l 1
 291 35 l 1
 291 85 l 1
285 210 m 25
 708 210 l 25
 724 223 730 248 750 243 c 24
 785 233 802 212 819 180 c 24
 826 167 806 162 798 150 c 25
 798 -87 l 17
 790 -116 784 -138 753 -141 c 1
 729 -139 718 -115 708 -87 c 9
 708 160 l 25
 285 160 l 25
 285 210 l 25
255 243 m 25
 298 223 334 227 366 192 c 24
 380 177 353 163 345 144 c 25
 345 -108 l 17
 337 -137 331 -159 300 -162 c 1
 276 -160 265 -136 255 -108 c 9
 255 243 l 25
564 300 m 25
 564 798 l 25
 607 778 643 782 675 747 c 24
 689 732 662 718 654 699 c 25
 654 300 l 25
 564 300 l 25
384 303 m 25
 384 792 l 25
 427 772 463 776 495 741 c 24
 509 726 482 712 474 693 c 25
 474 303 l 25
 384 303 l 25
201 323 m 1
 828 323 l 1
 828 273 l 1
 201 273 l 1
 201 323 l 1
213 445 m 1
 813 445 l 1
 813 395 l 1
 213 395 l 1
 213 445 l 1
210 552 m 25
 762 552 l 25
 778 565 784 590 804 585 c 24
 839 575 856 554 873 522 c 24
 880 509 860 504 852 492 c 25
 852 309 l 17
 844 280 838 258 807 255 c 1
 783 257 772 281 762 309 c 9
 762 502 l 25
 210 502 l 25
 210 552 l 25
180 582 m 25
 223 562 259 566 291 531 c 24
 305 516 278 502 270 483 c 25
 270 291 l 17
 262 262 256 240 225 237 c 1
 201 239 190 263 180 291 c 9
 180 582 l 25
69 690 m 25
 783 690 l 25
 812 718 821 750 846 759 c 1
 872 755 914 702 945 669 c 1
 953 651 936 640 918 640 c 9
 69 640 l 25
 69 690 l 25
EndSplineSet
EndChar
