Width: 1000
Flags: H
TeX: 117 0
LayerCount: 2
Fore
SplineSet
306 24 m 25
 816 24 l 25
 845 52 854 84 879 93 c 1
 905 89 947 36 978 3 c 1
 986 -15 969 -26 951 -26 c 9
 306 -26 l 25
 306 24 l 25
435 166 m 1
 813 166 l 1
 813 116 l 1
 435 116 l 1
 435 166 l 1
435 299 m 1
 816 299 l 1
 816 249 l 1
 435 249 l 1
 435 299 l 1
426 426 m 25
 783 426 l 25
 799.38 438.87 804.891 464.435 825 459 c 24
 860.178 449.492 877.287 428.381 894 396 c 24
 900.55 383.309 881.19 377.7 873 366 c 25
 873 138 l 17
 865 109 859 87 828 84 c 1
 804 86 793 110 783 138 c 9
 783 376 l 25
 426 376 l 25
 426 426 l 25
393 459 m 25
 436 439 472 443 504 408 c 24
 518 393 491 379 483 360 c 25
 483 129 l 17
 475 100 469 78 438 75 c 1
 414 77 403 101 393 129 c 9
 393 459 l 25
591 666 m 25
 634.29 646.11 669.953 650.251 702 615 c 24
 715.745 599.881 689.19 585.72 681 567 c 25
 681 -135 l 17
 673 -164 667 -186 636 -189 c 1
 612 -187 601 -163 591 -135 c 9
 591 666 l 25
420 551 m 25
 822 551 l 25
 822 551 845 587 870 596 c 1
 896 592 884 563 915 530 c 1
 923 512 906 501 888 501 c 9
 420 501 l 25
 420 551 l 25
846 670 m 25
 426 670 l 25
 426 720 l 25
 843 720 l 25
 865.23 732.87 876.443 763.242 900 753 c 24
 944.109 733.822 964.474 705.17 981 660 c 24
 987.279 642.837 959.04 641.7 945 630 c 25
 840 582 l 25
 846 670 l 25
420 759 m 25
 435.21 721.56 452.134 702.824 459 663 c 24
 464.203 632.823 465.663 611.313 450 585 c 24
 433.721 557.65 415.046 529.99 384 537 c 24
 355.812 543.365 355.688 577.133 357 606 c 24
 358.26 633.708 379.439 643.353 390 669 c 24
 404.087 703.212 408.3 723.9 420 759 c 25
102 142 m 1
 294 142 l 1
 294 92 l 1
 102 92 l 1
 102 142 l 1
117 416 m 1
 318 416 l 1
 318 366 l 1
 117 366 l 1
 117 416 l 1
108 696 m 25
 261 696 l 25
 277.38 708.87 282.89 734.435 303 729 c 24
 338.178 719.492 355.287 698.381 372 666 c 24
 378.55 653.309 359.19 647.7 351 636 c 25
 351 96 l 17
 343 67 337 45 306 42 c 1
 282 44 271 68 261 96 c 9
 261 646 l 25
 108 646 l 25
 108 696 l 25
75 723 m 25
 118.29 703.11 153.953 707.251 186 672 c 24
 199.745 656.881 173.19 642.72 165 624 c 25
 165 54 l 17
 157 25 151 3 120 0 c 1
 96 2 85 26 75 54 c 9
 75 723 l 25
EndSplineSet
EndChar
