Width: 1000
Flags: H
TeX: 117 0
LayerCount: 2
Fore
SplineSet
771 -18 m 24
 739 14 722 33 690 66 c 25
 747 51 782 48 837 27 c 24
 868 15 894 11 909 -18 c 24
 923 -44 921 -72 900 -93 c 24
 884 -109 862 -95 843 -84 c 24
 810 -65 798 -45 771 -18 c 24
603 72 m 25
 640 57 671 62 699 33 c 24
 711 21 683 13 672 0 c 25
 651 -15 640 -25 618 -39 c 24
 593 -55 579 -63 552 -75 c 24
 521 -89 503 -93 471 -105 c 25
 512 -58 539 -35 576 15 c 24
 591 35 592 50 603 72 c 25
540 118 m 1
 840 118 l 1
 840 68 l 1
 540 68 l 1
 540 118 l 1
543 200 m 1
 813 200 l 1
 813 150 l 1
 543 150 l 1
 543 200 l 1
537 286 m 1
 816 286 l 1
 816 236 l 1
 537 236 l 1
 537 286 l 1
534 369 m 25
 756 369 l 25
 772 382 778 407 798 402 c 24
 833 392 850 371 867 339 c 24
 874 326 854 321 846 309 c 25
 846 102 l 17
 838 73 832 51 801 48 c 1
 777 50 766 74 756 102 c 9
 756 319 l 25
 534 319 l 25
 534 369 l 25
516 399 m 25
 559 379 595 383 627 348 c 24
 641 333 614 319 606 300 c 25
 606 90 l 17
 598 61 592 39 561 36 c 1
 537 38 526 62 516 90 c 9
 516 399 l 25
400 -93 m 25
 836 -93 l 25
 865 -65 874 -33 899 -24 c 1
 925 -28 967 -81 998 -114 c 1
 1002 -132 989 -143 971 -143 c 9
 400 -143 l 25
 400 -93 l 25
624 408 m 25
 624 708 l 25
 667 688 703 692 735 657 c 24
 749 642 722 628 714 609 c 25
 714 408 l 25
 624 408 l 25
432 444 m 25
 822 444 l 25
 851 472 860 504 885 513 c 1
 911 509 953 456 984 423 c 1
 992 405 975 394 957 394 c 9
 432 394 l 25
 432 444 l 25
540 523 m 1
 810 523 l 1
 810 473 l 1
 540 473 l 1
 540 523 l 1
522 624 m 25
 756 624 l 25
 772 637 778 662 798 657 c 24
 833 647 850 626 867 594 c 24
 874 581 854 576 846 564 c 25
 846 504 l 17
 838 475 832 453 801 450 c 1
 777 452 766 476 756 504 c 9
 756 574 l 25
 522 574 l 25
 522 624 l 25
504 657 m 25
 547 637 583 641 615 606 c 24
 629 591 602 577 594 558 c 25
 594 504 l 17
 586 475 580 453 549 450 c 1
 525 452 514 476 504 504 c 9
 504 657 l 25
366 726 m 25
 786 726 l 25
 815 754 824 786 849 795 c 1
 875 791 917 738 948 705 c 1
 956 687 939 676 921 676 c 9
 366 676 l 25
 366 726 l 25
342 756 m 25
 385 736 421 740 453 705 c 24
 467 690 440 676 432 657 c 25
 432 -132 l 17
 424 -161 418 -183 387 -186 c 1
 363 -184 352 -160 342 -132 c 9
 342 756 l 25
192 402 m 25
 236 381 268 380 306 348 c 24
 332 326 344 304 348 270 c 24
 352 241 347 217 324 198 c 24
 309 186 289 196 276 210 c 24
 258 230 270 253 255 276 c 24
 236 306 217 316 192 342 c 25
 192 402 l 25
192 312 m 25
 177 271 174 245 153 207 c 24
 129 165 115 139 78 108 c 24
 53 87 30 90 0 78 c 25
 27 134 48 163 69 222 c 24
 108 330 129 390 153 504 c 9
 192 504 l 25
 192 312 l 25
0 528 m 25
 273 528 l 25
 273 528 296 564 321 573 c 1
 347 569 335 540 366 507 c 1
 374 489 357 478 339 478 c 9
 0 478 l 25
 0 528 l 25
141 780 m 25
 184 760 220 764 252 729 c 24
 266 714 239 700 231 681 c 25
 231 -132 l 17
 223 -161 217 -183 186 -186 c 1
 162 -184 151 -160 141 -132 c 9
 141 780 l 25
EndSplineSet
EndChar
