Width: 1000
Flags: H
TeX: 117 0
LayerCount: 2
Fore
SplineSet
258 -66 m 25
 876 -66 l 25
 876 -66 896 -33 921 -24 c 1
 947 -28 953 -54 984 -87 c 1
 992 -105 975 -116 957 -116 c 9
 258 -116 l 25
 258 -66 l 25
654 195 m 1
 744 195 l 1
 744 -96 l 1
 654 -96 l 1
 654 195 l 1
525 189 m 1
 615 189 l 1
 615 -96 l 1
 525 -96 l 1
 525 189 l 1
777 -96 m 25
 777 160 l 25
 444 160 l 25
 444 210 l 25
 777 210 l 25
 793.38 222.87 798.891 248.435 819 243 c 24
 854.178 233.492 871.287 212.381 888 180 c 24
 894.55 167.309 875.19 161.7 867 150 c 25
 867 -96 l 25
 777 -96 l 25
396 -90 m 25
 396 240 l 25
 439.29 220.11 474.953 224.251 507 189 c 24
 520.745 173.881 494.19 159.72 486 141 c 25
 486 -90 l 25
 396 -90 l 25
738 384 m 25
 885 384 l 25
 885 384 908 420 933 429 c 1
 959 425 947 396 978 363 c 1
 986 345 969 334 951 334 c 9
 738 334 l 25
 738 384 l 25
768 576 m 25
 891 576 l 25
 891 576 914 612 939 621 c 1
 965 617 953 588 984 555 c 1
 992 537 975 526 957 526 c 9
 768 526 l 25
 768 576 l 25
756 744 m 25
 800.46 731.13 831.68 736.959 870 711 c 24
 881.824 702.99 857.19 692.7 849 681 c 25
 840.81 659.94 836.901 647.77 828 627 c 24
 805.304 574.043 802.459 538.175 768 492 c 24
 741.968 457.116 713.1 451.74 678 426 c 25
 695.55 472.8 707.407 498.512 723 546 c 24
 733.181 577.006 738.635 594.81 744 627 c 24
 751.541 672.245 751.32 698.37 756 744 c 25
489 681 m 1
 579 681 l 1
 579 543 l 1
 489 543 l 1
 489 681 l 1
507 456 m 1
 597 456 l 1
 597 294 l 1
 507 294 l 1
 507 456 l 1
420 336 m 25
 651 336 l 25
 651 336 674 372 699 381 c 1
 725 377 713 348 744 315 c 1
 752 297 735 286 717 286 c 9
 420 286 l 25
 420 336 l 25
408 481 m 1
 606 481 l 1
 606 431 l 1
 408 431 l 1
 408 481 l 1
423 588 m 25
 585 588 l 25
 601 601 607 626 627 621 c 24
 662 611 679 590 696 558 c 24
 703 545 683 540 675 528 c 25
 675 456 l 17
 667 427 661 405 630 402 c 1
 606 404 595 428 585 456 c 9
 585 538 l 25
 423 538 l 25
 423 588 l 25
390 714 m 25
 615 714 l 25
 615 714 638 750 663 759 c 1
 689 755 677 726 708 693 c 1
 716 675 699 664 681 664 c 9
 390 664 l 25
 390 714 l 25
366 744 m 25
 409 724 445 728 477 693 c 24
 491 678 464 664 456 645 c 25
 456 312 l 17
 448 283 442 261 411 258 c 1
 387 260 376 284 366 312 c 9
 366 744 l 25
198 456 m 25
 237.78 446.64 266.207 454.979 300 432 c 24
 329.537 411.915 340.995 389.025 348 354 c 24
 353.677 325.618 346.476 305.798 330 282 c 24
 321.898 270.297 305.843 268.104 294 276 c 24
 276.129 287.914 275.888 304.447 267 324 c 24
 258.271 343.202 262.389 358.701 249 375 c 24
 233.963 393.307 217.89 395.13 198 408 c 25
 198 456 l 25
186 249 m 25
 176.64 236.13 172.457 227.995 162 216 c 24
 132.622 182.302 118.231 160.754 84 132 c 24
 59.1084 111.091 40.0801 106.38 12 90 c 25
 33.0596 127.44 49.1982 146.466 66 186 c 24
 89.1543 240.481 99.6426 272.569 114 330 c 24
 134.813 413.256 139.62 461.76 156 546 c 25
 186 552 l 25
 186 249 l 25
12 570 m 25
 285 570 l 25
 285 570 308 606 333 615 c 1
 359 611 347 582 378 549 c 1
 386 531 369 520 351 520 c 9
 12 520 l 25
 12 570 l 25
150 762 m 25
 193 742 229 746 261 711 c 24
 275 696 248 682 240 663 c 25
 240 -108 l 17
 232 -137 226 -159 195 -162 c 1
 171 -160 160 -136 150 -108 c 9
 150 762 l 25
EndSplineSet
EndChar
