Width: 1000
Flags: H
TeX: 117 0
LayerCount: 2
Fore
SplineSet
318 -84 m 25
 838 -84 l 25
 867 -56 876 -24 901 -15 c 1
 927 -19 969 -72 1000 -105 c 1
 1008 -123 991 -134 973 -134 c 9
 318 -134 l 25
 318 -84 l 25
583 199 m 1
 673 199 l 1
 673 4 l 1
 583 4 l 1
 583 199 l 1
432 20 m 1
 832 20 l 1
 832 -30 l 1
 432 -30 l 1
 432 20 l 1
450 127 m 1
 840 127 l 1
 840 77 l 1
 450 77 l 1
 450 127 l 1
775 121 m 2
 775 180 l 25
 439 180 l 25
 439 230 l 25
 775 230 l 25
 791 243 797 268 817 263 c 24
 852 253 869 232 886 200 c 24
 893 187 873 182 865 170 c 25
 865 136 l 2
 865 115 878 31 872 -2 c 0
 864 -44 829 -56 809 -56 c 0
 789 -56 771 -49 770 -27 c 0
 769 -7 775 85 775 121 c 2
402 118 m 2
 396 253 l 25
 396 253 478 238 513 202 c 24
 527 187 500 173 492 154 c 25
 492 133 l 2
 492 112 501 28 495 -5 c 0
 487 -47 452 -59 432 -59 c 0
 412 -59 394 -52 393 -30 c 0
 392 -10 404 82 402 118 c 2
372 327 m 25
 810 327 l 25
 839 355 848 387 873 396 c 1
 899 392 941 339 972 306 c 1
 980 288 963 277 945 277 c 9
 372 277 l 25
 372 327 l 25
582 628 m 1
 672 628 l 1
 672 406 l 1
 582 406 l 1
 582 628 l 1
438 536 m 1
 838 536 l 1
 838 486 l 1
 438 486 l 1
 438 536 l 1
432 433 m 1
 822 433 l 1
 822 383 l 1
 432 383 l 1
 432 433 l 1
766 533 m 2
 766 589 l 25
 414 589 l 25
 414 639 l 25
 766 639 l 25
 782 652 788 677 808 672 c 24
 843 662 860 641 877 609 c 24
 884 596 864 591 856 579 c 25
 856 548 l 2
 856 527 869 443 863 410 c 0
 855 368 820 356 800 356 c 0
 780 356 762 363 761 385 c 0
 760 405 766 497 766 533 c 2
396 531 m 2
 396 666 l 25
 396 666 475 650 507 615 c 24
 521 600 494 586 486 567 c 25
 486 546 l 2
 486 525 495 441 489 408 c 0
 481 366 446 354 426 354 c 0
 406 354 388 361 387 383 c 0
 386 403 396 495 396 531 c 2
330 735 m 25
 780 735 l 25
 809 763 818 795 843 804 c 1
 869 800 911 747 942 714 c 1
 950 696 933 685 915 685 c 9
 330 685 l 25
 330 735 l 25
234 420 m 17
 276 402 301 390 335 358 c 24
 359 335 373 318 378 285 c 24
 382 261 375 241 356 226 c 24
 342 215 324 220 312 232 c 24
 290 254 293 277 277 303 c 24
 259 334 251 346 224 378 c 9
 234 420 l 17
210 318 m 17
 191 288 182 275 160 250 c 24
 129 214 111 194 74 164 c 24
 51 145 38 136 8 124 c 1
 50 188 70 226 105 294 c 24
 127 337 138 363 155 409 c 24
 173 458 179 479 195 537 c 9
 210 318 l 17
24 543 m 25
 302 543 l 25
 302 543 324 574 348 583 c 1
 367 576 391 548 410 522 c 1
 418 504 402 493 384 493 c 9
 24 493 l 25
 24 543 l 25
180 6 m 2
 180 795 l 25
 180 795 259 779 291 744 c 24
 305 729 278 715 270 696 c 25
 270 21 l 2
 270 0 279 -84 273 -117 c 0
 265 -159 230 -171 210 -171 c 0
 190 -171 172 -164 171 -142 c 0
 170 -122 180 -30 180 6 c 2
EndSplineSet
EndChar
