Width: 1000
Flags: H
TeX: 117 0
LayerCount: 2
Fore
SplineSet
705 -18 m 25
 749.46 -28.5303 777.3 -26.3282 819 -45 c 24
 857.234 -62.1201 884.447 -72.0783 906 -108 c 24
 917.826 -127.711 908.299 -149.863 891 -165 c 24
 874.178 -179.72 852.753 -183.164 834 -171 c 24
 802.96 -150.865 803.849 -121.286 780 -93 c 24
 753.336 -61.375 734.25 -47.25 705 -18 c 25
585 -12 m 25
 608.4 -47.0996 636.493 -60.6816 645 -102 c 24
 648.209 -117.587 621.204 -109.301 606 -114 c 24
 556.854 -129.19 530.867 -145.343 480 -153 c 24
 420.983 -161.884 386.67 -154.83 327 -156 c 25
 372.63 -137.28 399.076 -128.356 444 -108 c 24
 474.029 -94.3926 491.748 -87.5546 519 -69 c 24
 547.113 -49.8594 559.26 -34.2305 585 -12 c 25
504 28 m 1
 807 28 l 1
 807 -22 l 1
 504 -22 l 1
 504 28 l 1
507 113 m 1
 804 113 l 1
 804 63 l 1
 507 63 l 1
 507 113 l 1
513 209 m 1
 801 209 l 1
 801 159 l 1
 513 159 l 1
 513 209 l 1
522 303 m 25
 774 303 l 25
 790.38 315.87 795.891 341.435 816 336 c 24
 851.178 326.492 868.287 305.381 885 273 c 24
 891.55 260.309 872.19 254.7 864 243 c 25
 864 9 l 17
 856 -20 850 -42 819 -45 c 1
 795 -43 784 -19 774 9 c 9
 774 253 l 25
 522 253 l 25
 522 303 l 25
483 321 m 25
 526 301 562 305 594 270 c 24
 608 255 581 241 573 222 c 25
 573 9 l 17
 565 -20 559 -42 528 -45 c 1
 504 -43 493 -19 483 9 c 9
 483 321 l 25
801 504 m 25
 825.57 473.58 853.994 463.801 864 426 c 24
 868.318 409.688 842.737 410.219 828 402 c 24
 781.836 376.255 755.662 361.852 708 339 c 24
 670.182 320.868 648.683 310.576 609 297 c 24
 559.58 280.093 531.135 271.653 480 261 c 24
 446.605 254.043 426.93 255.51 393 252 c 25
 440.97 274.23 468.994 284.799 516 309 c 24
 587.23 345.674 628.061 365.538 696 408 c 24
 722.043 424.277 733.334 438.277 756 459 c 24
 774.317 475.747 783.45 486.45 801 504 c 25
543 531 m 25
 567.57 504.09 591.646 495.493 606 462 c 24
 610.745 450.928 588.377 454.562 579 447 c 24
 551.922 425.163 543.092 404.453 513 387 c 24
 483.233 369.735 461.76 370.53 429 360 c 25
 447.72 385.74 459.345 399.518 477 426 c 24
 503.83 466.244 517.26 490.05 543 531 c 25
612 390 m 24
 593.648 405.652 582.72 413.79 564 429 c 25
 612 429 l 25
 612 552 l 25
 702 552 l 25
 702 384 l 25
 687.96 367.62 687.526 340.565 666 342 c 24
 637.885 343.874 633.438 371.715 612 390 c 24
507 573 m 25
 744 573 l 25
 744 573 767 609 792 618 c 1
 818 614 806 585 837 552 c 1
 845 534 828 523 810 523 c 9
 507 523 l 25
 507 573 l 25
630 639 m 25
 630 798 l 25
 673 778 709 782 741 747 c 24
 755 732 728 718 720 699 c 25
 720 639 l 25
 630 639 l 25
858 622 m 25
 447 622 l 25
 447 672 l 25
 858 672 l 25
 876.72 681.36 888.224 707.05 906 696 c 24
 943.206 672.872 958.646 645.567 969 603 c 24
 972.71 587.748 947.04 592.02 933 585 c 25
 834 516 l 25
 858 622 l 25
438 708 m 25
 454.38 686.94 471.062 679.139 480 654 c 24
 490.612 624.154 494.615 603.482 486 573 c 24
 478.298 545.745 466.646 528.021 441 516 c 24
 422.499 507.327 402.145 511.568 390 528 c 24
 376.787 545.877 382.774 563.978 390 585 c 24
 396.477 603.842 415.757 605.439 423 624 c 24
 435.098 655.001 432.15 675.24 438 708 c 25
240 420 m 25
 240 468 l 25
 264.57 456.3 280.206 452.866 303 438 c 24
 334.375 417.538 357.846 409.574 378 378 c 24
 395.285 350.919 403.65 327.31 393 297 c 24
 385.014 274.271 361.642 258.767 339 267 c 24
 309.722 277.646 310.924 306.845 294 333 c 24
 272.306 366.528 261.06 386.07 240 420 c 25
213 384 m 25
 198.96 358.26 191.745 343.343 177 318 c 24
 154.296 278.977 147.764 252.043 117 219 c 24
 83.3545 182.862 54.7803 173.25 15 144 c 25
 40.7402 196.65 57.6523 225.246 81 279 c 24
 108.007 341.178 122.354 376.76 144 441 c 24
 158.68 484.566 162.3 510.54 174 555 c 25
 213 555 l 25
 213 384 l 25
21 582 m 25
 318 582 l 25
 318 582 341 618 366 627 c 1
 392 623 380 594 411 561 c 1
 419 543 402 532 384 532 c 9
 21 532 l 25
 21 582 l 25
192 804 m 25
 235 784 271 788 303 753 c 24
 317 738 290 724 282 705 c 25
 282 -105 l 17
 274 -134 268 -156 237 -159 c 1
 213 -157 202 -133 192 -105 c 9
 192 804 l 25
EndSplineSet
EndChar
