Width: 1000
Flags: HW
LayerCount: 2
Fore
SplineSet
714 435 m 25
 714 435 787 425 816 393 c 24
 829 379 798 369 786 354 c 25
 756 282 l 25
 684 282 l 25
 714 435 l 25
669 273 m 1
 759 273 l 1
 759 -114 l 1
 669 -114 l 1
 669 273 l 1
501 -93 m 25
 849 -93 l 25
 849 -93 871 -62 895 -53 c 1
 914 -60 938 -88 957 -114 c 1
 965 -132 949 -143 931 -143 c 9
 501 -143 l 25
 501 -93 l 25
510 36 m 25
 813 36 l 25
 813 36 835 67 859 76 c 1
 878 69 902 41 921 15 c 1
 929 -3 913 -14 895 -14 c 9
 510 -14 l 25
 510 36 l 25
513 171 m 9
 810 171 l 25
 810 171 832 202 856 211 c 1
 875 204 899 176 918 150 c 1
 926 132 910 121 892 121 c 9
 513 121 l 17
 513 171 l 9
513 297 m 25
 828 297 l 25
 828 297 850 328 874 337 c 1
 893 330 917 302 936 276 c 1
 944 258 928 247 910 247 c 9
 513 247 l 25
 513 297 l 25
579 267 m 25
 579 9 l 2
 579 -12 588 -96 582 -129 c 0
 574 -171 539 -183 519 -183 c 0
 499 -183 481 -176 480 -154 c 0
 479 -134 489 -42 489 -6 c 2
 489 267 l 25
 579 267 l 25
624 600 m 17
 717 600 l 9
 717 600 695 526 676 476 c 0
 649 406 636 377 597 321 c 24
 549 252 519 214 456 159 c 24
 408 118 374 100 315 78 c 1
 384 151 424 195 480 279 c 24
 531 356 552 404 589 489 c 0
 611 540 624 600 624 600 c 17
432 471 m 25
 816 471 l 25
 816 471 854 531 879 540 c 1
 905 536 947 483 978 450 c 1
 986 432 969 421 951 421 c 9
 432 421 l 25
 432 471 l 25
486 621 m 25
 816 621 l 25
 816 621 838 652 862 661 c 1
 881 654 905 626 924 600 c 1
 932 582 916 571 898 571 c 1
 486 571 l 9
 486 621 l 25
489 768 m 25
 489 768 561 760 597 735 c 24
 608 728 588 717 582 705 c 25
 560 643 553 606 525 546 c 24
 504 501 491 475 459 438 c 24
 425 398 408 381 357 351 c 1
 384 411 400 451 423 516 c 24
 444 577 455 612 471 675 c 24
 480 711 489 768 489 768 c 25
270 390 m 1
 270 390 336 364 371 336 c 24
 398 315 415 300 426 267 c 24
 434 244 432 223 414 207 c 24
 398 193 377 198 360 210 c 24
 337 226 337 247 321 270 c 24
 298 304 259 355 259 355 c 17
 270 390 l 1
234 339 m 25
 234 339 202 248 171 195 c 24
 152 162 136 146 108 120 c 24
 79 94 62 84 24 63 c 1
 61 129 79 164 108 231 c 24
 139 303 154 345 177 420 c 24
 188 455 195 513 195 513 c 25
 234 513 l 25
 234 339 l 25
33 525 m 25
 348 525 l 25
 348 525 370 556 394 565 c 1
 413 558 437 530 456 504 c 1
 464 486 448 475 430 475 c 9
 33 475 l 25
 33 525 l 25
207 771 m 25
 207 771 286 755 318 720 c 24
 332 705 305 691 297 672 c 25
 297 3 l 2
 297 -18 306 -102 300 -135 c 0
 292 -177 257 -189 237 -189 c 0
 217 -189 199 -182 198 -160 c 0
 197 -140 207 -48 207 -12 c 2
 207 771 l 25
EndSplineSet
EndChar
