Width: 1000
Flags: H
TeX: 117 0
LayerCount: 2
Fore
SplineSet
672 48 m 1
 762 48 l 1
 762 -132 l 1
 672 -132 l 1
 672 48 l 1
552 42 m 1
 642 42 l 1
 642 -117 l 1
 552 -117 l 1
 552 42 l 1
786 -123 m 25
 786 10 l 25
 462 10 l 25
 462 60 l 25
 786 60 l 25
 802.38 72.8701 807.891 98.4346 828 93 c 24
 863.178 83.4922 880.287 62.3809 897 30 c 24
 903.55 17.3086 884.19 11.7002 876 0 c 25
 876 -123 l 25
 786 -123 l 25
324 -96 m 25
 879 -96 l 25
 879 -96 896 -63 921 -54 c 1
 947 -58 956 -84 987 -117 c 1
 995 -135 978 -146 960 -146 c 9
 324 -146 l 25
 324 -96 l 25
426 -120 m 25
 426 93 l 25
 469.29 73.1104 504.953 77.251 537 42 c 24
 550.745 26.8809 524.19 12.7197 516 -6 c 25
 516 -120 l 25
 426 -120 l 25
633 318 m 1
 723 318 l 1
 723 122 l 1
 633 122 l 1
 633 318 l 1
510 144 m 1
 828 144 l 1
 828 94 l 1
 510 94 l 1
 510 144 l 1
495 243 m 1
 849 243 l 1
 849 193 l 1
 495 193 l 1
 495 243 l 1
495 333 m 25
 777 333 l 25
 793.38 345.87 798.891 371.435 819 366 c 24
 854.178 356.492 871.287 335.381 888 303 c 24
 894.55 290.309 875.19 284.7 867 273 c 25
 867 143 l 17
 859 114 853 92 822 89 c 1
 798 91 787 115 777 143 c 9
 777 283 l 25
 495 283 l 25
 495 333 l 25
474 366 m 25
 517.29 346.11 552.953 350.251 585 315 c 24
 598.745 299.881 572.19 285.72 564 267 c 25
 564 132 l 17
 556 103 550 81 519 78 c 1
 495 80 484 104 474 132 c 9
 474 366 l 25
603 714 m 25
 786 714 l 25
 786 714 809 750 834 759 c 1
 860 755 848 726 879 693 c 1
 887 675 870 664 852 664 c 9
 603 664 l 25
 603 714 l 25
570 405 m 9
 570 792 l 25
 613.29 772.11 648.953 776.251 681 741 c 24
 694.745 725.881 668.19 711.72 660 693 c 25
 660 468 l 17
 663 447 655.81 432.596 681 423 c 9
 795 423 l 25
 843 501 l 25
 848.85 477.6 848.64 463.23 858 441 c 24
 867.578 418.253 891.913 411.664 891 387 c 24
 890.351 369.462 869.04 370.53 855 360 c 25
 597 360 l 17
 567 363 567 381 570 405 c 9
429 492 m 25
 744 534 l 25
 759.21 553.89 758.186 588.354 783 585 c 24
 820.749 579.898 835.231 551.561 855 519 c 24
 860.598 509.779 842.19 508.02 834 501 c 25
 429 441 l 25
 429 492 l 25
873 580 m 25
 369 580 l 25
 369 630 l 25
 873 630 l 25
 892.89 638.19 905.078 661.229 924 651 c 24
 958.584 632.307 968.514 606.134 984 570 c 24
 988.348 559.854 974.85 555.36 969 546 c 25
 852 492 l 25
 873 580 l 25
333 234 m 25
 333 672 l 25
 376.29 652.11 411.953 656.251 444 621 c 24
 457.745 605.881 431.19 591.72 423 573 c 25
 423 228 l 25
 417.15 176.52 419.373 146.548 408 96 c 24
 398.17 52.3105 395.08 24.4043 369 -12 c 24
 337.142 -56.4688 304.95 -68.7305 264 -105 c 25
 278.04 -73.4102 289.975 -57.084 300 -24 c 24
 313.509 20.5781 318.09 46.7959 324 93 c 24
 330.991 147.656 329.49 179.01 333 234 c 25
198 486 m 25
 220.23 467.28 236.164 460.132 255 438 c 24
 283.394 404.638 303.375 386.295 318 345 c 24
 324.821 325.739 319.669 309.188 306 294 c 24
 294.794 281.549 278.02 275.833 264 285 c 24
 241.16 299.934 240.204 320.592 228 345 c 24
 220.222 360.557 218.85 370.62 213 387 c 25
 198 486 l 25
183 450 m 25
 170.13 380.97 175.349 338.484 150 273 c 24
 132.176 226.953 110.619 205.194 75 171 c 24
 50.8164 147.783 29.25 145.38 0 129 c 25
 28.0801 186.33 47.2275 217.165 72 276 c 24
 94.1123 328.518 103.201 359.55 120 414 c 24
 137.152 469.598 143.79 501.84 159 558 c 25
 183 558 l 25
 183 450 l 25
0 588 m 25
 246 588 l 25
 246 588 269 624 294 633 c 1
 320 629 308 600 339 567 c 1
 347 549 330 538 312 538 c 9
 0 538 l 25
 0 588 l 25
141 780 m 25
 184 760 220 764 252 729 c 24
 266 714 239 700 231 681 c 25
 231 -93 l 17
 223 -122 217 -144 186 -147 c 1
 162 -145 151 -121 141 -93 c 9
 141 780 l 25
EndSplineSet
EndChar
