Width: 1000
Flags: HW
LayerCount: 2
Fore
SplineSet
552 28 m 25
 900 100 l 17
 916.563 114.308 921 126 945 138 c 1
 964.804 130.925 984 105 999 81 c 1
 994.237 71.3359 983.684 65.8916 971 62 c 9
 552 -31 l 25
 552 28 l 25
592 140 m 25
 840 198 l 17
 865.295 211.521 870.634 244.158 894 243 c 1
 920.37 227.898 938.889 205.543 945 180 c 9
 946.939 161.037 919.38 164.75 903 155 c 25
 592 86 l 25
 592 140 l 25
708 -135 m 9
 708 252 l 25
 798 252 l 25
 798 -74 l 17
 798 -88 810 -101 825 -101 c 9
 915 -101 l 25
 924.36 -85.79 930.403 -77.6542 939 -62 c 24
 956.549 -30.0459 965.23 -11.3701 982 21 c 25
 981.61 -23.0703 975.313 -48.2969 981 -92 c 24
 982.942 -106.923 1006.28 -110.909 1001 -125 c 24
 991.604 -150.059 984 -168 951 -172 c 9
 762 -172 l 17
 748.31 -171.98 714 -168 708 -135 c 9
867 357 m 25
 892.35 326.97 920.666 317.629 932 280 c 24
 936.55 264.896 907.208 278.189 892 274 c 24
 841.936 260.21 815.179 247.366 765 234 c 24
 725.754 223.546 702.871 220.733 663 213 c 24
 638.515 208.251 624.871 203.881 600 202 c 24
 578.208 200.352 565.84 203.22 544 204 c 25
 575.59 216.87 593.835 223.132 625 237 c 24
 675.37 259.414 703.607 272.507 753 297 c 24
 798.012 319.32 822.54 333.6 867 357 c 25
240 28 m 25
 588 100 l 17
 604.563 114.308 609 126 633 138 c 1
 652.803 130.924 672 105 687 81 c 1
 682.237 71.3362 671.684 65.8917 659 62 c 9
 240 -31 l 25
 240 28 l 25
280 140 m 25
 528 198 l 17
 553.295 211.521 558.634 244.158 582 243 c 1
 608.37 227.898 626.889 205.543 633 180 c 9
 634.939 161.037 607.38 164.75 591 155 c 25
 280 86 l 25
 280 140 l 25
363 -135 m 9
 363 252 l 25
 453 252 l 25
 453 -74 l 17
 453 -88 465 -101 480 -101 c 9
 603 -101 l 25
 612.36 -85.79 618.403 -77.6542 627 -62 c 24
 644.549 -30.0459 653.23 -11.3701 670 21 c 25
 669.61 -23.0703 661.473 -48.5761 669 -92 c 24
 672.051 -109.602 696.669 -111.149 696 -129 c 24
 695.233 -149.434 677.7 -155.23 666 -172 c 25
 417 -172 l 17
 403.309 -171.981 369 -168 363 -135 c 9
555 357 m 25
 580.35 326.97 608.666 317.629 620 280 c 24
 624.55 264.896 595.397 277.432 580 274 c 24
 534.115 263.771 508.472 256.931 463 245 c 24
 429.682 236.258 411.451 229.219 378 221 c 24
 343.162 212.44 323.633 206.149 288 202 c 24
 266.293 199.473 253.84 203.22 232 204 c 25
 263.59 216.87 281.835 223.132 313 237 c 24
 363.37 259.414 391.607 272.507 441 297 c 24
 486.012 319.32 510.54 333.6 555 357 c 25
328 477 m 25
 826 544 l 25
 826 544 846 563 870 581 c 1
 893.863 580.861 917.567 547.946 927 530 c 1
 920.795 508.378 908.227 502.18 894 500 c 9
 328 424 l 25
 328 477 l 25
381 588 m 25
 720 630 l 17
 739.89 640.639 746.886 657.39 771 666 c 1
 808.63 646.664 822.99 626.818 835 602 c 9
 802 588 l 25
 381 531 l 25
 381 588 l 25
525 382 m 9
 525 691 l 25
 615 691 l 25
 615 438 l 17
 615 426 631 416 652 416 c 9
 843 416 l 25
 853.53 428.09 860.239 434.281 870 447 c 24
 886.009 467.86 893.79 480.55 909 502 c 25
 908.22 466.12 900.336 445.265 907 410 c 24
 910.157 393.292 939.969 390.511 933 375 c 24
 922.393 351.389 903 345 876 341 c 9
 588 341 l 17
 549 348 540 354 525 382 c 9
546 660 m 24
 486.629 652.87 452.761 652.088 393 650 c 24
 363.368 648.965 346.64 651.22 317 652 c 25
 374.72 669.16 406.883 680.239 465 696 c 24
 590.987 730.166 662.64 747.24 789 780 c 25
 804.21 751.92 823.32 739.59 828 708 c 24
 829.627 697.021 811.942 700.863 801 699 c 24
 701.82 682.118 645.889 671.996 546 660 c 24
210 414 m 25
 249.78 396.45 277.582 395.568 312 369 c 24
 346.28 342.538 367.802 323.245 381 282 c 24
 388.894 257.333 382.057 232.574 360 219 c 24
 340.423 206.953 320.893 219.57 303 234 c 24
 281.758 251.131 285.093 273.572 267 294 c 24
 248.221 315.202 232.23 321.45 210 339 c 25
 210 414 l 25
210 279 m 25
 193.62 242.73 186.837 221.057 168 186 c 24
 144.636 142.517 136.577 113.229 102 78 c 24
 72.6221 48.0674 45.2695 45.0596 9 24 c 25
 34.7402 84.8398 50.0752 118.821 75 180 c 24
 101.56 245.192 119.314 281.029 141 348 c 24
 159.183 404.153 162.96 437.67 177 495 c 25
 210 279 l 25
21 534 m 25
 303 534 l 25
 303 534 326 570 351 579 c 1
 377 575 365 546 396 513 c 1
 404 495 387 484 369 484 c 9
 21 484 l 25
 21 534 l 25
162 750 m 25
 205 730 241 734 273 699 c 24
 287 684 260 670 252 651 c 25
 252 -111 l 17
 244 -140 238 -162 207 -165 c 1
 183 -163 172 -139 162 -111 c 9
 162 750 l 25
EndSplineSet
EndChar
