Width: 1000
Flags: H
TeX: 117 0
LayerCount: 2
Fore
SplineSet
491 353 m 25
 558.08 347.54 601.526 366.393 663 339 c 24
 689.718 327.095 695.674 293.819 684 267 c 24
 674.748 245.745 648.17 247.226 626 254 c 24
 600.659 261.743 597.367 284.331 576 300 c 24
 544.497 323.103 524.15 332.33 491 353 c 25
558 -69 m 25
 558 187 l 25
 453 187 l 25
 453 237 l 25
 558 237 l 25
 574 250 580 275 600 270 c 24
 635 260 652 239 669 207 c 24
 676 194 656 189 648 177 c 25
 648 -120 l 25
 627 -139 622 -170 594 -168 c 24
 565 -166 564 -134 543 -114 c 24
 523 -95 510 -87 489 -69 c 25
 558 -69 l 25
573 606 m 1
 663 606 l 1
 663 387 l 1
 573 387 l 1
 573 606 l 1
375 408 m 25
 789 408 l 25
 818 436 827 468 852 477 c 1
 878 473 920 420 951 387 c 1
 959 369 942 358 924 358 c 9
 375 358 l 25
 375 408 l 25
618 90 m 25
 627 144 l 25
 678.48 113.58 707.403 96.2209 759 66 c 24
 789.304 48.251 805.41 36.3437 837 21 c 24
 887.439 -3.49902 917.52 -13.7695 969 -36 c 25
 953.79 -51.21 943.366 -58.1467 930 -75 c 24
 916.282 -92.2959 921.935 -125.493 900 -123 c 24
 853.543 -117.721 835.31 -88.1806 798 -60 c 24
 725.083 -4.92383 688.2 31.5 618 90 c 25
816 213 m 25
 844 180 878 171 888 129 c 24
 893 109 860 114 843 102 c 24
 812 81 795 67 765 45 c 25
 729 66 l 25
 816 213 l 25
411 52 m 25
 282 52 l 25
 282 102 l 25
 429 102 l 25
 442 115 444 139 462 135 c 24
 491 129 506 111 519 84 c 24
 525 71 510 64 504 51 c 25
 481 17 472 -6 444 -36 c 24
 418 -65 401 -82 366 -99 c 24
 327 -118 300 -115 258 -126 c 25
 295 -90 320 -73 354 -33 c 24
 380 -3 389 19 411 52 c 25
423 522 m 25
 753 522 l 25
 753 522 776 558 801 567 c 1
 827 563 815 534 846 501 c 1
 854 483 837 472 819 472 c 9
 423 472 l 25
 423 522 l 25
378 618 m 25
 756 618 l 25
 785 646 794 678 819 687 c 1
 845 683 887 630 918 597 c 1
 926 579 909 568 891 568 c 9
 378 568 l 25
 378 618 l 25
684 603 m 25
 642 603 l 25
 649 643 655 665 660 705 c 24
 664 736 664 754 666 786 c 25
 710 768 744 772 780 741 c 24
 792 731 765 721 756 708 c 25
 684 603 l 25
459 783 m 25
 498 761 531 761 558 726 c 24
 584 693 593 662 585 621 c 24
 580 597 555 587 531 591 c 24
 509 595 504 615 496 636 c 24
 485 665 493 684 486 714 c 24
 479 742 470 756 459 783 c 25
60 93 m 25
 138 114 l 25
 167 176 185 211 213 273 c 24
 247 346 264 388 297 462 c 25
 284 391 280 350 264 279 c 24
 249 211 233 175 216 108 c 24
 210 85 204 48 204 48 c 1
 204 48 241 -22 234 -69 c 24
 230 -98 209 -122 180 -120 c 24
 149 -117 136 -90 126 -60 c 24
 115 -27 128 -5 129 30 c 25
 60 93 l 25
45 501 m 25
 83.6104 483.45 110.148 481.549 144 456 c 24
 173.898 433.435 196.043 417.603 204 381 c 24
 209.781 354.407 198.97 328.82 174 318 c 24
 150.875 307.979 132.372 324.748 114 342 c 24
 97.6855 357.32 100.909 374.47 92 395 c 24
 73.998 436.483 63.3301 459.66 45 501 c 25
105 750 m 25
 148.29 734.79 178.662 737.67 216 711 c 24
 247.433 688.548 267.189 668.189 273 630 c 24
 276.955 604.007 262.25 580.331 237 573 c 24
 212.875 565.996 196.349 583.927 180 603 c 24
 165.775 619.596 174.934 637.53 165 657 c 24
 145.384 695.448 128.4 713.73 105 750 c 25
EndSplineSet
EndChar
