Width: 1000
Flags: HW
LayerCount: 2
Fore
SplineSet
33 114 m 25
 114 132 l 25
 132 172 143 193 159 234 c 24
 188 309 200 353 228 429 c 24
 249 488 263 520 285 579 c 25
 266 468 258 405 237 294 c 24
 223 218 195 99 195 99 c 1
 195 99 234 7 231 -54 c 24
 229 -90 217 -121 183 -132 c 24
 155 -141 130 -118 120 -90 c 24
 99 -34 115 3 111 63 c 25
 33 114 l 25
24 519 m 25
 70 501 104 506 141 474 c 24
 167 451 178 424 171 390 c 24
 166 367 139 356 117 363 c 24
 89 372 87 398 72 423 c 24
 51 459 43 482 24 519 c 25
96 753 m 17
 153 741 185 744 231 714 c 24
 257 697 272 673 267 642 c 24
 263 617 237 599 213 606 c 24
 177 617 171 648 147 678 c 24
 125 706 116 724 96 753 c 17
309 645 m 1
 858 645 l 25
 858 645 880 676 904 685 c 1
 923 678 947 650 966 624 c 1
 974 606 958 595 940 595 c 9
 309 595 l 25
 309 645 l 1
426 111 m 25
 476 83 515 81 555 39 c 24
 578 15 584 -12 576 -45 c 24
 571 -67 548 -87 527 -78 c 24
 493 -63 491 -32 474 0 c 24
 452 42 445 68 426 111 c 25
678 -96 m 17
 693 -84 702 -60 699 -42 c 1
 699 231 l 9
 789 231 l 17
 789 -66 l 1
 789 -66 784 -113 768 -138 c 24
 752 -163 741 -188 711 -189 c 24
 685 -190 685 -158 665 -141 c 24
 641 -121 625 -114 599 -96 c 25
 678 -96 l 17
218 141 m 25
 822 141 l 25
 851 169 860 201 885 210 c 1
 911 206 953 153 984 120 c 1
 992 102 975 91 957 91 c 9
 218 91 l 25
 218 141 l 25
648 263 m 25
 865 263 l 25
 865 213 l 25
 648 213 l 25
 648 263 l 25
643 429 m 25
 800 429 l 25
 816 442 822 467 842 462 c 24
 877 452 894 431 911 399 c 24
 918 386 898 381 890 369 c 25
 890 252 l 17
 882 223 876 201 845 198 c 1
 821 200 810 224 800 252 c 9
 800 379 l 25
 643 379 l 25
 643 429 l 25
600 459 m 25
 643 439 679 443 711 408 c 24
 725 393 698 379 690 360 c 25
 690 249 l 17
 682 220 676 198 645 195 c 1
 621 197 610 221 600 249 c 9
 600 459 l 25
387 381 m 25
 477 381 l 25
 477 258 l 25
 387 258 l 25
 387 381 l 25
256 273 m 25
 302 273 329 272 375 273 c 24
 466 275 518 278 609 282 c 25
 570 262 551 245 510 231 c 24
 444 208 404 203 336 186 c 24
 319 182 303 164 291 177 c 24
 264 206 270 236 256 273 c 25
284 420 m 25
 486 420 l 25
 486 420 508 451 532 460 c 1
 551 453 575 425 594 399 c 1
 602 381 586 370 568 370 c 9
 284 370 l 25
 284 420 l 25
396 529 m 25
 767 529 l 25
 767 479 l 25
 396 479 l 25
 396 529 l 25
391 750 m 25
 732 750 l 25
 748 763 754 788 774 783 c 24
 809 773 826 752 843 720 c 24
 850 707 830 702 822 690 c 25
 822 498 l 17
 814 469 808 447 777 444 c 1
 753 446 742 470 732 498 c 9
 732 700 l 25
 391 700 l 25
 391 750 l 25
EndSplineSet
EndChar
