Width: 1000
Flags: H
TeX: 117 0
LayerCount: 2
Fore
SplineSet
678 162 m 25
 707.25 139.77 730.05 133.688 753 105 c 24
 769.179 84.7764 775.762 67.8389 774 42 c 24
 772.004 12.7246 769.603 -12.6631 744 -27 c 24
 726.143 -37 707.964 -18.3994 699 0 c 24
 683.491 31.834 691.553 54.8828 687 90 c 24
 683.362 118.063 681.51 133.92 678 162 c 25
435 66 m 25
 720 96 l 25
 729 54 l 25
 644.76 23.5801 597.661 5.22852 513 -24 c 24
 499.32 -28.7227 486.479 -43.9365 477 -33 c 24
 449.531 -1.30566 451.38 27.3896 435 66 c 25
543 366 m 25
 633 366 l 25
 615 36 l 25
 525 36 l 25
 543 366 l 25
789 -69 m 25
 789 187 l 25
 369 187 l 25
 369 237 l 25
 789 237 l 25
 805.38 249.87 810.891 275.435 831 270 c 24
 866.178 260.492 883.287 239.381 900 207 c 24
 906.55 194.309 887.19 188.7 879 177 c 25
 879 -108 l 17
 864 -126 855.435 -161.618 825 -165 c 0
 798 -168 802.912 -135.917 786 -120 c 24
 762.98 -98.335 747.57 -88.8896 723 -69 c 25
 789 -69 l 25
336 264 m 25
 379 244 415 248 447 213 c 24
 461 198 434 184 426 165 c 25
 426 -108 l 17
 418 -137 412 -159 381 -162 c 1
 357 -160 346 -136 336 -108 c 9
 336 264 l 25
465 591 m 25
 522.33 574.62 558.671 575.665 612 549 c 24
 661.195 524.402 691.645 507.189 723 462 c 24
 736.489 442.56 734.29 414.174 714 402 c 24
 691.365 388.419 670.537 403.258 648 417 c 24
 620.443 433.803 613.524 453.883 591 477 c 24
 569.061 499.517 557.312 512.908 534 534 c 24
 508.117 557.418 491.91 568.77 465 591 c 25
684 633 m 25
 715.59 615.45 741.984 615.86 765 588 c 24
 773.431 577.795 750.36 573.36 741 564 c 25
 711.75 533.58 698.002 513.511 666 486 c 24
 631.036 455.943 611.692 436.688 570 417 c 24
 526.11 396.274 496.8 396.87 450 384 c 25
 487.44 417.93 510.271 435.271 546 471 c 24
 581.729 506.729 600.234 528.536 633 567 c 24
 654.094 591.763 664.11 607.26 684 633 c 25
840 627 m 25
 840 366 l 17
 832 337 826 315 795 312 c 1
 771 314 760 338 750 366 c 9
 750 627 l 25
 840 627 l 25
399 386 m 1
 825 386 l 1
 825 336 l 1
 399 336 l 1
 399 386 l 1
438 624 m 25
 438 351 l 17
 430 322 424 300 393 297 c 1
 369 299 358 323 348 351 c 9
 348 624 l 25
 438 624 l 25
306 657 m 25
 768 657 l 25
 768 657 806 717 831 726 c 1
 857 722 899 669 930 636 c 1
 938 618 921 607 903 607 c 9
 306 607 l 25
 306 657 l 25
531 642 m 25
 531 774 l 25
 574 754 610 758 642 723 c 24
 656 708 629 694 621 675 c 25
 621 642 l 25
 531 642 l 25
111 108 m 25
 183 129 l 25
 204.06 194.52 216.638 231.26 237 297 c 24
 257.59 363.478 268.11 401.31 288 468 c 25
 282.15 382.59 281.896 334.146 273 249 c 24
 265.504 177.248 246 66 246 66 c 1
 246 66 284.633 -33.1885 282 -99 c 24
 280.831 -128.227 265.892 -154.438 237 -159 c 24
 205.882 -163.913 176.978 -147.197 168 -117 c 24
 147.992 -49.7012 169.83 -7.2002 171 63 c 25
 111 108 l 25
72 498 m 25
 114.12 486.3 142.584 490.605 180 468 c 24
 202.504 454.403 214.719 437.262 216 411 c 24
 217.378 382.759 211.289 357.645 186 345 c 24
 165.387 334.693 147.35 351.809 132 369 c 24
 115.488 387.493 121.455 406.521 111 429 c 24
 97.9639 457.027 87.21 471.09 72 498 c 25
153 723 m 25
 197.46 705.45 229.229 707.292 267 678 c 24
 290.571 659.72 299.255 638.82 300 609 c 24
 300.577 585.932 292.338 563.791 270 558 c 24
 247.662 552.209 233.713 570.223 219 588 c 24
 203.896 606.251 208.405 623.717 198 645 c 24
 182.575 676.551 170.55 692.58 153 723 c 25
EndSplineSet
EndChar
