Width: 1000
Flags: H
TeX: 117 0
LayerCount: 2
Fore
SplineSet
786 288 m 25
 819.93 258.75 851.549 252.327 873 213 c 24
 880.62 199.029 853.755 197.003 840 189 c 24
 789.314 159.51 759.48 145.08 708 117 c 25
 678 144 l 25
 707.25 173.25 728.18 185.907 753 219 c 24
 770.897 242.863 773.13 261.09 786 288 c 25
603 318 m 25
 657 318 l 25
 664.02 280.56 659.037 256.587 675 222 c 24
 701.926 163.66 724.175 133.618 765 84 c 24
 800.76 40.5381 824.516 18.1494 870 -15 c 24
 894.584 -32.917 913.92 -33.2998 942 -45 c 25
 913.92 -57.8701 895.475 -60.5314 870 -78 c 24
 853.567 -89.2676 856.78 -119.398 837 -117 c 24
 804.707 -113.086 792.421 -90.4808 771 -66 c 24
 742.577 -33.5166 731.732 -10.8582 711 27 c 24
 677.825 87.5811 657.032 121.246 633 186 c 24
 614.631 235.494 614.7 266.52 603 318 c 25
612 48 m 25
 579.24 22.2598 564.204 2.61622 528 -18 c 24
 479.272 -45.748 450.128 -60.3536 396 -75 c 24
 349.476 -87.5889 320.97 -82.3203 273 -87 c 25
 325.65 -58.9199 356.389 -44.9473 408 -15 c 24
 451.231 10.085 478.002 21.5287 516 54 c 24
 543.228 77.2666 550.77 97.9199 573 126 c 25
 612 48 l 25
555 159 m 25
 529.26 135.6 517.58 118.831 489 99 c 24
 459.765 78.7139 441.261 69.6484 408 57 c 24
 357.825 37.9199 327.48 33.21 276 18 c 25
 299.4 35.5498 313.274 44.585 336 63 c 24
 381.159 99.5938 407.805 119.025 450 159 c 24
 474.69 182.391 484.77 199.26 507 225 c 25
 555 159 l 25
528 -141 m 24
 502.126 -117.282 484.08 -108.06 456 -87 c 25
 552 -87 l 25
 564.87 -68.2803 582.396 -61.5673 585 -39 c 24
 589.874 3.24414 583.61 28.7129 570 69 c 24
 553.919 116.599 536.829 140.521 510 183 c 24
 494.481 207.571 480.72 217.77 462 240 c 25
 495 282 l 25
 523.08 252.75 543 239.681 567 207 c 24
 598.355 164.303 617.583 139.67 636 90 c 24
 656.74 34.0625 667.549 -0.361335 666 -60 c 24
 665.103 -94.5576 651.751 -114.131 630 -141 c 24
 610.398 -165.214 595.153 -186 564 -186 c 24
 541.525 -186 544.567 -156.187 528 -141 c 24
480 327 m 25
 570 327 l 25
 548.94 300.09 541.109 281.178 516 258 c 24
 479.718 224.509 458.042 205.323 414 183 c 24
 371.416 161.416 343.867 156.094 297 147 c 24
 264.819 140.756 245.76 145.17 213 144 c 25
 263.31 168.57 293.428 179.152 342 207 c 24
 381.416 229.599 403.715 243.187 438 273 c 24
 458.133 290.507 463.62 305.94 480 327 c 25
327 345 m 25
 720 345 l 25
 749 373 758 405 783 414 c 1
 809 410 851 357 882 324 c 1
 890 306 873 295 855 295 c 9
 327 295 l 25
 327 345 l 25
372 429 m 25
 639 429 l 25
 639 429 662 465 687 474 c 1
 713 470 701 441 732 408 c 1
 740 390 723 379 705 379 c 9
 372 379 l 25
 372 429 l 25
612 768 m 25
 655.29 748.11 690.953 752.251 723 717 c 24
 736.745 701.881 710.19 687.72 702 669 c 25
 702 564 l 17
 694 535 688 513 657 510 c 1
 633 512 622 536 612 564 c 9
 612 768 l 25
426 765 m 25
 469 745 505 749 537 714 c 24
 551 699 524 685 516 666 c 25
 516 558 l 17
 508 529 502 507 471 504 c 1
 447 506 436 530 426 558 c 9
 426 765 l 25
813 469 m 25
 321 469 l 25
 321 519 l 25
 813 519 l 25
 834.06 533.04 844.697 566.967 867 555 c 24
 909.319 532.292 925.703 499.91 936 453 c 24
 939.927 435.112 910.38 440.19 894 432 c 25
 795 408 l 25
 813 469 l 25
327 549 m 25
 334.02 515.07 349.151 496.399 345 462 c 24
 340.545 425.085 333.409 400.125 306 375 c 24
 285.865 356.543 259.587 347.641 237 363 c 24
 216.591 376.879 219.712 404.051 231 426 c 24
 244.063 451.401 276.426 445.483 294 468 c 24
 315.27 495.252 312.96 517.41 327 549 c 25
294 657 m 25
 762 657 l 25
 791 685 800 717 825 726 c 1
 851 722 893 669 924 636 c 1
 932 618 915 607 897 607 c 9
 294 607 l 25
 294 657 l 25
33 90 m 25
 96 99 l 25
 115.89 165.69 126.213 203.584 147 270 c 24
 174.187 356.864 190.92 405.42 219 492 c 25
 202.62 377.34 192.934 312.723 177 198 c 24
 169.533 144.24 159 60 159 60 c 1
 159 60 204.503 -48.4658 198 -120 c 24
 195.22 -150.585 168.699 -171.853 138 -171 c 24
 109.834 -170.218 95.145 -144.704 90 -117 c 24
 78.873 -57.083 95.4902 -21.8398 99 39 c 25
 33 90 l 25
24 468 m 25
 54.4199 459.81 76.6534 465.708 102 447 c 24
 129.152 426.959 143.685 408.152 150 375 c 24
 154.312 352.36 147.611 329.004 126 321 c 24
 103.381 312.623 83.902 326.034 69 345 c 24
 54.3809 363.605 68.1299 382.778 60 405 c 24
 50.2773 431.576 38.04 443.43 24 468 c 25
90 714 m 25
 121.59 703.47 142.661 704.486 171 687 c 24
 199.163 669.623 223.335 659.192 231 627 c 24
 237.549 599.494 224.665 576.473 201 561 c 24
 184.585 550.267 165.312 560.734 153 576 c 24
 132.792 601.058 139.369 624.717 126 654 c 24
 114.667 678.824 104.04 690.6 90 714 c 25
EndSplineSet
EndChar
