Width: 1000
Flags: H
TeX: 117 0
LayerCount: 2
Fore
SplineSet
396 212 m 1
 744 212 l 1
 744 162 l 1
 396 162 l 1
 396 212 l 1
399 333 m 1
 741 333 l 1
 741 283 l 1
 399 283 l 1
 399 333 l 1
681 93 m 25
 730.14 73.1104 765.604 75.1172 807 42 c 24
 839.75 15.7998 856.827 -9.26762 861 -51 c 24
 863.68 -77.8018 847.185 -98.4472 822 -108 c 24
 802.431 -115.423 785.269 -101.638 774 -84 c 24
 755.819 -55.5439 768.707 -29.8937 753 0 c 24
 731.665 40.6055 709.08 56.7305 681 93 c 25
387 120 m 25
 420.93 90.75 451.506 83.7402 474 45 c 24
 481.361 32.3223 453.198 35.1321 441 27 c 24
 396.977 -2.34863 377.709 -28.1259 330 -51 c 24
 290.851 -69.7705 264.12 -67.4697 222 -78 c 25
 254.76 -47.5801 274.745 -31.965 306 0 c 24
 326.318 20.7793 337.741 32.9119 354 57 c 24
 369.518 79.9893 374.13 95.4297 387 120 c 25
531 -90 m 25
 531 174 l 25
 621 174 l 25
 621 -120 l 17
 603 -159 581.144 -183.586 540 -189 c 24
 515.529 -192.22 522.629 -154.102 507 -135 c 24
 490.751 -115.141 477.72 -107.55 459 -90 c 25
 531 -90 l 25
405 441 m 25
 678 441 l 25
 694.38 453.87 699.891 479.435 720 474 c 24
 755.178 464.492 772.287 443.381 789 411 c 24
 795.55 398.309 776.19 392.7 768 381 c 25
 768 201 l 17
 760 172 754 150 723 147 c 1
 699 149 688 173 678 201 c 9
 678 391 l 25
 405 391 l 25
 405 441 l 25
378 462 m 25
 421.29 442.11 456.953 446.251 489 411 c 24
 502.745 395.881 476.19 381.72 468 363 c 25
 468 186 l 17
 460 157 454 135 423 132 c 1
 399 134 388 158 378 186 c 9
 378 462 l 25
777 612 m 25
 806.25 582.75 833.028 573.759 852 537 c 24
 857.805 525.754 835.805 525.588 825 519 c 24
 787.824 496.332 766.44 484.23 729 462 c 25
 690 489 l 25
 777 612 l 25
303 582 m 25
 341.61 570.3 375.054 582.026 402 552 c 24
 424.716 526.688 425.339 494.259 408 465 c 24
 397.197 446.771 370.088 457.21 354 471 c 24
 332.532 489.4 335.805 511.308 324 537 c 24
 315.914 554.599 311.19 564.45 303 582 c 25
576 636 m 25
 627 636 l 25
 657.42 597.39 671.683 573.14 705 537 c 24
 740.906 498.051 758.902 471.793 804 444 c 24
 861.157 408.775 900.99 403.74 963 378 c 25
 936.09 366.3 918.809 363.669 894 348 c 24
 873.703 335.181 872.963 304.548 849 306 c 24
 820.874 307.705 815.083 334.236 795 354 c 24
 741.338 406.811 706.18 432.535 660 492 c 24
 620.121 543.351 608.76 579.84 576 636 c 25
456 708 m 25
 456 798 l 25
 499.29 778.11 534.953 782.251 567 747 c 24
 580.745 731.881 554.19 717.72 546 699 c 25
 546 669 l 25
 534.3 632.73 533.044 610.087 516 576 c 24
 487.104 518.206 469.287 485.519 429 435 c 24
 394.94 392.29 371.786 370.279 327 339 c 24
 296.896 317.975 273.93 317.04 240 303 c 25
 278.61 348.63 303.384 371.996 339 420 c 24
 357.418 444.824 363.673 461.609 378 489 c 24
 403.465 537.683 422.566 563.244 441 615 c 24
 453.326 649.609 450.15 671.73 456 708 c 25
258 651 m 25
 753 651 l 25
 753 651 791 711 816 720 c 1
 842 716 884 663 915 630 c 1
 923 612 906 601 888 601 c 9
 258 601 l 25
 258 651 l 25
24 102 m 25
 84 102 l 25
 108.57 164.01 123.969 198.402 147 261 c 24
 169.613 322.461 173.343 360.638 201 420 c 24
 221.694 464.416 243.09 484.05 270 525 c 25
 255.96 461.82 248.707 426.028 234 363 c 24
 207.755 250.522 165 75 165 75 c 1
 165 75 185.293 -25.6016 180 -90 c 24
 177.979 -114.599 170.792 -137.437 147 -144 c 24
 123.775 -150.406 101.623 -136.496 93 -114 c 24
 71.9561 -59.1035 83.8496 -22.5 78 36 c 25
 24 102 l 25
30 498 m 25
 67.4404 482.79 97.1052 487.253 126 459 c 24
 154.121 431.504 166.708 405.293 165 366 c 24
 163.922 341.204 144.269 326.2 120 321 c 24
 101.911 317.124 89.7056 331.677 81 348 c 24
 69.3203 369.899 79.9893 387.502 72 411 c 24
 59.8721 446.672 46.3799 464.07 30 498 c 25
132 732 m 25
 170.61 714.45 201.342 717.317 231 687 c 24
 258.197 659.198 271.925 632.579 267 594 c 24
 263.432 566.05 241.163 545.091 213 546 c 24
 187.974 546.808 183.407 573.795 174 597 c 24
 165.165 618.794 174.986 634.545 168 657 c 24
 158.361 687.98 146.04 702.75 132 732 c 25
EndSplineSet
EndChar
