Width: 1000
Flags: HW
TeX: 117 0
LayerCount: 2
Fore
SplineSet
676 269 m 1
 886 269 l 1
 886 219 l 1
 676 219 l 1
 676 269 l 1
676 489 m 1
 880 489 l 1
 880 439 l 1
 676 439 l 1
 676 489 l 1
316 373 m 1
 571 373 l 1
 571 323 l 1
 316 323 l 1
 316 373 l 1
310 251 m 1
 568 251 l 1
 568 201 l 1
 310 201 l 1
 310 251 l 1
853 -54 m 25
 853 673 l 25
 679 673 l 25
 679 723 l 25
 853 723 l 25
 869 736 875 761 895 756 c 24
 930 746 947 725 964 693 c 24
 971 680 951 675 943 663 c 25
 943 -48 l 17
 946 -99 933 -147 886 -156 c 0
 853 -162 858 -120 835 -102 c 24
 806 -80 786 -73 754 -54 c 25
 853 -54 l 25
631 105 m 25
 631 759 l 25
 674 739 710 743 742 708 c 24
 756 693 729 679 721 660 c 25
 721 84 l 25
 710 35 716 3 694 -42 c 24
 674 -83 652 -101 616 -129 c 24
 592 -148 572 -147 544 -159 c 25
 565 -124 580 -106 598 -69 c 24
 612 -39 619 -21 625 12 c 24
 632 48 629 69 631 105 c 25
256 99 m 25
 535 99 l 25
 535 99 557 130 581 139 c 1
 600 132 624 104 643 78 c 1
 651 60 635 49 617 49 c 9
 256 49 l 25
 256 99 l 25
490 225 m 25
 490 -93 l 17
 482 -122 476 -144 445 -147 c 1
 421 -145 410 -121 400 -93 c 9
 400 225 l 25
 490 225 l 25
397 480 m 25
 397 789 l 25
 440 769 476 773 508 738 c 24
 522 723 495 709 487 690 c 25
 487 480 l 25
 397 480 l 25
319 495 m 25
 517 495 l 25
 533 508 539 533 559 528 c 24
 594 518 611 497 628 465 c 24
 635 452 615 447 607 435 c 25
 607 243 l 17
 599 214 593 192 562 189 c 1
 538 191 527 215 517 243 c 9
 517 445 l 25
 319 445 l 25
 319 495 l 25
283 528 m 25
 326 508 362 512 394 477 c 24
 408 462 381 448 373 429 c 25
 373 225 l 17
 365 196 359 174 328 171 c 1
 304 173 293 197 283 225 c 9
 283 528 l 25
259 642 m 25
 525 642 l 25
 525 642 547 673 571 682 c 1
 590 675 614 647 633 621 c 1
 641 603 625 592 607 592 c 9
 259 592 l 25
 259 642 l 25
34 93 m 25
 121 123 l 25
 134 158 142 178 154 213 c 24
 173 269 181 301 199 357 c 24
 224 436 239 480 265 558 c 25
 254 459 252 402 238 303 c 24
 225 214 197 75 197 75 c 1
 197 75 225 -25 220 -90 c 24
 218 -114 205 -138 181 -138 c 24
 153 -138 136 -117 127 -90 c 24
 108 -34 120 2 115 60 c 25
 34 93 l 25
51 502 m 25
 90 484 117 483 151 456 c 24
 172 439 183 422 185 395 c 24
 187 371 180 350 159 339 c 24
 141 330 123 340 110 356 c 24
 88 383 89 406 76 438 c 24
 66 463 61 477 51 502 c 25
88 741 m 17
 136 726 153 732 187 711 c 24
 213 695 227 680 235 651 c 24
 241 629 240 605 220 594 c 24
 200 583 180 596 163 612 c 24
 141 632 142 653 127 678 c 24
 112 703 103 716 88 741 c 17
EndSplineSet
EndChar
