Width: 1000
Flags: H
TeX: 117 0
LayerCount: 2
Fore
SplineSet
699 117 m 25
 731.76 102.96 756.401 104.724 783 81 c 24
 802.949 63.207 814.926 44.2733 810 18 c 24
 805.989 -3.39062 786.764 -15 765 -15 c 24
 747.606 -15 743.246 2.68561 735 18 c 24
 726.389 33.9922 729.207 45.9307 723 63 c 24
 715.124 84.6592 708.36 95.9404 699 117 c 25
687 261 m 25
 715.08 250.47 735.078 252.087 759 234 c 24
 784.947 214.381 801.513 199.402 810 168 c 24
 815.053 149.304 806.631 131.014 789 123 c 24
 772.159 115.345 756.832 124.675 744 138 c 24
 724.038 158.729 723.1 177.89 711 204 c 24
 700.858 225.885 696.36 238.77 687 261 c 25
498 126 m 25
 526.08 111.96 548.408 112.791 570 90 c 24
 593.042 65.6777 605.119 45.4922 606 12 c 24
 606.501 -7.04004 591.221 -18.4545 573 -24 c 24
 558.449 -28.4287 544.893 -22.001 537 -9 c 24
 522.708 14.54 529.643 33.5431 522 60 c 24
 514.398 86.3135 507.36 100.26 498 126 c 25
492 264 m 25
 525.93 249.96 552.343 253.254 579 228 c 24
 600.771 207.375 606 185.989 606 156 c 24
 606 139.371 595.629 123 579 123 c 24
 557.236 123 546.238 138.003 534 156 c 24
 524.696 169.683 533.997 182.579 528 198 c 24
 517.373 225.326 506.04 238.26 492 264 c 25
689 447 m 25
 689 -126 l 17
 681 -155 675 -177 644 -180 c 1
 620 -178 609 -154 599 -126 c 9
 599 447 l 25
 689 447 l 25
816 -48 m 25
 816 295 l 25
 426 295 l 25
 426 345 l 25
 816 345 l 25
 832.38 357.87 837.891 383.435 858 378 c 24
 893.178 368.492 910.287 347.381 927 315 c 24
 933.55 302.309 914.19 296.7 906 285 c 25
 906 -108 l 25
 888.45 -126.72 886.646 -155.173 861 -156 c 24
 835.354 -156.827 831.855 -128.405 813 -111 c 24
 786.225 -86.2842 770.91 -72.5703 744 -48 c 25
 816 -48 l 25
402 375 m 25
 445.29 355.11 480.953 359.251 513 324 c 24
 526.745 308.881 500.19 294.72 492 276 c 25
 492 -132 l 17
 484 -161 478 -183 447 -186 c 1
 423 -184 412 -160 402 -132 c 9
 402 375 l 25
366 474 m 25
 774 474 l 25
 803 502 812 534 837 543 c 1
 863 539 905 486 936 453 c 1
 944 435 927 424 909 424 c 9
 366 424 l 25
 366 474 l 25
351 593 m 1
 822 593 l 1
 822 543 l 1
 351 543 l 1
 351 593 l 1
354 747 m 25
 762 747 l 25
 778 760 784 785 804 780 c 24
 839 770 856 749 873 717 c 24
 880 704 860 699 852 687 c 25
 852 588 l 17
 844 559 838 537 807 534 c 1
 783 536 772 560 762 588 c 9
 762 697 l 25
 354 697 l 25
 354 747 l 25
303 306 m 25
 303 780 l 25
 346.29 760.11 381.953 764.251 414 729 c 24
 427.745 713.881 401.19 699.72 393 681 c 25
 393 294 l 25
 383.64 219.12 387.894 175.059 369 102 c 24
 352.459 38.043 337.714 2.20435 303 -54 c 24
 287.253 -79.4951 266.4 -83.2803 243 -102 c 25
 260.55 -30.6299 277.307 8.28611 288 81 c 24
 300.796 168.009 297.15 218.25 303 306 c 25
33 87 m 25
 111 105 l 25
 127.38 165.84 134.807 200.677 153 261 c 24
 179.281 348.143 198.343 395.972 225 483 c 24
 238.134 525.877 243.3 550.71 255 594 c 25
 243.3 496.89 238.441 441.885 225 345 c 24
 210.356 239.444 183 75 183 75 c 1
 183 75 224.906 -10.8897 222 -69 c 24
 219.883 -111.343 208.494 -145.212 171 -165 c 24
 147.179 -177.572 121.248 -151.941 114 -126 c 24
 96.6836 -64.0234 114 -25.3496 114 39 c 25
 33 87 l 25
36 573 m 25
 80.46 549.6 116.311 550.273 150 513 c 24
 176.079 484.146 178.766 455.853 177 417 c 24
 176.135 397.974 162.477 385.619 144 381 c 24
 123.887 375.972 104.956 379.062 93 396 c 24
 72.8711 424.516 82.6994 449.775 72 483 c 24
 60.4121 518.984 50.04 537.9 36 573 c 25
108 783 m 25
 152.46 766.62 183.183 768.172 222 741 c 24
 245.183 724.771 258 706.299 258 678 c 24
 258 650.711 246.751 629.491 222 618 c 24
 203.467 609.396 187.575 623.728 174 639 c 24
 157.256 657.837 160.501 676.089 150 699 c 24
 134.739 732.296 124.38 750.24 108 783 c 25
EndSplineSet
EndChar
