Width: 1000
Flags: H
TeX: 117 0
LayerCount: 2
Fore
SplineSet
885 -153 m 10
 669 -153 l 17
 641 -148 617 -130 612 -105 c 9
 612 138 l 25
 702 138 l 25
 702 -37 l 17
 702 -58 722 -72 738 -73 c 9
 837 -73 l 25
 850 -47 858 -32 870 -6 c 24
 880 16 894 51 894 51 c 25
 894 51 890 -26 903 -72 c 24
 909 -92 944 -92 939 -112 c 24
 933 -138 909 -153 885 -153 c 10
441 60 m 26
 441 144 l 25
 531 144 l 25
 531 57 l 18
 531 23 525 4 507 -24 c 24
 481 -64 461 -83 423 -111 c 24
 389 -136 365 -144 325 -157 c 24
 278 -172 255 -176 201 -183 c 1
 257 -156 285 -141 333 -105 c 24
 366 -80 385 -65 408 -30 c 24
 428 1 441 23 441 60 c 26
291 165 m 25
 762 165 l 25
 762 165 800 225 825 234 c 1
 851 230 893 177 924 144 c 1
 932 126 915 115 897 115 c 9
 291 115 l 25
 291 165 l 25
570 288 m 25
 834 288 l 25
 834 288 856 319 880 328 c 1
 899 321 923 293 942 267 c 1
 950 249 934 238 916 238 c 9
 570 238 l 25
 570 288 l 25
261 279 m 25
 519 279 l 25
 519 279 541 310 565 319 c 1
 584 312 608 284 627 258 c 1
 635 240 619 229 601 229 c 9
 261 229 l 25
 261 279 l 25
606 420 m 25
 810 420 l 25
 810 420 832 451 856 460 c 1
 875 453 899 425 918 399 c 1
 926 381 910 370 892 370 c 9
 606 370 l 25
 606 420 l 25
684 282 m 25
 684 513 l 25
 684 513 763 497 795 462 c 24
 809 447 782 433 774 414 c 25
 774 282 l 25
 684 282 l 25
303 411 m 25
 504 411 l 25
 504 411 526 442 550 451 c 1
 569 444 593 416 612 390 c 1
 620 372 604 361 586 361 c 9
 303 361 l 25
 303 411 l 25
393 267 m 25
 393 513 l 25
 393 513 472 497 504 462 c 24
 518 447 491 433 483 414 c 25
 483 267 l 25
 393 267 l 25
285 552 m 25
 759 552 l 25
 788 580 797 612 822 621 c 1
 848 617 890 564 921 531 c 1
 929 513 912 502 894 502 c 9
 285 502 l 25
 285 552 l 25
540 531 m 25
 540 789 l 25
 540 789 619 773 651 738 c 24
 665 723 638 709 630 690 c 25
 630 531 l 25
 540 531 l 25
348 681 m 25
 741 681 l 25
 741 681 763 712 787 721 c 1
 806 714 830 686 849 660 c 1
 857 642 841 631 823 631 c 9
 348 631 l 25
 348 681 l 25
36 78 m 25
 114 96 l 25
 133 150 144 180 162 234 c 24
 182 296 189 332 210 393 c 24
 230 453 245 486 267 546 c 17
 261 459 255 405 240 315 c 24
 224 218 189 69 189 69 c 1
 189 69 226 -29 222 -93 c 24
 220 -128 208 -160 174 -168 c 24
 143 -175 119 -150 108 -120 c 24
 90 -69 108 18 108 18 c 25
 36 78 l 25
18 509 m 17
 70 500 92 495 126 465 c 24
 155 439 174 413 168 375 c 24
 164 350 129 339 107 352 c 24
 74 371 79 404 60 437 c 24
 44 465 34 481 18 509 c 17
99 747 m 17
 144 744 171 742 210 720 c 24
 240 704 258 687 267 654 c 24
 273 631 264 609 243 597 c 24
 223 586 204 595 186 609 c 24
 161 629 158 651 141 678 c 24
 124 705 115 720 99 747 c 17
EndSplineSet
EndChar
