Width: 1000
Flags: H
TeX: 117 0
LayerCount: 2
Fore
SplineSet
669 15 m 25
 726.33 -1.37988 761.695 -2.38187 816 -27 c 24
 850.955 -42.8457 874.504 -53.9414 894 -87 c 24
 905.433 -106.386 902.289 -129.593 885 -144 c 24
 866.104 -159.747 844.001 -158 822 -147 c 24
 787.961 -129.98 779.131 -105.668 753 -78 c 24
 719.441 -42.4678 701.76 -21.2695 669 15 c 25
543 15 m 25
 576 -7 605 -9 627 -42 c 24
 635 -54 611 -60 597 -66 c 24
 535 -94 500 -110 435 -129 c 24
 393 -141 367 -138 324 -144 c 25
 365 -117 389 -104 429 -75 c 24
 475 -42 499 -20 543 15 c 25
453 56 m 25
 813 56 l 25
 813 6 l 25
 453 6 l 25
 453 56 l 25
456 262 m 25
 804 262 l 25
 804 212 l 25
 456 212 l 25
 456 262 l 25
450 167 m 25
 816 167 l 25
 816 117 l 25
 450 117 l 25
 450 167 l 25
441 354 m 25
 756 354 l 25
 772 367 778 392 798 387 c 24
 833 377 850 356 867 324 c 24
 874 311 854 306 846 294 c 25
 846 36 l 17
 838 7 832 -15 801 -18 c 1
 777 -16 766 8 756 36 c 9
 756 304 l 25
 441 304 l 25
 441 354 l 25
411 399 m 25
 454 379 490 383 522 348 c 24
 536 333 509 319 501 300 c 25
 501 36 l 17
 493 7 487 -15 456 -18 c 1
 432 -16 421 8 411 36 c 9
 411 399 l 25
336 438 m 25
 837 438 l 25
 837 438 860 474 885 483 c 1
 911 479 899 450 930 417 c 1
 938 399 921 388 903 388 c 9
 336 388 l 25
 336 438 l 25
438 553 m 25
 807 553 l 25
 807 503 l 25
 438 503 l 25
 438 553 l 25
573 414 m 9
 573 765 l 25
 616 745 652 749 684 714 c 24
 698 699 671 685 663 666 c 25
 663 414 l 17
 573 414 l 9
435 684 m 25
 753 684 l 25
 769 697 775 722 795 717 c 24
 830 707 847 686 864 654 c 24
 871 641 851 636 843 624 c 25
 843 531 l 17
 835 502 829 480 798 477 c 1
 774 479 763 503 753 531 c 9
 753 634 l 25
 435 634 l 25
 435 684 l 25
399 711 m 25
 442 691 478 695 510 660 c 24
 524 645 497 631 489 612 c 25
 489 519 l 17
 481 490 475 468 444 465 c 1
 420 467 409 491 399 519 c 9
 399 711 l 25
96 99 m 25
 174 96 l 25
 183 129 187 148 198 180 c 24
 227 264 243 311 276 393 c 24
 293 435 307 457 327 498 c 25
 314 418 309 373 294 294 c 24
 278 208 246 75 246 75 c 1
 246 75 262 30 270 0 c 24
 280 -36 297 -56 291 -93 c 24
 286 -124 275 -155 243 -159 c 24
 212 -163 191 -137 180 -108 c 24
 158 -50 162 51 162 51 c 1
 96 99 l 25
114 477 m 17
 162 471 196 474 231 441 c 24
 258 416 267 382 252 348 c 24
 242 325 210 329 189 342 c 24
 165 357 170 383 156 408 c 24
 141 436 130 450 114 477 c 17
195 717 m 17
 243 705 259 713 288 696 c 0
 297 691 329 681 345 666 c 0
 361 651 373 614 372 600 c 0
 369 567 338 545 309 555 c 24
 268 569 268 609 243 645 c 24
 224 673 214 689 195 717 c 17
EndSplineSet
EndChar
