Width: 1000
Flags: H
TeX: 117 0
LayerCount: 2
Fore
SplineSet
48 -93 m 25
 780 -93 l 25
 809 -65 818 -33 843 -24 c 1
 869 -28 911 -81 942 -114 c 1
 950 -132 933 -143 915 -143 c 9
 48 -143 l 25
 48 -93 l 25
159 66 m 25
 708 66 l 25
 737 94 746 126 771 135 c 1
 797 131 839 78 870 45 c 1
 878 27 861 16 843 16 c 9
 159 16 l 25
 159 66 l 25
468 -108 m 25
 468 201 l 25
 511 181 547 185 579 150 c 24
 593 135 566 121 558 102 c 25
 558 -108 l 25
 468 -108 l 25
708 336 m 25
 755.97 312.6 789.598 309.683 831 276 c 24
 861.21 251.422 885.905 230.935 885 192 c 24
 884.342 163.685 856.093 150.602 828 147 c 24
 802.051 143.673 783.52 155.938 768 177 c 24
 747.789 204.429 756.029 229.123 744 261 c 24
 732.545 291.355 722.04 306.75 708 336 c 25
432 357 m 25
 528 357 l 25
 513.96 317.22 505.774 294.873 492 255 c 24
 483.543 230.521 479.19 216.57 471 192 c 25
 384 192 l 25
 394.53 223.59 401.699 241.027 411 273 c 24
 420.433 305.424 423.81 324.24 432 357 c 25
111 228 m 17
 258 228 l 9
 795 249 l 25
 792 201 l 25
 561.51 179.94 431.543 167.469 201 147 c 24
 181.153 145.238 164.81 130.671 150 144 c 24
 123.153 168.162 126.21 195.24 111 228 c 17
105 393 m 25
 765 393 l 25
 794 421 803 453 828 462 c 1
 854 458 896 405 927 372 c 1
 935 354 918 343 900 343 c 9
 105 343 l 25
 105 393 l 25
954 453 m 24
 957.645 435.993 933.87 434.7 921 423 c 25
 615 423 l 17
 582.104 423 573.751 445.321 555 468 c 9
 555 636 l 25
 645 636 l 25
 645 540 l 17
 655.152 518.396 648.644 495 690 495 c 9
 843 495 l 25
 852.36 507.87 859.883 513.767 867 528 c 24
 875.273 544.546 876.15 555.45 882 573 c 25
 890.19 547.26 889.103 530.162 903 507 c 24
 917.904 482.16 947.931 481.325 954 453 c 24
339 636 m 25
 382.29 613.77 414.97 612.779 450 579 c 24
 460.142 569.221 434.303 563.411 423 555 c 24
 383.938 525.931 363.154 507.371 321 483 c 24
 287.883 463.854 267.858 454.238 231 444 c 24
 183 430.667 154.14 431.19 105 423 c 25
 144.78 447.57 169.595 457.946 207 486 c 24
 249.441 517.831 273.953 536.174 309 576 c 24
 326.283 595.641 327.3 612.6 339 636 c 25
465 651 m 25
 465 800 l 25
 508.29 780.11 543.953 784.251 576 749 c 24
 589.745 733.881 563.19 719.72 555 701 c 25
 555 651 l 25
 465 651 l 25
156 660 m 25
 801 660 l 25
 817.38 672.87 823.407 700.075 843 693 c 24
 878.828 680.062 895.038 656.441 909 621 c 24
 914.458 607.145 892.53 604.53 882 594 c 25
 780 537 l 25
 798 615 l 25
 162 615 l 25
 156 660 l 25
153 705 m 25
 171.72 655.86 199.383 631.561 201 579 c 24
 201.969 547.512 183.354 529.983 159 510 c 24
 134.967 490.28 114.822 478.944 84 483 c 24
 61.8379 485.916 39.1182 503.435 45 525 c 24
 53.9492 557.812 93.502 552.836 111 582 c 24
 137.079 625.466 136.62 657.03 153 705 c 25
EndSplineSet
EndChar
