Width: 1000
Flags: H
TeX: 117 0
LayerCount: 2
Fore
SplineSet
237 123 m 1
 744 123 l 1
 744 73 l 1
 237 73 l 1
 237 123 l 1
246 0 m 1
 735 0 l 1
 735 -50 l 1
 246 -50 l 1
 246 0 l 1
555 -12 m 25
 634.56 -29.5498 681.395 -32.1982 759 -57 c 24
 795.912 -68.7969 820.591 -75.7411 846 -105 c 24
 863.154 -124.753 869.7 -147.6 858 -171 c 24
 848.072 -190.855 825.834 -193.01 804 -189 c 24
 764.37 -181.721 744.812 -165.915 711 -144 c 24
 681.075 -124.604 669.223 -107.035 642 -84 c 24
 608.379 -55.5508 588.93 -40.0801 555 -12 c 25
327 -33 m 25
 358.59 -55.2305 385.43 -58.6523 408 -90 c 24
 415.395 -100.271 391.53 -100.98 381 -108 c 25
 350.58 -118.53 333.356 -124.286 303 -135 c 24
 253.795 -152.366 228.167 -169.767 177 -180 c 24
 127.613 -189.877 98.3096 -183.66 48 -186 c 25
 100.65 -157.92 130.681 -142.691 183 -114 c 24
 239.497 -83.0176 270.84 -64.5898 327 -33 c 25
240 61 m 1
 747 61 l 1
 747 11 l 1
 240 11 l 1
 240 61 l 1
234 189 m 25
 684 189 l 25
 700.38 201.87 705.891 227.435 726 222 c 24
 761.178 212.492 778.287 191.381 795 159 c 24
 801.55 146.309 782.19 140.7 774 129 c 25
 774 -1 l 17
 766 -30 760 -52 729 -55 c 1
 705 -53 694 -29 684 -1 c 9
 684 139 l 25
 234 139 l 25
 234 189 l 25
222 207 m 25
 265.29 187.11 300.953 191.251 333 156 c 24
 346.745 140.881 320.19 126.72 312 108 c 25
 312 -16 l 17
 304 -45 298 -67 267 -70 c 1
 243 -68 232 -44 222 -16 c 9
 222 207 l 25
501 293 m 9
 501 372 l 25
 591 372 l 25
 591 341 l 17
 585 317 598 314 624 314 c 9
 657 314 l 25
 705 356 l 25
 708.51 338.84 707.183 328.134 714 312 c 24
 719.192 299.712 737.41 298.12 735 285 c 24
 732.379 270.729 716.7 271.58 705 263 c 25
 549 263 l 17
 523.26 264.705 510 263 501 293 c 9
342 366 m 25
 441 366 l 25
 419.94 334.41 415.221 310.398 387 285 c 24
 366.328 266.396 347.818 265.362 321 258 c 24
 287.798 248.886 267.93 248.85 234 243 c 25
 263.25 266.4 284.285 274.853 309 303 c 24
 327.301 323.843 329.13 341.43 342 366 c 25
198 253 m 1
 765 253 l 1
 765 203 l 1
 198 203 l 1
 198 253 l 1
195 381 m 25
 717 381 l 25
 733.38 393.87 738.891 419.435 759 414 c 24
 794.178 404.492 811.287 383.381 828 351 c 24
 834.55 338.309 815.19 332.7 807 321 c 25
 807 216 l 17
 799 187 793 165 762 162 c 1
 738 164 727 188 717 216 c 9
 717 331 l 25
 195 331 l 25
 195 381 l 25
177 408 m 25
 220.29 388.11 255.953 392.251 288 357 c 24
 301.745 341.881 275.19 327.72 267 309 c 25
 267 234 l 17
 259 205 253 183 222 180 c 1
 198 182 187 206 177 234 c 9
 177 408 l 25
57 456 m 25
 774 456 l 25
 803 484 812 516 837 525 c 1
 863 521 905 468 936 435 c 1
 944 417 927 406 909 406 c 9
 57 406 l 25
 57 456 l 25
441 447 m 25
 441 612 l 25
 484 592 520 596 552 561 c 24
 566 546 539 532 531 513 c 25
 531 447 l 25
 441 447 l 25
258 543 m 25
 630 543 l 25
 659 571 668 603 693 612 c 1
 719 608 761 555 792 522 c 1
 800 504 783 493 765 493 c 9
 258 493 l 25
 258 543 l 25
539 594 m 9
 539 702 l 25
 629 702 l 25
 629 662 l 17
 636.285 649.075 647.99 640.756 666 639 c 9
 741 639 l 25
 774 720 l 25
 782.19 687.24 780.544 666.518 795 636 c 24
 802.446 620.281 830.25 623.247 828 606 c 24
 825.109 583.835 802.38 582.21 786 567 c 25
 588 567 l 17
 552 570 548.898 570.725 539 594 c 9
333 699 m 25
 444 699 l 25
 428.79 675.6 424.734 658.734 405 639 c 24
 366.755 600.755 345.926 575.057 297 552 c 24
 241.55 525.868 203.67 530.04 144 516 c 25
 181.44 544.08 206.378 555.445 240 588 c 24
 280.573 627.285 296.73 655.71 333 699 c 25
822 673 m 25
 177 673 l 25
 177 723 l 25
 820 723 l 25
 835.99 733.53 843.473 757.706 861 750 c 24
 899.632 733.016 917.127 709.746 936 672 c 24
 941.92 660.16 921.36 657.36 912 648 c 25
 802 578 l 25
 822 673 l 25
192 762 m 25
 203.7 740.94 219.649 731.977 222 708 c 24
 225.811 669.136 224.151 644.082 207 609 c 24
 196.307 587.128 180.271 571.084 156 573 c 24
 125.899 575.376 96.2454 587.98 93 618 c 24
 89.5039 650.341 125.571 657.194 144 684 c 24
 164.235 713.434 173.28 731.58 192 762 c 25
447 687 m 25
 447 798 l 25
 490 778 526 782 558 747 c 24
 572 732 545 718 537 699 c 25
 537 687 l 25
 447 687 l 25
EndSplineSet
EndChar
