Width: 1000
Flags: H
TeX: 117 0
LayerCount: 2
Fore
SplineSet
585 23 m 25
 774 23 l 25
 774 -27 l 25
 585 -27 l 25
 585 23 l 25
585 174 m 25
 708 174 l 25
 724 187 730 212 750 207 c 24
 785 197 802 176 819 144 c 24
 826 131 806 126 798 114 c 25
 798 3 l 17
 790 -26 784 -48 753 -51 c 1
 729 -49 718 -25 708 3 c 9
 708 124 l 25
 585 124 l 25
 585 174 l 25
555 210 m 25
 598 190 634 194 666 159 c 24
 680 144 653 130 645 111 c 25
 645 -27 l 17
 637 -56 631 -78 600 -81 c 1
 576 -79 565 -55 555 -27 c 9
 555 210 l 25
867 -177 m 24
 847.671 -181.832 848.509 -151.655 834 -138 c 24
 808.583 -114.078 791.91 -103.23 765 -81 c 25
 852 -81 l 25
 852 226 l 25
 458 226 l 25
 458 276 l 25
 852 276 l 25
 868.38 288.87 873.891 314.435 894 309 c 24
 929.178 299.492 946.287 278.381 963 246 c 24
 969.55 233.309 950.19 227.7 942 216 c 25
 942 -111 l 25
 912.75 -136.74 904.8 -167.55 867 -177 c 24
426 309 m 25
 469.29 289.11 504.953 293.251 537 258 c 24
 550.745 242.881 524.19 228.72 516 210 c 25
 516 -102 l 17
 508 -131 502 -153 471 -156 c 1
 447 -154 436 -130 426 -102 c 9
 426 309 l 25
522 395 m 25
 804 395 l 25
 804 345 l 25
 522 345 l 25
 522 395 l 25
513 522 m 25
 765 522 l 25
 781 535 787 560 807 555 c 24
 842 545 859 524 876 492 c 24
 883 479 863 474 855 462 c 25
 855 369 l 17
 847 340 841 318 810 315 c 1
 786 317 775 341 765 369 c 9
 765 472 l 25
 513 472 l 25
 513 522 l 25
486 552 m 25
 529 532 565 536 597 501 c 24
 611 486 584 472 576 453 c 25
 576 354 l 17
 568 325 562 303 531 300 c 1
 507 302 496 326 486 354 c 9
 486 552 l 25
624 630 m 25
 624 780 l 25
 667 760 703 764 735 729 c 24
 749 714 722 700 714 681 c 25
 714 630 l 25
 624 630 l 25
420 645 m 25
 801 645 l 25
 830 673 839 705 864 714 c 1
 890 710 932 657 963 624 c 1
 971 606 954 595 936 595 c 9
 420 595 l 25
 420 645 l 25
297 411 m 25
 353.16 378.24 398.839 376.493 441 327 c 24
 460.784 303.774 455.215 271.852 435 249 c 24
 418.721 230.597 394.247 238.572 372 249 c 24
 352.294 258.237 352.399 276.85 339 294 c 24
 323.137 314.305 313.38 325.11 297 345 c 25
 297 411 l 25
51 72 m 9
 84.9297 146.88 104.939 188.732 138 264 c 24
 159.935 313.936 172.638 342.013 192 393 c 24
 207.762 434.506 213.96 458.88 228 501 c 25
 261 501 l 25
 261 306 l 25
 230.58 259.2 220.281 227.542 183 186 c 24
 137.568 135.376 108 105 51 72 c 9
327 690 m 25
 327 -129 l 17
 319 -158 313 -180 282 -183 c 1
 258 -181 247 -157 237 -129 c 9
 237 690 l 25
 327 690 l 25
48 516 m 25
 390 516 l 25
 390 516 413 552 438 561 c 1
 464 557 452 528 483 495 c 1
 491 477 474 466 456 466 c 9
 48 466 l 25
 48 516 l 25
411 783 m 25
 436.74 745.56 461.568 729.733 477 687 c 24
 480.914 676.162 461.475 676.053 450 675 c 24
 333.279 664.292 267.183 659.547 150 657 c 24
 105.412 656.03 80.46 662.49 36 666 c 25
 76.9502 678.87 99.6338 687.537 141 699 c 24
 196.786 714.459 229.725 717.803 285 735 c 24
 335.211 750.621 361.86 764.28 411 783 c 25
EndSplineSet
EndChar
