Width: 1000
Flags: H
TeX: 117 0
LayerCount: 2
Fore
SplineSet
540 150 m 25
 552 177 l 25
 588.27 153.6 607.285 137.992 645 117 c 24
 731.42 68.8984 780.6 42.3056 870 0 c 24
 911.838 -19.7979 937.71 -25.6201 981 -42 c 25
 962.28 -59.5498 945.731 -64.7209 933 -87 c 24
 921.16 -107.72 925.68 -123.6 921 -147 c 25
 842.61 -101.37 794.12 -82.2812 720 -30 c 24
 662.436 10.6035 634.811 40.1895 585 90 c 24
 564.317 110.683 557.55 126.6 540 150 c 25
744 175 m 25
 561 175 l 25
 561 225 l 25
 771 225 l 25
 787.38 235.53 795.887 261.29 813 252 c 24
 848.989 232.463 863.722 207.066 876 168 c 24
 880.282 154.375 857.7 155.19 846 147 c 25
 805.05 104.88 785.02 77.9011 741 39 c 24
 684.176 -11.2168 652.432 -41.0079 588 -81 c 24
 549.603 -104.833 523.95 -112.477 480 -123 c 24
 440.029 -132.57 415.95 -128.49 375 -132 c 25
 447.54 -88.71 493.497 -71.788 561 -21 c 24
 617.197 21.2812 642.005 53.596 690 105 c 24
 713.53 130.202 722.94 147.7 744 175 c 25
552 291 m 25
 587.1 271.11 617.075 271.723 642 240 c 24
 651.832 227.486 627.36 219.87 618 207 c 25
 593.43 170.73 583.761 147.045 555 114 c 24
 528.336 83.3643 510.215 68.3733 477 45 c 24
 446.606 23.6123 425.76 17.5498 393 0 c 25
 425.76 49.1396 446.088 75.6778 477 126 c 24
 496.453 157.667 506.621 176.166 522 210 c 24
 535.939 240.668 540.3 259.41 552 291 c 25
681 333 m 9
 681 480 l 25
 771 480 l 25
 771 378 l 17
 773.057 362.012 783.057 354.012 801 354 c 9
 894 354 l 25
 902.19 364.53 909.705 368.756 915 381 c 24
 928.658 412.584 931.47 432.24 942 465 c 25
 956.04 419.37 961.363 392.748 978 348 c 24
 984.086 331.632 1005.29 325.641 1000 309 c 24
 993.996 290.13 973.77 292.53 957 282 c 25
 756 282 l 17
 701.308 291.74 688.449 311.709 681 333 c 9
558 486 m 25
 586.08 466.11 610.464 463.327 630 435 c 24
 638.402 422.816 622.68 413.04 618 399 c 25
 602.79 374.43 597.223 358.428 579 336 c 24
 551.345 301.963 533.665 284.263 501 255 c 24
 477.294 233.764 460.74 225.72 435 207 c 25
 459.57 258.48 474.989 286.805 498 339 c 24
 522.979 395.66 534.6 428.67 558 486 c 25
630 714 m 1
 720 714 l 1
 720 471 l 1
 630 471 l 1
 630 714 l 1
495 506 m 1
 846 506 l 1
 846 456 l 1
 495 456 l 1
 495 506 l 1
495 614 m 1
 837 614 l 1
 837 564 l 1
 495 564 l 1
 495 614 l 1
507 726 m 25
 798 726 l 25
 814 739 820 764 840 759 c 24
 875 749 892 728 909 696 c 24
 916 683 896 678 888 666 c 25
 888 495 l 17
 880 466 874 444 843 441 c 1
 819 443 808 467 798 495 c 9
 798 676 l 25
 507 676 l 25
 507 726 l 25
456 762 m 25
 499.29 742.11 534.953 746.251 567 711 c 24
 580.745 695.881 554.19 681.72 546 663 c 25
 546 456 l 17
 538 427 532 405 501 402 c 1
 477 404 466 428 456 456 c 9
 456 762 l 25
270 414 m 25
 312.12 398.79 341.28 400.635 378 375 c 24
 406.216 355.303 424.409 337.104 429 303 c 24
 433.641 268.524 428.829 236.897 399 219 c 24
 379.086 207.052 368.326 239.722 354 258 c 24
 333.946 283.586 333.407 305.535 312 330 c 24
 299.577 344.198 286.38 344.64 270 354 c 25
 270 414 l 25
240 381 m 25
 242.34 341.22 258.179 316.942 246 279 c 24
 226.438 218.054 205.372 185.074 162 138 c 24
 107.766 79.1357 63.1797 61.1396 0 12 c 25
 49.1396 90.3896 80.8173 132.264 126 213 c 24
 152.34 260.065 161.412 289.574 183 339 c 24
 205.875 391.373 217.77 421.35 240 474 c 25
 240 381 l 25
294 678 m 25
 294 -84 l 17
 286 -113 280 -135 249 -138 c 1
 225 -136 214 -112 204 -84 c 9
 204 678 l 25
 294 678 l 25
24 504 m 25
 342 504 l 25
 342 504 365 540 390 549 c 1
 416 545 404 516 435 483 c 1
 443 465 426 454 408 454 c 9
 24 454 l 25
 24 504 l 25
24 624 m 25
 104.73 660.27 149.432 682.656 231 717 c 24
 282.871 738.841 366 768 366 768 c 1
 366 768 411.736 715.753 414 675 c 24
 414.965 657.634 388.38 665.85 372 660 c 25
 324.03 652.98 297.224 646.989 249 642 c 24
 161.437 632.941 111.75 631.02 24 624 c 25
EndSplineSet
EndChar
