Width: 1000
Flags: HW
TeX: 117 0
LayerCount: 2
Fore
SplineSet
818 69 m 25
 861.29 49.1104 896.953 53.2512 929 18 c 24
 942.745 2.88086 916.19 -11.2803 908 -30 c 25
 908 -115 l 17
 900 -144 894 -166 863 -169 c 1
 839 -167 828 -143 818 -115 c 9
 818 69 l 25
336 -90 m 1
 861 -90 l 1
 861 -140 l 1
 336 -140 l 1
 336 -90 l 1
291 63 m 25
 334.29 43.1104 369.953 47.2512 402 12 c 24
 415.745 -3.11914 389.19 -17.2803 381 -36 c 25
 381 -115 l 17
 373 -144 367 -166 336 -169 c 1
 312 -167 301 -143 291 -115 c 9
 291 63 l 25
750 252 m 25
 793 232 829 236 861 201 c 24
 875 186 848 172 840 153 c 25
 840 87 l 17
 832 58 826 36 795 33 c 1
 771 35 760 59 750 87 c 9
 750 252 l 25
366 146 m 1
 774 146 l 1
 774 96 l 1
 366 96 l 1
 366 146 l 1
333 261 m 25
 376 241 412 245 444 210 c 24
 458 195 431 181 423 162 c 25
 423 96 l 17
 415 67 409 45 378 42 c 1
 354 44 343 68 333 96 c 9
 333 261 l 25
540 -103 m 25
 540 303 l 25
 583.29 283.11 618.953 287.251 651 252 c 24
 664.745 236.881 638.19 222.72 630 204 c 25
 630 -103 l 25
 540 -103 l 25
240 349 m 1
 774 349 l 1
 774 299 l 1
 240 299 l 1
 240 349 l 1
234 456 m 25
 720 456 l 25
 736 469 742 494 762 489 c 24
 797 479 814 458 831 426 c 24
 838 413 818 408 810 396 c 25
 810 324 l 17
 802 295 796 273 765 270 c 1
 741 272 730 296 720 324 c 9
 720 406 l 25
 234 406 l 25
 234 456 l 25
213 270 m 9
 213 489 l 25
 256.29 469.11 291.953 473.251 324 438 c 24
 337.745 422.881 311.19 408.72 303 390 c 25
 303 216 l 17
 288 162 279.316 131.955 252 84 c 24
 226.044 38.4326 206.685 14.4062 168 -21 c 24
 136.619 -49.7217 111.27 -55.7695 75 -78 c 25
 103.08 -31.2002 123.559 -7.2871 147 42 c 24
 169.411 89.1221 177.491 117.878 192 168 c 24
 203.293 207.013 213 228 213 270 c 9
765 642 m 25
 770.85 610.41 768.467 590.985 780 561 c 24
 786.561 543.942 810 543.276 810 525 c 24
 810 505.811 791.7 501.21 780 486 c 25
 594 486 l 17
 561 492 555 492 534 516 c 9
 534 645 l 25
 624 645 l 25
 624 576 l 17
 624 563 629 552 648 552 c 9
 726 552 l 25
 765 642 l 25
366 639 m 25
 468 639 l 25
 455 613 454 595 435 573 c 24
 411 545 393 530 360 513 c 24
 325 495 301 495 264 483 c 25
 293 519 314 537 339 576 c 24
 354 598 355 614 366 639 c 25
840 616 m 25
 192 616 l 25
 192 666 l 25
 840 666 l 25
 865 679 878 711 903 699 c 24
 941 681 949 649 960 609 c 24
 963 597 944 598 933 591 c 25
 825 519 l 25
 840 616 l 25
204 708 m 25
 216 668 234 647 234 606 c 24
 234 574 226 554 204 531 c 24
 188 514 170 508 147 513 c 24
 126 518 106 531 108 552 c 24
 112 587 140 597 159 627 c 24
 178 658 186 676 204 708 c 25
468 651 m 25
 468 774 l 25
 511 754 547 758 579 723 c 24
 593 708 566 694 558 675 c 25
 558 651 l 25
 468 651 l 25
EndSplineSet
EndChar
