Width: 1000
Flags: H
TeX: 117 0
LayerCount: 2
Fore
SplineSet
540 288 m 25
 577 273 604 273 636 249 c 24
 644 243 629 234 624 225 c 25
 608 192 600 173 582 141 c 24
 566 112 555 97 537 69 c 25
 483 69 l 25
 501 129 512 162 528 222 c 24
 535 247 535 262 540 288 c 25
645 609 m 1
 735 609 l 1
 735 294 l 1
 645 294 l 1
 645 609 l 1
504 491 m 1
 894 491 l 1
 894 441 l 1
 504 441 l 1
 504 491 l 1
654 279 m 25
 697.29 259.11 732.953 263.251 765 228 c 24
 778.745 212.881 752.19 198.72 744 180 c 25
 744 -126 l 17
 736 -155 730 -177 699 -180 c 1
 675 -178 664 -154 654 -126 c 9
 654 279 l 25
372 102 m 25
 813 102 l 25
 842 130 851 162 876 171 c 1
 902 167 944 114 975 81 c 1
 983 63 966 52 948 52 c 9
 372 52 l 25
 372 102 l 25
492 331 m 1
 888 331 l 1
 888 281 l 1
 492 281 l 1
 492 331 l 1
498 639 m 25
 816 639 l 25
 832 652 838 677 858 672 c 24
 893 662 910 641 927 609 c 24
 934 596 914 591 906 579 c 25
 906 294 l 17
 898 265 892 243 861 240 c 1
 837 242 826 266 816 294 c 9
 816 589 l 25
 498 589 l 25
 498 639 l 25
477 672 m 25
 520 652 556 656 588 621 c 24
 602 606 575 592 567 573 c 25
 567 294 l 17
 559 265 553 243 522 240 c 1
 498 242 487 266 477 294 c 9
 477 672 l 25
600 792 m 25
 639.78 777.96 667.598 780.414 702 756 c 24
 711.962 748.931 696.51 737.7 693 726 c 25
 645 621 l 25
 579 621 l 25
 584.85 654.93 589.803 673.826 594 708 c 24
 598.003 740.599 597.66 759.24 600 792 c 25
288 366 m 25
 327 353 354 356 387 333 c 24
 418 311 433 291 447 255 c 24
 454 236 454 216 438 204 c 24
 419 190 399 194 378 204 c 24
 358 214 358 233 342 249 c 24
 320 272 311 282 288 303 c 25
 288 366 l 25
252 282 m 25
 227 239 219 210 189 171 c 24
 155 127 131 104 87 69 c 24
 61 48 41 45 12 30 c 25
 42 76 62 100 90 147 c 24
 129 214 151 253 183 324 c 24
 203 369 207 397 222 444 c 25
 252 444 l 25
 252 282 l 25
48 474 m 25
 390 474 l 25
 390 474 413 510 438 519 c 1
 464 515 452 486 483 453 c 1
 491 435 474 424 456 424 c 9
 48 424 l 25
 48 474 l 25
306 651 m 25
 306 -120 l 17
 298 -149 292 -171 261 -174 c 1
 237 -172 226 -148 216 -120 c 9
 216 651 l 25
 306 651 l 25
402 756 m 25
 417 716 441 697 441 654 c 24
 441 639 417 650 402 648 c 24
 345 640 313 631 255 627 c 24
 163 621 110 623 18 621 c 25
 93 647 135 661 210 687 c 24
 285 713 327 729 402 756 c 25
EndSplineSet
EndChar
