Width: 1000
Flags: H
TeX: 117 0
LayerCount: 2
Fore
SplineSet
411 -90 m 25
 813 -90 l 25
 842 -62 851 -30 876 -21 c 1
 902 -25 944 -78 975 -111 c 1
 983 -129 966 -140 948 -140 c 9
 411 -140 l 25
 411 -90 l 25
765 498 m 25
 805.95 479.28 838.162 481.838 870 450 c 24
 881.846 438.154 859.02 426.21 852 411 c 25
 834.45 339.63 822.09 299.931 807 228 c 24
 786.975 132.546 782.436 77.3671 762 -18 c 24
 754.321 -53.832 745.53 -72.9004 735 -108 c 25
 693 -108 l 25
 765 498 l 25
558 405 m 25
 588.42 328.95 615.513 289.305 636 210 c 24
 652.162 147.438 655.604 109.451 651 45 c 24
 648.414 8.80371 648.354 -22.1123 618 -42 c 24
 597.848 -55.2031 573.029 -34.3359 564 -12 c 24
 547.77 28.1494 560.445 55.6973 561 99 c 24
 561.615 147.023 567.471 173.976 567 222 c 24
 566.3 293.453 561.51 333.63 558 405 c 25
78 -33 m 25
 177.45 -20.1299 233.564 -12.97 333 0 c 24
 395.023 8.08984 429.99 12.8096 492 21 c 25
 439.35 -4.74023 411.17 -22.6362 357 -45 c 24
 283.453 -75.3633 239.011 -84.7852 165 -114 c 24
 149.881 -119.968 140.897 -146.076 129 -135 c 24
 96.4492 -104.693 97.8896 -72.7803 78 -33 c 25
345 -36 m 25
 297 -36 l 25
 308.7 120.78 316.365 209.145 327 366 c 24
 330.406 416.249 330.66 444.69 333 495 c 25
 376.29 473.94 408.379 473.383 444 441 c 24
 454.951 431.045 436.68 419.04 432 405 c 25
 345 -36 l 25
147 447 m 25
 182.1 368.61 217.19 329.573 237 246 c 24
 255.358 168.552 253.582 120.888 243 42 c 24
 240.028 19.8457 226.333 0.930542 204 0 c 24
 184.093 -0.829102 175.201 19.5234 171 39 c 24
 161.626 82.4609 172.587 108.568 171 153 c 24
 169.075 206.9 166.388 237.244 162 291 c 24
 157.027 351.918 152.85 386.16 147 447 c 25
657 507 m 25
 657 789 l 25
 700 769 736 773 768 738 c 24
 782 723 755 709 747 690 c 25
 747 507 l 25
 657 507 l 25
528 528 m 25
 813 528 l 25
 813 528 836 564 861 573 c 1
 887 569 875 540 906 507 c 1
 914 489 897 478 879 478 c 9
 528 478 l 25
 528 528 l 25
60 528 m 25
 411 528 l 25
 411 528 434 564 459 573 c 1
 485 569 473 540 504 507 c 1
 512 489 495 478 477 478 c 9
 60 478 l 25
 60 528 l 25
222 504 m 25
 222 783 l 25
 265 763 301 767 333 732 c 24
 347 717 320 703 312 684 c 25
 312 504 l 25
 222 504 l 25
EndSplineSet
EndChar
