Width: 1000
Flags: H
TeX: 117 0
LayerCount: 2
Fore
SplineSet
786 117 m 1
 833 90 856 75 884 33 c 24
 910 -4 922 -33 919 -78 c 24
 917 -106 901 -128 874 -133 c 24
 851 -137 836 -118 828 -96 c 24
 815 -61 831 -37 824 0 c 24
 815 47 806 70 786 117 c 1
523 161 m 1
 567 144 589 133 620 102 c 24
 643 79 655 60 657 27 c 24
 658 -1 652 -26 627 -37 c 24
 604 -47 581 -34 567 -13 c 24
 546 18 553 44 546 81 c 0
 540 115 536 127 523 161 c 1
736 -192 m 26
 384 -192 l 17
 356 -187 332 -169 327 -144 c 9
 327 111 l 25
 327 111 406 95 438 60 c 24
 452 45 425 31 417 12 c 25
 417 -76 l 17
 417 -97 437 -111 453 -112 c 9
 690 -112 l 25
 723 24 l 25
 736 -27 739 -57 757 -107 c 24
 765 -128 792 -134 789 -156 c 0
 786 -181 761 -192 736 -192 c 26
231 74 m 1
 249 18 249 -23 231 -81 c 24
 218 -124 199 -157 156 -169 c 24
 128 -177 103 -145 104 -116 c 24
 106 -77 140 -61 162 -33 c 0
 193 7 204 26 231 74 c 1
686 389 m 1
 734 359 760 341 794 297 c 24
 821 262 834 236 837 192 c 24
 839 165 830 142 806 131 c 24
 783 120 756 126 742 148 c 24
 718 187 733 219 723 264 c 24
 711 314 704 338 686 389 c 1
153 240 m 25
 759 273 l 25
 798 219 l 25
 798 219 409 165 226 142 c 0
 226 142 202 128 195 138 c 24
 169 173 153 240 153 240 c 25
423 483 m 25
 423 483 490 456 519 423 c 24
 528 413 509 404 501 393 c 24
 475 354 459 332 432 294 c 24
 406 257 363 201 363 201 c 25
 282 204 l 25
 423 483 l 25
833 373 m 26
 594 373 l 17
 566 378 542 396 537 421 c 9
 537 633 l 25
 627 633 l 25
 627 489 l 17
 627 468 647 454 663 453 c 9
 801 453 l 25
 855 534 l 25
 854 500 851 476 852 448 c 0
 853 430 883 429 879 412 c 24
 873 389 857 373 833 373 c 26
336 627 m 25
 336 627 409 601 438 564 c 24
 448 552 418 549 408 537 c 24
 373 495 362 467 323 426 c 0
 288 390 275 378 237 360 c 24
 190 338 159 330 108 327 c 1
 146 358 170 381 204 420 c 24
 239 460 257 484 285 528 c 24
 308 565 336 627 336 627 c 25
441 624 m 25
 441 786 l 25
 441 786 520 770 552 735 c 24
 566 720 539 706 531 687 c 25
 531 624 l 25
 441 624 l 25
762 601 m 25
 159 601 l 25
 159 651 l 25
 768 651 l 17
 788 664 783 694 801 687 c 24
 852 667 890 647 909 597 c 8
 914 585 893 584 882 576 c 25
 762 486 l 25
 762 601 l 25
150 705 m 1
 176 668 191 644 198 600 c 24
 204 559 204 531 183 495 c 24
 166 466 144 448 110 449 c 24
 87 449 74 474 75 497 c 24
 76 529 100 542 114 570 c 0
 139 621 141 635 150 705 c 1
EndSplineSet
EndChar
