Width: 1000
Flags: HW
TeX: 117 0
LayerCount: 2
Fore
SplineSet
540 -90 m 9
 540 156 l 25
 630 156 l 25
 630 -18 l 17
 636.074 -32.293 634.503 -51 663 -51 c 9
 849 -51 l 25
 864.21 -31.1104 875.235 -21.5408 888 0 c 24
 912.809 41.8652 922.77 67.71 945 111 c 25
 937.98 51.3301 924.23 18.0176 927 -42 c 24
 927.897 -61.4521 957.546 -64.8525 954 -84 c 24
 949.93 -105.979 928.38 -107.79 912 -123 c 25
 606 -123 l 17
 586.412 -123 552.794 -114.475 540 -90 c 9
363 75 m 9
 363 162 l 25
 453 162 l 25
 453 54 l 17
 447 0 404.69 -35.8389 357 -78 c 24
 321.308 -109.555 292.072 -116.876 246 -129 c 24
 179.753 -146.434 139.86 -143.64 72 -153 c 25
 131.67 -124.92 167.697 -113.641 225 -81 c 24
 260.582 -60.7314 281.867 -48.6719 309 -18 c 24
 336.789 13.4131 357 36 363 75 c 9
258 184 m 1
 750 184 l 1
 750 134 l 1
 258 134 l 1
 258 184 l 1
267 297 m 1
 741 297 l 1
 741 247 l 1
 267 247 l 1
 267 297 l 1
252 411 m 25
 690 411 l 25
 706.38 423.87 711.891 449.435 732 444 c 24
 767.178 434.492 784.287 413.381 801 381 c 24
 807.55 368.309 788.19 362.7 780 351 c 25
 780 153 l 17
 772 124 766 102 735 99 c 1
 711 101 700 125 690 153 c 9
 690 361 l 25
 252 361 l 25
 252 411 l 25
213 444 m 25
 256.29 424.11 291.953 428.251 324 393 c 24
 337.745 377.881 311.19 363.72 303 345 c 25
 303 153 l 17
 295 124 289 102 258 99 c 1
 234 101 223 125 213 153 c 9
 213 444 l 25
84 528 m 25
 783 528 l 25
 812 556 821 588 846 597 c 1
 872 593 914 540 945 507 c 1
 953 489 936 478 918 478 c 9
 84 478 l 25
 84 528 l 25
564 669 m 25
 672 669 l 25
 654.45 630.39 645.967 607.934 627 570 c 24
 610.839 537.678 599.55 520.59 582 489 c 25
 546 489 l 25
 564 669 l 25
342 678 m 25
 380.61 649.92 413.105 644.743 441 606 c 24
 458.893 581.149 459.221 557.2 450 528 c 24
 443.232 506.568 427.462 492.775 405 492 c 24
 384.181 491.282 370.841 505.7 363 525 c 24
 353.742 547.789 369.345 563.631 366 588 c 24
 361.061 623.989 351.36 642.9 342 678 c 25
444 678 m 25
 444 795 l 25
 487 775 523 779 555 744 c 24
 569 729 542 715 534 696 c 25
 534 678 l 25
 444 678 l 25
153 702 m 25
 762 702 l 25
 791 730 800 762 825 771 c 1
 851 767 893 714 924 681 c 1
 932 663 915 652 897 652 c 9
 153 652 l 25
 153 702 l 25
EndSplineSet
EndChar
