Width: 1000
Flags: H
TeX: 117 0
LayerCount: 2
Fore
SplineSet
324 -84 m 1
 774 -84 l 1
 774 -134 l 1
 324 -134 l 1
 324 -84 l 1
312 83 m 25
 738 83 l 25
 754.38 95.8701 759.891 121.435 780 116 c 24
 815.178 106.492 832.287 85.3809 849 53 c 24
 855.55 40.3086 836.19 34.7002 828 23 c 25
 828 -112 l 17
 820 -141 814 -163 783 -166 c 1
 759 -164 748 -140 738 -112 c 9
 738 33 l 25
 312 33 l 25
 312 83 l 25
288 116 m 25
 331 96 367 100 399 65 c 24
 413 50 386 36 378 17 c 25
 378 -118 l 17
 370 -147 364 -169 333 -172 c 1
 309 -170 298 -146 288 -118 c 9
 288 116 l 25
243 0 m 24
 197.143 -37.3262 160.65 -42.0898 108 -69 c 25
 144.27 -25.71 165.788 -2.15502 201 42 c 24
 239.518 90.2998 264.761 115.302 297 168 c 24
 325.955 215.331 338.383 244.731 357 297 c 24
 369.01 330.721 367.98 351.9 375 387 c 25
 477 387 l 25
 458.28 332.01 452.891 298.948 429 246 c 24
 409.358 202.471 394.802 179.093 366 141 c 24
 321.989 82.793 299.595 46.0655 243 0 c 24
186 199 m 1
 741 199 l 1
 741 149 l 1
 186 149 l 1
 186 199 l 1
111 315 m 25
 813 315 l 25
 842 343 851 375 876 384 c 1
 902 380 944 327 975 294 c 1
 983 276 966 265 948 265 c 9
 111 265 l 25
 111 315 l 25
141 423 m 25
 681 423 l 25
 697.38 435.87 702.891 461.435 723 456 c 24
 758.178 446.492 775.287 425.381 792 393 c 24
 798.55 380.309 779.19 374.7 771 363 c 25
 771 177 l 17
 763 148 757 126 726 123 c 1
 702 125 691 149 681 177 c 9
 681 373 l 25
 141 373 l 25
 141 423 l 25
507 489 m 9
 507 657 l 25
 597 657 l 25
 597 561 l 17
 597 540.09 611.484 536.553 624 531 c 9
 717 531 l 25
 726.36 545.04 731.64 552.96 741 567 c 24
 755.04 588.06 762.96 599.94 777 621 c 25
 782.85 587.07 779.341 566.02 792 534 c 24
 799.932 513.938 827.202 513.559 828 492 c 24
 828.737 472.089 807.87 468.21 795 453 c 25
 531 453 l 17
 523.33 459.812 510 471 507 489 c 9
285 426 m 24
 247.59 411.263 222.78 416.85 183 411 c 25
 222.78 443.76 249.344 457.794 285 495 c 24
 303.881 514.702 313.248 528.836 321 555 c 24
 332.379 593.404 328.32 617.22 333 657 c 25
 417 657 l 25
 417 573 l 25
 402.96 540.24 404.813 515.52 381 489 c 24
 351.08 455.68 326.666 442.414 285 426 c 24
441 651 m 25
 441 795 l 25
 484 775 520 779 552 744 c 24
 566 729 539 715 531 696 c 25
 531 651 l 25
 441 651 l 25
846 631 m 25
 153 631 l 25
 153 681 l 25
 861 681 l 25
 878.55 686.85 890.261 705.721 906 696 c 24
 938.056 676.201 953.086 654.349 963 618 c 24
 966.758 604.222 944.7 605.19 933 597 c 25
 816 528 l 25
 846 631 l 25
150 723 m 25
 168.72 690.24 187.096 675.121 198 639 c 24
 206.453 610.998 205.094 592.377 198 564 c 24
 190.639 534.554 181.054 518.627 162 495 c 24
 150.789 481.098 138.612 462.327 123 471 c 24
 95.4609 486.299 81 508.585 81 540 c 24
 81 563.624 105.642 568.833 114 591 c 24
 132.826 640.929 135.96 671.52 150 723 c 25
EndSplineSet
EndChar
