Width: 1000
Flags: H
TeX: 117 0
LayerCount: 2
Fore
SplineSet
669 -102 m 9
 669 117 l 25
 759 117 l 25
 759 -39 l 17
 759 -60.5713 774.667 -66.7861 792 -69 c 9
 885 -69 l 25
 895.53 -46.7695 902.569 -34.7188 912 -12 c 24
 928.327 27.335 935.79 50.2197 951 90 c 25
 948.66 22.1396 940.021 -16.2822 945 -84 c 24
 946.047 -98.2432 967.495 -99.7969 966 -114 c 24
 964.441 -128.81 949.53 -130.47 939 -141 c 25
 729 -141 l 17
 710.336 -137.903 693 -128.838 669 -102 c 9
549 27 m 9
 549 117 l 25
 639 117 l 25
 639 12 l 17
 633 -12 619.376 -39.6748 597 -66 c 24
 578.501 -87.7637 562.058 -94.2891 537 -108 c 24
 499.794 -128.358 478.979 -142.072 438 -153 c 24
 390.184 -165.751 361.14 -162.15 312 -168 c 25
 358.8 -145.77 387.514 -137.559 432 -111 c 24
 466.362 -90.4854 487.119 -78.5254 513 -48 c 24
 533.981 -23.252 543 0 549 27 c 9
540 146 m 1
 852 146 l 1
 852 96 l 1
 540 96 l 1
 540 146 l 1
534 242 m 1
 843 242 l 1
 843 192 l 1
 534 192 l 1
 534 242 l 1
534 332 m 1
 816 332 l 1
 816 282 l 1
 534 282 l 1
 534 332 l 1
522 432 m 25
 774 432 l 25
 790.38 444.87 795.891 470.435 816 465 c 24
 851.178 455.492 868.287 434.381 885 402 c 24
 891.55 389.309 872.19 383.7 864 372 c 25
 864 123 l 17
 856 94 850 72 819 69 c 1
 795 71 784 95 774 123 c 9
 774 382 l 25
 522 382 l 25
 522 432 l 25
486 462 m 25
 529.29 442.11 564.953 446.251 597 411 c 24
 610.745 395.881 584.19 381.72 576 363 c 25
 576 117 l 17
 568 88 562 66 531 63 c 1
 507 65 496 89 486 117 c 9
 486 462 l 25
291 138 m 25
 330.78 108.75 360.866 100.489 393 63 c 24
 418.899 32.7842 432.518 9.71973 435 -30 c 24
 436.478 -53.6445 424.111 -72.4951 402 -81 c 24
 383.924 -87.9521 368.549 -75.5469 357 -60 c 24
 336.011 -31.7451 339.741 -7.48145 324 24 c 24
 311.519 48.9629 300.21 60.5996 285 84 c 25
 291 138 l 25
237 123 m 25
 237 492 l 25
 280.29 472.11 315.953 476.251 348 441 c 24
 361.745 425.881 335.19 411.72 327 393 c 25
 327 105 l 25
 312.96 71.0703 309.281 49.8457 291 18 c 24
 272.709 -13.8613 261.614 -32.7676 234 -57 c 24
 203.233 -83.999 181.923 -95.5938 144 -111 c 24
 106.139 -126.381 81.7803 -125.64 42 -135 c 25
 84.1201 -103.41 112.771 -91.2295 150 -54 c 24
 183.758 -20.2422 200.94 2.1543 222 45 c 24
 235.665 72.8008 231.15 92.5801 237 123 c 25
93 216 m 25
 399 216 l 25
 399 216 422 252 447 261 c 1
 473 257 461 228 492 195 c 1
 500 177 483 166 465 166 c 9
 93 166 l 25
 93 216 l 25
120 378 m 25
 369 378 l 25
 369 378 392 414 417 423 c 1
 443 419 431 390 462 357 c 1
 470 339 453 328 435 328 c 9
 120 328 l 25
 120 378 l 25
501 513 m 9
 501 648 l 25
 591 648 l 25
 591 594 l 17
 595.596 567.789 608.798 567.392 621 564 c 9
 732 564 l 25
 740.19 585.06 744.262 597.162 753 618 c 24
 759.479 633.448 763.98 641.79 771 657 c 25
 781.53 624.24 784.024 604.445 798 573 c 24
 807.622 551.352 835.165 545.322 831 522 c 24
 827.007 499.637 801.72 501.87 783 489 c 25
 543 489 l 17
 533.181 493.378 518.271 493.591 501 513 c 9
330 654 m 25
 367.44 634.11 396.666 633.609 426 603 c 24
 435.23 593.369 409.53 590.19 399 582 c 25
 358.05 551.58 339.859 526.342 294 504 c 24
 247.044 481.124 215.31 482.04 165 468 c 25
 210.63 512.46 239.722 534.341 282 582 c 24
 304.396 607.246 311.28 625.92 330 654 c 25
849 634 m 25
 168 634 l 25
 168 684 l 25
 852 684 l 25
 870.72 699.21 877.46 731.587 900 723 c 24
 942.585 706.777 958.597 677.232 978 636 c 24
 983.57 624.164 959.7 626.85 948 621 c 25
 837 543 l 25
 849 634 l 25
159 744 m 25
 174.21 710.07 192.647 693.796 198 657 c 24
 202.459 626.346 196.854 606.707 183 579 c 24
 171.16 555.321 160.178 539.183 135 531 c 24
 108.087 522.253 81.5693 518.646 63 540 c 24
 47.3418 558.008 62.7227 579.537 75 600 c 24
 92.0264 628.377 118.325 631.415 135 660 c 24
 152.167 689.43 149.64 711.24 159 744 c 25
447 657 m 25
 447 798 l 25
 490.29 778.11 525.953 782.251 558 747 c 24
 571.745 731.881 545.19 717.72 537 699 c 25
 537 657 l 25
 447 657 l 25
EndSplineSet
EndChar
