Width: 1000
Flags: H
TeX: 117 0
LayerCount: 2
Fore
SplineSet
315 -93 m 25
 816 -93 l 25
 845 -65 854 -33 879 -24 c 1
 905 -28 947 -81 978 -114 c 1
 986 -132 969 -143 951 -143 c 9
 315 -143 l 25
 315 -93 l 25
424 54 m 25
 799 54 l 25
 799 54 821 85 845 94 c 1
 864 87 888 59 907 33 c 1
 915 15 899 4 881 4 c 9
 424 4 l 25
 424 54 l 25
471 188 m 25
 834 188 l 25
 834 138 l 25
 471 138 l 25
 471 188 l 25
486 329 m 25
 828 329 l 25
 828 279 l 25
 486 279 l 25
 486 329 l 25
471 456 m 25
 795 456 l 25
 811.38 468.87 816.891 494.435 837 489 c 24
 872.178 479.492 889.287 458.381 906 426 c 24
 912.55 413.309 893.19 407.7 885 396 c 25
 885 177 l 17
 877 148 871 126 840 123 c 1
 816 125 805 149 795 177 c 9
 795 406 l 25
 471 406 l 25
 471 456 l 25
429 486 m 25
 472.29 466.11 507.953 470.251 540 435 c 24
 553.745 419.881 527.19 405.72 519 387 c 25
 519 165 l 17
 511 136 505 114 474 111 c 1
 450 113 439 137 429 165 c 9
 429 486 l 25
426 590 m 25
 792 590 l 25
 821 618 830 650 855 659 c 1
 881 655 923 602 954 569 c 1
 962 551 945 540 927 540 c 9
 426 540 l 25
 426 590 l 25
609 696 m 25
 699 696 l 25
 699 -111 l 25
 609 -111 l 25
 609 696 l 25
801 786 m 25
 825.57 755.58 850.924 744.852 864 708 c 24
 868.374 695.672 846.841 695.497 834 693 c 24
 762.047 679.009 721.031 672.276 648 666 c 24
 571.028 659.385 527.22 662.34 450 660 c 25
 517.86 684.57 556.073 698.616 624 723 c 24
 692.964 747.756 731.97 761.43 801 786 c 25
255 426 m 25
 308.82 393.24 347.261 385.332 393 342 c 24
 416.979 319.283 432.478 296.389 426 264 c 24
 420.585 236.923 396.237 217.461 369 222 c 24
 338.707 227.049 337.309 258.118 318 282 c 24
 292.839 313.121 279.57 331.41 255 363 c 25
 255 426 l 25
192 513 m 25
 228 513 l 25
 228 357 l 25
 205.77 309.03 199.303 278.656 171 234 c 24
 146.135 194.769 128.122 174.394 93 144 c 24
 66.4434 121.019 45.4199 116.55 15 99 c 25
 48.9297 159.84 71.5786 192.332 102 255 c 24
 130.181 313.052 143.745 347.07 165 408 c 24
 178.927 447.923 181.47 472.05 192 513 c 25
291 684 m 25
 291 -126 l 17
 283 -155 277 -177 246 -180 c 1
 222 -178 211 -154 201 -126 c 9
 201 684 l 25
 291 684 l 25
12 546 m 25
 333 546 l 25
 333 546 355 577 379 586 c 1
 398 579 422 551 441 525 c 1
 449 507 433 496 415 496 c 9
 12 496 l 25
 12 546 l 25
384 786 m 25
 405.06 753.24 429.919 740.098 438 702 c 24
 440.934 688.171 418.945 689.324 405 687 c 24
 327.127 674.021 282.652 669.812 204 663 c 24
 133.975 656.935 94.2002 657.51 24 654 c 25
 102.39 683.25 146.445 700.197 225 729 c 24
 286.848 751.678 321.99 763.77 384 786 c 25
EndSplineSet
EndChar
