Width: 1000
Flags: H
TeX: 117 0
LayerCount: 2
Fore
SplineSet
546 351 m 25
 546 -144 l 17
 538 -173 532 -195 501 -198 c 1
 477 -196 466 -172 456 -144 c 9
 456 351 l 25
 546 351 l 25
78 177 m 25
 792 177 l 25
 821 205 830 237 855 246 c 1
 881 242 923 189 954 156 c 1
 962 138 945 127 927 127 c 9
 78 127 l 25
 78 177 l 25
183 387 m 25
 669 387 l 25
 698 415 707 447 732 456 c 1
 758 452 800 399 831 366 c 1
 839 348 822 337 804 337 c 9
 183 337 l 25
 183 387 l 25
765 609 m 25
 765 489 l 17
 757 460 751 438 720 435 c 1
 696 437 685 461 675 489 c 9
 675 609 l 25
 765 609 l 25
562 639 m 25
 816 639 l 25
 816 639 839 675 864 684 c 1
 890 680 878 651 909 618 c 1
 917 600 900 589 882 589 c 9
 562 589 l 25
 562 639 l 25
555 777 m 25
 597.12 757.11 629.51 758.374 663 726 c 24
 674.286 715.09 651.441 704.314 645 690 c 24
 630.374 657.497 627.625 636.389 609 606 c 24
 582.831 563.304 567.098 538.71 531 504 c 24
 505.253 479.243 483.42 474.72 453 456 c 25
 476.4 508.65 495.552 536.09 513 591 c 24
 535.521 661.874 538.62 704.46 555 777 c 25
390 591 m 25
 390 486 l 17
 382 457 376 435 345 432 c 1
 321 434 310 458 300 486 c 9
 300 591 l 25
 390 591 l 25
210 630 m 25
 402 630 l 25
 402 630 425 666 450 675 c 1
 476 671 464 642 495 609 c 1
 503 591 486 580 468 580 c 9
 210 580 l 25
 210 630 l 25
213 774 m 25
 262.14 752.94 299.916 756.478 339 720 c 24
 352.36 707.53 313.071 705.251 303 690 c 24
 271.56 642.39 264.556 609.184 234 561 c 24
 203.548 512.979 186.496 484.907 147 444 c 24
 120.169 416.211 97.5898 409.23 66 387 c 25
 84.7197 426.78 96.9216 448.488 114 489 c 24
 147.253 567.879 166.911 612.138 195 693 c 24
 205.618 723.568 205.98 742.41 213 774 c 25
EndSplineSet
EndChar
