Width: 1000
Flags: H
TeX: 117 0
LayerCount: 2
Fore
SplineSet
504 132 m 25
 534 171 l 25
 570.27 132.39 586.467 106.107 627 72 c 24
 682.886 24.9746 716.546 0.168865 780 -36 c 24
 834.188 -66.8877 869.67 -74.4297 927 -99 c 25
 909.45 -117.72 898.699 -127.518 882 -147 c 24
 870.578 -160.325 872.55 -183 855 -183 c 24
 821.496 -183 804.547 -166.071 777 -147 c 24
 727.855 -112.977 701.985 -90.545 660 -48 c 24
 613.912 -1.29785 594.973 31.4161 552 81 c 24
 534.111 101.641 522.72 112.11 504 132 c 25
717 148 m 25
 519 148 l 25
 519 198 l 25
 729 198 l 25
 748.89 210.87 758.166 240.193 780 231 c 24
 816.884 215.47 831.596 188.36 843 150 c 24
 847.715 134.14 824.7 131.7 813 120 c 25
 776.73 79.0498 761.809 50.2762 720 15 c 24
 648.793 -45.0811 607.531 -79.7694 525 -123 c 24
 458.467 -157.851 415.649 -168.27 342 -183 c 24
 279.951 -195.41 243.18 -188.49 180 -192 c 25
 272.43 -158.07 330.957 -152.865 417 -105 c 24
 509.637 -53.4668 551.964 -8.34062 633 60 c 24
 669.27 90.5879 684.24 113.68 717 148 c 25
513 291 m 25
 550.44 272.28 579.401 272.599 609 243 c 24
 618.433 233.567 596.19 226.53 588 216 c 25
 554.07 169.2 540.785 137.936 501 96 c 24
 453.571 46.0078 426.179 15.5734 366 -18 c 24
 312.663 -47.7559 274.5 -45.4502 216 -63 c 25
 260.46 -32.5801 291.44 -22.6191 330 15 c 24
 388.335 71.9121 416.964 109.076 462 177 c 24
 488.915 217.594 493.11 246.54 513 291 c 25
930 363 m 24
 937.605 340.563 965.524 335.556 963 312 c 24
 960.781 291.287 937.38 291.87 921 279 c 25
 723 279 l 17
 687.072 279 666 303 654 327 c 9
 654 558 l 25
 744 558 l 25
 744 396 l 17
 744 378.425 754.786 366.726 768 357 c 9
 852 357 l 25
 861.36 372.21 869.563 379.341 876 396 c 24
 889.611 431.229 892.47 452.73 903 489 c 25
 913.53 439.86 913.866 410.596 930 363 c 24
513 510 m 25
 553.95 494.79 582.619 496.621 618 471 c 24
 627.477 464.138 607.02 456.36 600 447 c 25
 574.26 408.39 562.141 384.897 534 348 c 24
 509.369 315.707 497.752 294.018 465 270 c 24
 426.179 241.531 397.29 237.06 354 216 c 25
 384.42 256.95 403.848 278.459 432 321 c 24
 456.587 358.153 471.45 379.05 489 420 c 24
 503.31 453.39 503.64 474.9 513 510 c 25
744 678 m 25
 777.93 659.28 801.837 655.518 831 630 c 24
 859.354 605.189 880.202 588.861 888 552 c 24
 894.587 520.861 888.853 493.882 864 474 c 24
 847.529 460.823 826.323 475.649 813 492 c 24
 797.046 511.58 806.162 531.098 798 555 c 24
 789.708 579.283 781.315 591.504 771 615 c 24
 760.254 639.477 754.53 653.43 744 678 c 25
402 561 m 25
 442.95 564.51 466.081 566.145 507 570 c 24
 627.543 581.355 695.49 588.3 816 600 c 25
 825 552 l 25
 740.76 536.79 692.529 531.722 609 513 c 24
 556.62 501.26 527.637 491.817 477 474 c 24
 464.129 469.472 455.909 445.666 447 456 c 24
 417.91 489.744 419.55 520.05 402 561 c 25
114 -33 m 24
 96.5244 -39.0684 81.6525 -61.496 69 -48 c 24
 37.0518 -13.9219 41.5498 19.71 24 63 c 25
 87.1797 67.6797 122.984 68.465 186 75 c 24
 280.98 84.8496 334.23 93.2998 429 105 c 25
 372.84 74.5801 343.502 52.6293 285 27 c 24
 220.264 -1.36035 180.766 -9.81748 114 -33 c 24
267 483 m 25
 310.29 468.96 339.605 471.433 378 447 c 24
 387.722 440.813 370.68 430.53 366 420 c 25
 347.28 347.46 337.712 306.276 318 234 c 24
 299.098 164.693 286.89 126.03 267 57 c 25
 210 57 l 25
 221.7 109.65 230.802 138.855 240 192 c 24
 251.88 260.642 257.564 299.637 264 369 c 24
 268.109 413.285 265.83 438.54 267 483 c 25
114 441 m 25
 138.57 387.18 160.667 359.864 177 303 c 24
 192.625 248.603 205.044 214.698 195 159 c 24
 190.557 134.358 168.983 118.334 144 120 c 24
 120.827 121.545 108.343 142.018 105 165 c 24
 98.2109 211.673 118.463 237.861 120 285 c 24
 121.984 345.853 116.34 380.16 114 441 c 25
582 519 m 25
 522 519 l 25
 533.7 581.01 541.744 615.734 552 678 c 24
 558.132 715.229 559.32 736.56 564 774 c 25
 604.95 756.45 636.908 759.903 669 729 c 24
 680.463 717.962 654.36 708.87 645 696 c 25
 582 519 l 25
42 549 m 25
 348 549 l 25
 348 549 371 585 396 594 c 1
 422 590 410 561 441 528 c 1
 449 510 432 499 414 499 c 9
 42 499 l 25
 42 549 l 25
174 519 m 25
 174 723 l 25
 217 703 253 707 285 672 c 24
 299 657 272 643 264 624 c 25
 264 519 l 25
 174 519 l 25
EndSplineSet
EndChar
