Width: 1000
Flags: H
TeX: 117 0
LayerCount: 2
Fore
SplineSet
838 72 m 25
 838 72 883 34 894 0 c 24
 898 -12 879 -13 868 -18 c 24
 817 -42 789 -57 735 -75 c 24
 674 -95 639 -106 576 -114 c 24
 483 -125 417 -126 336 -123 c 1
 408 -110 450 -101 520 -78 c 24
 607 -49 653 -32 739 11 c 0
 777 30 838 72 838 72 c 25
740 178 m 25
 740 178 782 142 798 111 c 24
 802 104 788 103 781 100 c 24
 721 74 688 57 627 36 c 24
 562 13 524 1 456 -12 c 24
 410 -21 382 -21 336 -18 c 1
 418 10 462 26 540 60 c 24
 590 82 617 96 664 124 c 24
 695 142 740 178 740 178 c 25
687 314 m 25
 687 314 742 279 765 246 c 24
 771 237 750 240 741 234 c 0
 692 203 652 176 591 147 c 24
 537 121 506 106 447 93 c 24
 401 83 374 87 327 90 c 1
 395 109 442 132 510 170 c 24
 566 201 595 224 645 265 c 24
 665 281 687 314 687 314 c 25
757 365 m 17
 781 362 833 348 859 334 c 0
 892 316 913 302 926 267 c 24
 934 246 924 225 904 214 c 24
 886 204 868 214 852 227 c 24
 828 247 826 268 809 293 c 24
 789 322 777 337 757 365 c 17
460 370 m 25
 460 370 520 352 546 324 c 24
 555 315 533 309 524 300 c 17
 487 264 458 238 409 208 c 24
 374 186 351 179 312 168 c 1
 348 206 369 230 401 273 c 24
 427 309 460 370 460 370 c 25
609 297 m 25
 609 453 l 25
 609 453 688 437 720 402 c 24
 734 387 707 373 699 354 c 25
 699 288 l 26
 699 258 677 240 648 230 c 24
 630 224 622 247 606 257 c 24
 581 273 568 281 543 297 c 25
 609 297 l 25
570 798 m 25
 570 798 640 795 672 768 c 0
 678 763 659 747 651 739 c 9
 612 663 l 25
 549 663 l 25
 570 798 l 25
465 476 m 1
 780 476 l 1
 780 426 l 1
 465 426 l 1
 465 476 l 1
474 571 m 1
 774 571 l 1
 774 521 l 1
 474 521 l 1
 474 571 l 1
465 690 m 25
 747 690 l 25
 763 703 769 728 789 723 c 24
 824 713 841 692 858 660 c 24
 865 647 845 642 837 630 c 25
 837 453 l 17
 829 424 823 402 792 399 c 1
 768 401 757 425 747 453 c 9
 747 640 l 25
 465 640 l 25
 465 690 l 25
426 720 m 25
 426 720 505 704 537 669 c 24
 551 654 524 640 516 621 c 25
 516 444 l 17
 508 415 502 393 471 390 c 1
 447 392 436 416 426 444 c 9
 426 720 l 25
219 374 m 25
 219 374 274 356 303 334 c 24
 327 316 344 302 351 273 c 24
 356 252 348 233 329 223 c 24
 311 214 294 224 279 237 c 24
 262 252 265 269 253 288 c 24
 242 305 219 329 219 329 c 25
 219 374 l 25
224 297 m 25
 224 297 196 240 173 207 c 24
 144 166 127 143 91 109 c 24
 59 79 36 65 0 45 c 1
 37 102 60 138 92 201 c 24
 121 257 134 291 157 350 c 24
 173 391 178 415 191 457 c 25
 224 457 l 25
 224 297 l 25
0 489 m 25
 297 489 l 25
 297 489 319 520 343 529 c 1
 362 522 386 494 405 468 c 1
 413 450 397 439 379 439 c 9
 0 439 l 25
 0 489 l 25
246 672 m 25
 246 -87 l 17
 238 -116 232 -138 201 -141 c 1
 177 -139 166 -115 156 -87 c 9
 156 672 l 25
 246 672 l 25
309 750 m 25
 309 750 343 696 348 657 c 24
 349 646 332 653 321 651 c 24
 238 638 191 625 107 618 c 24
 65 614 36 615 0 624 c 1
 74 647 118 663 192 693 c 24
 239 712 309 750 309 750 c 25
EndSplineSet
EndChar
