Width: 1000
Flags: H
TeX: 117 0
LayerCount: 2
Fore
SplineSet
693 228 m 1
 783 228 l 1
 783 81 l 1
 693 81 l 1
 693 228 l 1
681 120 m 25
 907 120 l 25
 907 120 930 156 955 165 c 1
 981 161 969 132 1000 99 c 1
 1008 81 991 70 973 70 c 9
 681 70 l 25
 681 120 l 25
807 354 m 25
 850 334 886 338 918 303 c 24
 932 288 905 274 897 255 c 25
 897 -105 l 17
 889 -134 883 -156 852 -159 c 1
 828 -157 817 -133 807 -105 c 9
 807 354 l 25
687 246 m 25
 907 246 l 25
 907 246 930 282 955 291 c 1
 981 287 969 258 1000 225 c 1
 1008 207 991 196 973 196 c 1
 687 196 l 9
 687 246 l 25
516 195 m 25
 551.1 168.09 580.494 162.133 606 126 c 24
 625.321 98.6289 629.363 75.0714 624 42 c 24
 621.19 24.6768 605.402 12.7301 588 15 c 24
 569.113 17.4639 562.229 33.3788 555 51 c 24
 542.806 80.7227 548.398 100.99 540 132 c 24
 533.127 157.378 525.36 170.43 516 195 c 25
651 190 m 25
 561 190 l 25
 561 240 l 25
 666 240 l 25
 682.38 252.87 688.383 280.006 708 273 c 24
 735.81 263.068 742.391 238.532 750 210 c 24
 753.261 197.771 739.02 193.53 732 183 c 25
 705.09 130.35 693.703 98.5322 663 48 c 24
 637.361 5.80273 623.532 -19.7147 588 -54 c 24
 555.773 -85.0957 533.457 -100.067 492 -117 c 24
 448.878 -134.613 420.63 -131.64 375 -141 c 25
 413.61 -112.92 438.698 -101.141 474 -69 c 24
 517.473 -29.4199 542.828 -6.53991 576 42 c 24
 612.51 95.4248 621.75 132.28 651 190 c 25
375 231 m 25
 423 231 l 25
 423 231 446 267 471 276 c 1
 497 272 485 243 516 210 c 1
 524 192 507 181 489 181 c 9
 375 181 l 25
 375 231 l 25
579 363 m 25
 608.25 344.28 636.438 344.959 654 315 c 24
 663.032 299.593 639.36 291.21 630 276 c 25
 587.88 221.01 570.604 184.352 522 135 c 24
 493.537 106.099 468.93 100.23 435 78 c 25
 460.74 122.85 476.151 147.65 501 193 c 24
 522.961 233.079 533.94 256.44 555 297 c 25
 579 363 l 25
750 546 m 25
 801 546 l 25
 836.1 514.41 852.197 491.912 891 465 c 24
 925.396 441.145 949.56 435.72 987 417 c 25
 970.62 406.47 959.959 402.466 945 390 c 24
 931.638 378.865 931.634 351.917 915 357 c 24
 876.891 368.645 863.207 392.981 837 423 c 24
 798.358 467.263 783.93 498.03 750 546 c 25
660 540 m 25
 741 540 l 25
 741 510 l 25
 723.45 491.28 716.037 478.029 696 462 c 24
 663.059 435.647 642.963 422.33 606 402 c 24
 572.481 383.564 551.1 378.21 516 363 c 25
 553.44 403.95 576.983 424.959 612 468 c 24
 633.298 494.179 641.28 511.92 660 540 c 25
864 744 m 25
 894.42 722.94 921.753 720.967 942 690 c 24
 949.71 678.208 925.53 675.36 915 666 c 25
 780 564 l 25
 797.55 596.76 809.283 614.322 825 648 c 24
 842.09 684.62 848.79 706.56 864 744 c 25
711 783 m 25
 754 763 790 767 822 732 c 24
 836 717 809 703 801 684 c 25
 801 375 l 17
 793 346 787 324 756 321 c 1
 732 323 721 347 711 375 c 9
 711 783 l 25
519 567 m 25
 873 567 l 25
 873 567 896 603 921 612 c 1
 947 608 935 579 966 546 c 1
 974 528 957 517 939 517 c 9
 519 517 l 25
 519 567 l 25
564 747 m 25
 595.59 730.62 620.43 730.74 645 705 c 24
 672.097 676.613 686.672 654.102 690 615 c 24
 692.009 591.395 679.264 572.096 657 564 c 24
 641.372 558.317 632.992 577.012 624 591 c 24
 611.189 610.928 611.504 625.888 603 648 c 24
 588.104 686.731 579.21 708.39 564 747 c 25
309 -45 m 9
 309 357 l 25
 399 357 l 25
 399 33 l 17
 399 10.9644 405.384 3.57465 413.5 0 c 9
 459 0 l 25
 466.02 9.36035 472.034 13.4062 477 24 c 24
 489.729 51.1543 493.47 67.9199 504 96 c 25
 509.85 65.5801 510.223 47.708 519 18 c 24
 525.53 -4.10156 549.622 -13.9258 543 -36 c 24
 536.004 -59.3193 528 -60 492 -72 c 9
 363 -72 l 17
 335.337 -67.3359 297.347 -67.7412 309 -45 c 9
222 222 m 25
 249 222 l 25
 249 222 272 258 297 267 c 1
 323 263 311 234 342 201 c 1
 350 183 333 172 315 172 c 9
 222 172 l 25
 222 222 l 25
174 348 m 1
 264 348 l 1
 264 12 l 1
 174 12 l 1
 174 348 l 1
102 18 m 25
 153.48 23.8496 182.605 26.4395 234 33 c 24
 292.595 40.4805 325.5 45.8096 384 54 c 25
 345.39 27.0898 325.143 9.56543 285 -15 c 24
 246.607 -38.4941 224.322 -51.1562 183 -69 c 24
 172.205 -73.6611 161.013 -80.6055 153 -72 c 24
 125.509 -42.4727 121.89 -17.0996 102 18 c 25
321 678 m 1
 411 678 l 1
 411 336 l 1
 321 336 l 1
 321 678 l 1
192 675 m 1
 282 675 l 1
 282 342 l 1
 192 342 l 1
 192 675 l 1
111 379 m 1
 450 379 l 1
 450 329 l 1
 111 329 l 1
 111 379 l 1
129 519 m 25
 423 519 l 25
 439 532 445 557 465 552 c 24
 500 542 517 521 534 489 c 24
 541 476 521 471 513 459 c 25
 513 357 l 17
 505 328 499 306 468 303 c 1
 444 305 433 329 423 357 c 9
 423 469 l 25
 129 469 l 25
 129 519 l 25
240 666 m 25
 240 795 l 25
 283 775 319 779 351 744 c 24
 365 729 338 715 330 696 c 25
 330 666 l 25
 240 666 l 25
96 690 m 25
 432 690 l 25
 432 690 455 726 480 735 c 1
 506 731 494 702 525 669 c 1
 533 651 516 640 498 640 c 9
 96 640 l 25
 96 690 l 25
63 138 m 25
 63 723 l 25
 106.29 703.11 141.953 707.251 174 672 c 24
 187.745 656.881 161.19 642.72 153 624 c 25
 153 192 l 25
 147.15 134.67 153.563 100.486 138 45 c 24
 126.122 2.6543 111.556 -19.723 84 -54 c 24
 62.5898 -80.6318 41.9102 -86.9404 15 -108 c 25
 31.3799 -72.9004 49.5821 -56.0166 57 -18 c 24
 68.6602 41.7578 60.6602 77.1602 63 138 c 25
EndSplineSet
EndChar
