Width: 1000
Flags: H
TeX: 117 0
LayerCount: 2
Fore
SplineSet
729 345 m 25
 765 369 l 25
 765 369 826 247 873 174 c 24
 916 106 996 9 996 9 c 25
 996 9 960 -8 939 -21 c 24
 922 -31 908 -68 897 -51 c 0
 849 21 834 52 804 123 c 24
 768 207 729 345 729 345 c 25
669 375 m 25
 702 375 l 25
 711 291 l 25
 711 291 703 219 684 177 c 24
 657 118 638 84 594 36 c 24
 557 -4 528 -22 480 -45 c 1
 534 39 562 89 603 180 c 24
 636 253 669 375 669 375 c 25
672 603 m 25
 672 603 751 587 783 552 c 24
 797 537 770 523 762 504 c 25
 762 -132 l 17
 754 -161 748 -183 717 -186 c 1
 693 -184 682 -160 672 -132 c 9
 672 603 l 25
570 402 m 25
 855 402 l 25
 855 402 877 433 901 442 c 1
 920 435 944 407 963 381 c 1
 971 363 955 352 937 352 c 9
 570 352 l 25
 570 402 l 25
429 339 m 25
 429 339 495 305 525 270 c 24
 545 246 557 226 552 195 c 24
 548 174 528 157 507 162 c 24
 478 169 475 196 456 219 c 24
 441 237 420 267 420 267 c 25
 429 339 l 25
345 354 m 9
 393 354 l 25
 393 237 l 25
 393 237 378 176 363 138 c 0
 340 79 317 48 275 0 c 24
 232 -49 198 -76 147 -108 c 1
 202 -28 230 13 267 99 c 24
 308 195 327 258 345 354 c 9
234 396 m 25
 486 396 l 25
 486 396 508 427 532 436 c 1
 551 429 575 401 594 375 c 1
 602 357 586 346 568 346 c 9
 234 346 l 25
 234 396 l 25
366 615 m 25
 366 615 445 599 477 564 c 24
 491 549 464 535 456 516 c 25
 456 -123 l 17
 448 -152 442 -174 411 -177 c 1
 387 -175 376 -151 366 -123 c 9
 366 615 l 25
198 645 m 25
 822 645 l 25
 822 645 860 705 885 714 c 1
 911 710 953 657 984 624 c 1
 992 606 975 595 957 595 c 9
 198 595 l 25
 198 645 l 25
144 192 m 10
 144 687 l 25
 144 687 223 671 255 636 c 24
 269 621 242 607 234 588 c 25
 234 207 l 18
 234 122 222 57 177 -24 c 24
 138 -93 93 -126 27 -162 c 1
 78 -90 89 -68 111 0 c 24
 135 72 144 105 144 192 c 10
528 618 m 25
 528 783 l 25
 528 783 607 767 639 732 c 24
 653 717 626 703 618 684 c 25
 618 618 l 25
 528 618 l 25
EndSplineSet
EndChar
