Width: 1000
Flags: H
TeX: 117 0
LayerCount: 2
Fore
SplineSet
753 150 m 25
 789.27 123.09 816.481 115.18 846 81 c 24
 862.928 61.3994 870.314 43.6865 867 18 c 24
 864.774 0.75 850.874 -7.78148 834 -12 c 24
 818.562 -15.8594 803.187 -13.6456 795 0 c 24
 779.062 26.5625 788.352 48.1699 780 78 c 24
 771.914 106.879 763.53 121.92 753 150 c 25
672 129 m 25
 705.93 102.09 738.037 97.8945 759 60 c 24
 772.698 35.2383 770.01 8.00977 750 -12 c 24
 735.552 -26.4482 712.408 -15.4192 699 0 c 24
 684.232 16.9824 694.611 34.9717 690 57 c 24
 684.07 85.3301 679.02 100.92 672 129 c 25
600 117 m 25
 619.89 98.2803 638.051 93.0488 651 69 c 24
 663.949 44.9512 670.187 26.3515 663 0 c 24
 657.951 -18.5137 643.189 -30 624 -30 c 24
 607.454 -30 597.882 -16.0841 594 0 c 24
 588.72 21.877 601.847 34.5244 603 57 c 24
 604.2 80.3984 601.17 93.5996 600 117 c 25
534 159 m 25
 550.38 120.39 571.96 101.746 576 60 c 24
 579.391 24.9658 574.618 -0.0322109 552 -27 c 24
 538.383 -43.2354 515.749 -44.5754 498 -33 c 24
 480.635 -21.6748 480.646 -2.59867 483 18 c 24
 485.674 41.3936 501.991 49.8584 510 72 c 24
 521.972 105.099 524.64 125.07 534 159 c 25
627 330 m 25
 828 330 l 25
 828 330 851 366 876 375 c 1
 902 371 890 342 921 309 c 1
 929 291 912 280 894 280 c 9
 627 280 l 25
 627 330 l 25
615 454 m 1
 855 454 l 1
 855 404 l 1
 615 404 l 1
 615 454 l 1
621 561 m 1
 849 561 l 1
 849 511 l 1
 621 511 l 1
 621 561 l 1
666 792 m 25
 710.46 780.3 741.368 786.924 780 762 c 24
 792.001 754.258 767.19 743.7 759 732 c 25
 732 639 l 25
 666 639 l 25
 666 792 l 25
615 660 m 25
 804 660 l 25
 820 673 826 698 846 693 c 24
 881 683 898 662 915 630 c 24
 922 617 902 612 894 600 c 25
 894 444 l 17
 886 415 880 393 849 390 c 1
 825 392 814 416 804 444 c 9
 804 610 l 25
 615 610 l 25
 615 660 l 25
867 -30 m 9
 867 156 l 25
 627 156 l 25
 627 206 l 25
 867 206 l 25
 883.38 218.87 888.891 244.435 909 239 c 24
 944.178 229.492 961.287 208.381 978 176 c 24
 984.55 163.309 965.19 157.7 957 146 c 25
 957 -42 l 17
 930 -102 906.283 -129.412 852 -156 c 24
 831.196 -166.189 829.526 -126.464 810 -114 c 24
 773.831 -90.9131 749.61 -84.7197 711 -66 c 17
 813 -66 l 1
 835.063 -56.7205 860.116 -49.4423 867 -30 c 9
600 690 m 25
 643 670 679 674 711 639 c 24
 725 624 698 610 690 591 c 25
 690 177 l 17
 682 148 676 126 645 123 c 1
 621 125 610 149 600 177 c 9
 600 690 l 25
435 -120 m 24
 406.32 -108.528 397.854 -88.9042 372 -72 c 24
 336.896 -49.0479 315.571 -38.5312 279 -18 c 24
 248.873 -1.08691 231.42 7.62012 201 24 c 25
 210 57 l 25
 269.67 39.4502 305.961 36.7996 363 12 c 24
 414.525 -10.4023 446.731 -22.8173 486 -63 c 24
 501.623 -78.9863 506.905 -103.342 492 -120 c 24
 477.177 -136.566 455.64 -128.256 435 -120 c 24
291 291 m 25
 324.93 273.45 353.997 275.718 378 246 c 24
 387.999 233.62 363.36 225.87 354 213 c 25
 322.41 163.86 303.773 136.656 273 87 c 24
 252.282 53.5693 246.146 31.0451 222 0 c 24
 212.635 -12.042 203.537 -25.6254 189 -21 c 24
 169.149 -14.6836 154.516 0.221665 156 21 c 24
 158.609 57.5342 181.62 72.2402 198 105 c 24
 234.27 177.54 254.73 218.46 291 291 c 25
405 118 m 25
 60 118 l 25
 60 168 l 25
 411 168 l 25
 430.89 180.87 439.344 207.923 462 201 c 24
 494.526 191.062 517.203 166.452 519 135 c 0
 520.133 115.177 539.348 109.195 495 102 c 9
 459.9 62.2197 444.548 35.3608 405 0 c 24
 344.642 -53.9678 310.299 -85.8292 240 -126 c 24
 202.045 -147.688 175.12 -148.813 132 -156 c 24
 90.3887 -162.936 66.1201 -159.66 24 -162 c 25
 82.5 -132.75 117.594 -120.108 174 -87 c 24
 225.5 -56.7715 255.336 -39.6368 300 0 c 24
 346.074 40.8887 364.05 71.9805 405 118 c 25
465 378 m 25
 480.21 370.98 490.062 369.292 504 360 c 24
 528.934 343.378 553.64 340.119 564 312 c 24
 573.224 286.965 566.133 263.507 546 246 c 24
 530.888 232.858 508.811 237.498 495 252 c 24
 479.479 268.297 491.213 287.106 486 309 c 24
 479.484 336.363 473.19 351.09 465 378 c 25
384 393 m 25
 414.42 376.62 438.144 375.992 462 351 c 24
 469.621 343.016 452.85 336.36 447 327 c 25
 427.11 302.43 421.809 282.255 396 264 c 24
 371.835 246.907 352.08 249.36 324 240 c 25
 335.7 262.23 344.829 273.613 354 297 c 24
 368.32 333.518 372.3 355.56 384 393 c 25
366 445 m 1
 522 445 l 1
 522 395 l 1
 366 395 l 1
 366 445 l 1
360 534 m 1
 528 534 l 1
 528 484 l 1
 360 484 l 1
 360 534 l 1
366 630 m 1
 498 630 l 1
 498 580 l 1
 366 580 l 1
 366 630 l 1
354 723 m 25
 474 723 l 25
 490.38 735.87 495.89 761.435 516 756 c 24
 551.178 746.492 568.287 725.381 585 693 c 24
 591.55 680.309 572.19 674.7 564 663 c 25
 564 426 l 17
 556 397 550 375 519 372 c 1
 495 374 484 398 474 426 c 9
 474 673 l 25
 354 673 l 25
 354 723 l 25
330 750 m 25
 373 730 409 734 441 699 c 24
 455 684 428 670 420 651 c 25
 420 393 l 17
 412 364 406 342 375 339 c 1
 351 341 340 365 330 393 c 9
 330 750 l 25
204 375 m 25
 240.27 352.77 269.315 350.299 297 318 c 24
 314.922 297.091 327.275 271.913 312 249 c 24
 298.355 228.533 270.357 233.796 249 246 c 24
 230.324 256.672 235.085 276.69 228 297 c 24
 217.517 327.052 213.36 344.58 204 375 c 25
120 360 m 25
 152.76 344.79 176.253 344.123 204 321 c 24
 211.246 314.961 196.68 308.19 192 300 c 25
 169.77 274.26 160.718 256.256 135 234 c 24
 99.4131 203.203 74.6104 191.91 36 165 c 25
 53.5498 196.59 66.703 212.811 81 246 c 24
 99.5898 289.156 104.79 315.54 120 360 c 25
87 431 m 1
 264 431 l 1
 264 381 l 1
 87 381 l 1
 87 431 l 1
99 544 m 1
 255 544 l 1
 255 494 l 1
 99 494 l 1
 99 544 l 1
93 638 m 1
 237 638 l 1
 237 588 l 1
 93 588 l 1
 93 638 l 1
93 726 m 25
 210 726 l 25
 226.38 738.87 231.89 764.435 252 759 c 24
 287.178 749.492 304.287 728.381 321 696 c 24
 327.55 683.309 308.19 677.7 300 666 c 25
 300 411 l 17
 292 382 286 360 255 357 c 1
 231 359 220 383 210 411 c 9
 210 676 l 25
 93 676 l 25
 93 726 l 25
69 762 m 25
 112.29 742.11 147.953 746.251 180 711 c 24
 193.745 695.881 167.19 681.72 159 663 c 25
 159 399 l 17
 151 370 145 348 114 345 c 1
 90 347 79 371 69 399 c 9
 69 762 l 25
EndSplineSet
EndChar
