Width: 1000
Flags: HW
LayerCount: 2
Fore
SplineSet
231 578 m 1
 768 578 l 1
 768 528 l 1
 231 528 l 1
 231 578 l 1
721 82 m 1
 788 58 810 47 853 6 c 24
 884 -24 902 -47 904 -93 c 0
 905 -118 894 -135 873 -142 c 24
 852 -149 832 -141 818 -123 c 24
 793 -91 797 -63 780 -26 c 24
 759 17 748 37 721 82 c 1
550 64 m 1
 595 43 620 29 650 -8 c 24
 674 -37 681 -61 683 -98 c 24
 684 -119 678 -138 659 -146 c 24
 639 -154 617 -148 605 -130 c 24
 583 -97 592 -69 581 -30 c 24
 570 7 565 25 550 64 c 1
372 68 m 17
 416 41 432 26 457 -12 c 24
 477 -43 483 -66 483 -103 c 24
 483 -124 476 -144 456 -149 c 24
 433 -155 410 -147 399 -126 c 24
 380 -90 390 -63 387 -22 c 0
 384 16 378 33 372 68 c 17
280 58 m 1
 286 12 287.807 -22.21 268 -67 c 24
 251.269 -104.835 230.592 -126.096 192 -141 c 24
 166.057 -151.02 142.217 -143.104 123 -123 c 24
 109.482 -108.859 114.519 -88.0635 127 -73 c 24
 151.775 -43.0986 180.503 -43.2559 210 -18 c 24
 240.609 8.20801 258 26 280 58 c 1
456 693 m 25
 546 693 l 25
 546 117 l 25
 456 117 l 25
 456 693 l 25
105 144 m 25
 762 144 l 25
 791 172 800 204 825 213 c 1
 851 209 893 156 924 123 c 1
 932 105 915 94 897 94 c 9
 105 94 l 25
 105 144 l 25
192 294 m 25
 663 294 l 25
 692 322 701 354 726 363 c 1
 752 359 794 306 825 273 c 1
 833 255 816 244 798 244 c 9
 192 244 l 25
 192 294 l 25
240 440 m 25
 774 440 l 25
 774 390 l 25
 240 390 l 25
 240 440 l 25
231 717 m 25
 723 717 l 25
 739 730 745 755 765 750 c 24
 800 740 817 719 834 687 c 24
 841 674 821 669 813 657 c 25
 813 423 l 17
 805 394 799 372 768 369 c 1
 744 371 733 395 723 423 c 9
 723 667 l 25
 231 667 l 25
 231 717 l 25
195 747 m 25
 195 747 274 731 306 696 c 24
 320 681 293 667 285 648 c 25
 285 426 l 17
 277 397 271 375 240 372 c 1
 216 374 205 398 195 426 c 9
 195 747 l 25
EndSplineSet
EndChar
