Width: 1000
Flags: HW
TeX: 117 0
LayerCount: 2
Fore
SplineSet
900 -114 m 26
 588 -114 l 17
 560 -109 536 -91 531 -66 c 9
 531 495 l 25
 531 495 610 479 642 444 c 24
 656 429 629 415 621 396 c 25
 621 2 l 17
 621 -19 641 -33 657 -34 c 9
 840 -34 l 25
 854 -9 862 6 876 33 c 24
 894 67 903 86 921 120 c 25
 921 -39 l 25
 932 -54 953 -60 948 -78 c 0
 939 -111 924 -114 900 -114 c 26
810 423 m 25
 810 423 872 389 888 351 c 24
 895 335 863 340 849 330 c 24
 795 293 769 266 714 231 c 24
 659 196 627 175 567 150 c 24
 511 127 477 118 417 108 c 1
 476 146 503 164 555 204 c 24
 627 259 666 292 735 351 c 24
 766 377 810 423 810 423 c 25
342 363 m 25
 342 -87 l 17
 334 -116 328 -138 297 -141 c 1
 273 -139 262 -115 252 -87 c 9
 252 282 l 25
 342 363 l 25
351 483 m 25
 351 483 416 445 444 408 c 24
 451 399 426 404 417 396 c 24
 349 337 318 295 249 238 c 24
 203 200 175 181 123 153 c 24
 93 137 72 131 39 126 c 1
 95 180 124 208 176 264 c 24
 218 309 240 336 279 384 c 24
 309 421 351 483 351 483 c 25
588 792 m 25
 588 792 667 776 699 741 c 24
 713 726 686 712 678 693 c 25
 678 535 l 17
 670 506 664 484 633 481 c 1
 609 483 598 507 588 535 c 9
 588 792 l 25
303 795 m 25
 303 795 382 779 414 744 c 24
 428 729 401 715 393 696 c 25
 393 534 l 17
 385 505 379 483 348 480 c 1
 324 482 313 506 303 534 c 9
 303 795 l 25
36 651 m 25
 792 651 l 25
 821 679 830 711 855 720 c 1
 881 716 923 663 954 630 c 1
 962 612 945 601 927 601 c 9
 36 601 l 25
 36 651 l 25
EndSplineSet
EndChar
