Width: 1000
Flags: H
TeX: 117 0
LayerCount: 2
Fore
SplineSet
747 381 m 25
 867 381 l 25
 867 381 889 412 913 421 c 1
 932 414 956 386 975 360 c 1
 983 342 967 331 949 331 c 9
 747 331 l 25
 747 381 l 25
690 188 m 1
 780 188 l 1
 780 -120 l 1
 690 -120 l 1
 690 188 l 1
573 194 m 1
 663 194 l 1
 663 -111 l 1
 573 -111 l 1
 573 194 l 1
372 -84 m 25
 838 -84 l 25
 867 -56 876 -24 901 -15 c 1
 927 -19 969 -72 1000 -105 c 1
 1008 -123 991 -134 973 -134 c 9
 372 -134 l 25
 372 -84 l 25
804 -111 m 25
 804 156 l 25
 495 156 l 25
 495 206 l 25
 804 206 l 25
 820 219 826 244 846 239 c 24
 881 229 898 208 915 176 c 24
 922 163 902 158 894 146 c 25
 894 -111 l 25
 804 -111 l 25
456 -105 m 25
 456 233 l 25
 499 213 535 217 567 182 c 24
 581 167 554 153 546 134 c 25
 546 -105 l 25
 456 -105 l 25
765 543 m 25
 876 543 l 25
 876 543 898 574 922 583 c 1
 941 576 965 548 984 522 c 1
 992 504 976 493 958 493 c 9
 765 493 l 25
 765 543 l 25
795 756 m 25
 835 740 862 739 897 714 c 24
 905 708 890 699 885 690 c 25
 864 648 854 623 831 582 c 24
 804 535 791 506 756 465 c 24
 736 442 718 438 693 420 c 25
 712 467 725 492 741 540 c 24
 756 585 763 611 774 657 c 24
 784 695 787 717 795 756 c 25
534 696 m 1
 624 696 l 1
 624 573 l 1
 534 573 l 1
 534 696 l 1
531 444 m 1
 621 444 l 1
 621 264 l 1
 531 264 l 1
 531 444 l 1
441 309 m 25
 618 309 l 25
 618 309 640 340 664 349 c 1
 683 342 707 314 726 288 c 1
 734 270 718 259 700 259 c 9
 441 259 l 25
 441 309 l 25
432 470 m 1
 693 470 l 1
 693 420 l 1
 432 420 l 1
 432 470 l 1
444 599 m 9
 630 599 l 25
 646 612 652 637 672 632 c 24
 707 622 724 601 741 569 c 24
 748 556 728 551 720 539 c 25
 720 447 l 17
 712 418 706 396 675 393 c 1
 651 395 640 419 630 447 c 9
 630 549 l 25
 444 549 l 25
 444 599 l 9
438 726 m 25
 624 726 l 25
 624 726 646 757 670 766 c 1
 689 759 713 731 732 705 c 1
 740 687 724 676 706 676 c 9
 438 676 l 25
 438 726 l 25
411 754 m 25
 454 734 490 738 522 703 c 24
 536 688 509 674 501 655 c 25
 501 297 l 17
 493 268 487 246 456 243 c 1
 432 245 421 269 411 297 c 9
 411 754 l 25
282 360 m 25
 282 120 l 17
 274 91 268 69 237 66 c 1
 213 68 202 92 192 120 c 9
 192 360 l 25
 282 360 l 25
303 39 m 25
 303 598 l 25
 123 598 l 25
 123 648 l 25
 303 648 l 25
 319 661 325 686 345 681 c 24
 380 671 397 650 414 618 c 24
 421 605 401 600 393 588 c 25
 393 -30 l 17
 393 -75 385 -85 366 -111 c 8
 350 -132 341 -154 315 -156 c 24
 292 -157 288 -132 270 -117 c 24
 245 -96 230 -84 204 -63 c 25
 282 -63 l 25
 289 -49 297 -42 300 -27 c 24
 305 -2 302 13 303 39 c 25
183 603 m 25
 217 567 248 555 270 510 c 24
 287 475 295 445 276 411 c 24
 265 390 231 393 216 411 c 24
 192 439 204 468 198 504 c 24
 191 542 189 564 183 603 c 25
24 387 m 25
 87 386 123 381 186 384 c 24
 253 387 290 395 357 402 c 25
 357 360 l 25
 263 335 211 321 117 297 c 24
 95 291 76 269 60 285 c 24
 30 314 38 347 24 387 c 25
90 111 m 25
 90 676 l 25
 133 656 169 660 201 625 c 24
 215 610 188 596 180 577 c 25
 180 111 l 25
 171 61 174 30 156 -18 c 24
 143 -54 129 -72 102 -99 c 24
 76 -125 54 -130 24 -150 c 17
 48 -105 64 -72 78 -18 c 24
 90 31 85 61 90 111 c 25
195 792 m 25
 235 776 265 779 297 750 c 24
 308 740 284 730 276 717 c 25
 237 627 l 25
 180 627 l 25
 185 662 189 682 192 717 c 24
 195 746 194 763 195 792 c 25
EndSplineSet
EndChar
