Width: 1000
Flags: H
TeX: 117 0
LayerCount: 2
Fore
SplineSet
255 -77 m 1
 759 -77 l 1
 759 -127 l 1
 255 -127 l 1
 255 -77 l 1
249 162 m 25
 696 162 l 25
 712 175 718 200 738 195 c 24
 773 185 790 164 807 132 c 24
 814 119 794 114 786 102 c 25
 786 -114 l 17
 778 -143 772 -165 741 -168 c 1
 717 -166 706 -142 696 -114 c 9
 696 112 l 25
 249 112 l 25
 249 162 l 25
225 186 m 25
 268 166 304 170 336 135 c 24
 350 120 323 106 315 87 c 25
 315 -123 l 17
 307 -152 301 -174 270 -177 c 1
 246 -175 235 -151 225 -123 c 9
 225 186 l 25
654 414 m 25
 710.16 399.96 748.421 407.883 798 378 c 24
 838.691 353.474 858.222 327.154 873 282 c 24
 881.749 255.267 877.81 224.184 852 213 c 24
 825.076 201.333 804.839 223.401 783 243 c 24
 757.154 266.195 755.914 290.276 735 318 c 24
 705.498 357.106 685.59 376.56 654 414 c 25
90 336 m 25
 156.69 333.66 194.269 330 261 330 c 24
 465.764 330 581.25 333.66 786 336 c 25
 789 285 l 25
 688.38 277.98 631.574 274.652 531 267 c 24
 416.29 258.272 351.632 252.7 237 243 c 24
 199.529 239.829 172.778 213.895 141 234 c 24
 103.415 257.778 109.89 296.22 90 336 c 25
420 555 m 25
 459.78 533.94 497.305 538.631 522 501 c 24
 534.264 482.312 497.428 476.073 483 459 c 24
 427.208 392.979 396.99 354.69 342 288 c 25
 285 288 l 25
 311.91 333.63 330.097 357.725 354 405 c 24
 382.839 462.036 394.26 496.5 420 555 c 25
588 792 m 25
 631 772 667 776 699 741 c 24
 713 726 686 712 678 693 c 25
 678 543 l 17
 670 514 664 492 633 489 c 1
 609 491 598 515 588 543 c 9
 588 792 l 25
306 792 m 25
 349 772 385 776 417 741 c 24
 431 726 404 712 396 693 c 25
 396 549 l 17
 388 520 382 498 351 495 c 1
 327 497 316 521 306 549 c 9
 306 792 l 25
39 663 m 25
 816 663 l 25
 845 691 854 723 879 732 c 1
 905 728 947 675 978 642 c 1
 986 624 969 613 951 613 c 9
 39 613 l 25
 39 663 l 25
EndSplineSet
EndChar
