Width: 1000
Flags: HW
TeX: 117 0
LayerCount: 2
Fore
SplineSet
243 257 m 25
 243 588 l 25
 286 568 322 572 354 537 c 24
 368 522 341 508 333 489 c 25
 333 257 l 25
 243 257 l 25
783 757 m 25
 811 743 830 740 855 721 c 24
 879 702 898 691 906 661 c 24
 911 641 904 622 885 613 c 24
 866 604 849 613 834 628 c 24
 816 646 819 665 810 688 c 24
 799 715 794 730 783 757 c 25
516 153 m 1
 876 153 l 1
 876 103 l 1
 516 103 l 1
 516 153 l 1
531 316 m 1
 885 316 l 1
 885 266 l 1
 531 266 l 1
 531 316 l 1
819 -32 m 25
 819 422 l 25
 519 422 l 25
 519 472 l 25
 819 472 l 25
 835 485 841 510 861 505 c 24
 896 495 913 474 930 442 c 24
 937 429 917 424 909 412 c 25
 909 -98 l 17
 897 -116 887 -149 861 -146 c 24
 831 -142 832 -107 810 -86 c 24
 786 -63 770 -53 744 -32 c 25
 819 -32 l 25
489 500 m 25
 532 480 568 484 600 449 c 24
 614 434 587 420 579 401 c 25
 579 -95 l 17
 571 -124 565 -146 534 -149 c 1
 510 -147 499 -123 489 -95 c 9
 489 500 l 25
651 780 m 25
 694 760 730 764 762 729 c 24
 776 714 749 700 741 681 c 25
 741 -95 l 17
 733 -124 727 -146 696 -149 c 1
 672 -147 661 -123 651 -95 c 9
 651 780 l 25
438 601 m 25
 889 601 l 25
 889 601 911 632 935 641 c 1
 954 634 978 606 997 580 c 1
 1005 562 989 551 971 551 c 9
 438 551 l 25
 438 601 l 25
174 -37 m 1
 390 -37 l 1
 390 -87 l 1
 174 -87 l 1
 174 -37 l 1
150 156 m 25
 345 156 l 25
 361 169 367 194 387 189 c 24
 422 179 439 158 456 126 c 24
 463 113 443 108 435 96 c 25
 435 -72 l 17
 427 -101 421 -123 390 -126 c 1
 366 -124 355 -100 345 -72 c 9
 345 106 l 25
 150 106 l 25
 150 156 l 25
120 186 m 25
 163 166 199 170 231 135 c 24
 245 120 218 106 210 87 c 25
 210 -87 l 17
 202 -116 196 -138 165 -141 c 1
 141 -139 130 -115 120 -87 c 9
 120 186 l 25
84 277 m 25
 390 277 l 25
 390 277 412 308 436 317 c 1
 455 310 479 282 498 256 c 1
 506 238 490 227 472 227 c 9
 84 227 l 25
 84 277 l 25
129 432 m 25
 351 432 l 25
 351 432 373 463 397 472 c 1
 416 465 440 437 459 411 c 1
 467 393 451 382 433 382 c 9
 129 382 l 25
 129 432 l 25
273 734 m 25
 342 692 390 680 450 626 c 24
 471 607 477 583 468 557 c 24
 461 539 438 533 420 542 c 24
 369 567 354 602 309 636 c 24
 285 654 269 660 243 675 c 25
 273 734 l 25
233 772 m 25
 270 747 299 741 329 707 c 24
 336 699 318 694 311 685 c 24
 276 640 262 610 223 568 c 24
 181 522 155 497 105 461 c 24
 72 437 48 434 12 416 c 25
 49 467 72 494 108 546 c 24
 141 594 161 620 189 671 c 24
 210 709 216 733 233 772 c 25
EndSplineSet
EndChar
