Width: 1000
Flags: H
TeX: 117 0
LayerCount: 2
Fore
SplineSet
753 102 m 25
 720 153 l 25
 759.78 185.76 783.899 202.301 822 237 c 24
 849.532 262.073 862.26 279.09 888 306 c 25
 917.25 274.41 941.893 262.523 963 225 c 24
 967.935 216.228 950.19 215.85 942 210 c 25
 753 102 l 25
633 366 m 25
 684 366 l 25
 723 234 l 25
 739 204 746 185 765 156 c 24
 801 100 817 63 864 15 c 24
 910 -32 947 -45 1000 -84 c 25
 979 -93 965 -96 945 -108 c 24
 923 -122 920 -151 894 -150 c 24
 866 -149 856 -126 837 -105 c 24
 803 -67 786 -43 759 0 c 24
 737 35 725 56 711 96 c 24
 675 200 663 261 633 366 c 25
579 394 m 1
 849 394 l 1
 849 344 l 1
 579 344 l 1
 579 394 l 1
561 547 m 1
 849 547 l 1
 849 497 l 1
 561 497 l 1
 561 547 l 1
561 686 m 25
 795 686 l 25
 811.38 698.87 816.891 724.435 837 719 c 24
 872.178 709.492 889.287 688.381 906 656 c 24
 912.55 643.309 893.19 637.7 885 626 c 25
 885 354 l 17
 877 325 871 303 840 300 c 1
 816 302 805 326 795 354 c 9
 795 636 l 25
 561 636 l 25
 561 686 l 25
459 -42 m 25
 522.18 -32.6396 558.736 -32.2317 621 -18 c 24
 681.965 -4.06543 714.33 11.2803 774 30 c 25
 798 -12 l 25
 759.39 -33.0596 738.242 -46.1425 699 -66 c 24
 641.101 -95.2988 608.644 -112.438 549 -138 c 24
 534.652 -144.149 520.676 -158.388 510 -147 c 24
 478.863 -113.788 478.89 -82.9502 459 -42 c 25
531 -78 m 25
 531 716 l 25
 574.29 696.11 609.953 700.251 642 665 c 24
 655.745 649.881 629.19 635.72 621 617 c 25
 621 -78 l 25
 531 -78 l 25
234 48 m 25
 303 48 l 25
 326 29 341 20 363 0 c 24
 397 -31 433 -40 447 -84 c 24
 456 -112 439 -142 411 -150 c 24
 381 -158 363 -134 339 -114 c 24
 320 -99 316 -83 303 -63 c 24
 275 -20 261 5 234 48 c 25
204 60 m 25
 204 465 l 25
 294 465 l 25
 294 12 l 25
 270.6 -21.9297 263.95 -46.6835 234 -75 c 24
 198.394 -108.664 173.65 -123.816 129 -144 c 24
 87.1074 -162.938 59.46 -162.3 15 -174 c 25
 47.7598 -147.09 67.7481 -133.648 99 -105 c 24
 124.012 -82.0723 140.784 -70.625 159 -42 c 24
 182.343 -5.31836 186.45 20.2197 204 60 c 25
0 78 m 25
 414 78 l 25
 414 78 437 114 462 123 c 1
 488 119 476 90 507 57 c 1
 515 39 498 28 480 28 c 9
 0 28 l 25
 0 78 l 25
33 207 m 25
 390 207 l 25
 390 207 413 243 438 252 c 1
 464 248 452 219 483 186 c 1
 491 168 474 157 456 157 c 9
 33 157 l 25
 33 207 l 25
99 334 m 1
 417 334 l 1
 417 284 l 1
 99 284 l 1
 99 334 l 1
93 498 m 25
 357 498 l 25
 373.38 510.87 378.89 536.435 399 531 c 24
 434.178 521.492 451.287 500.381 468 468 c 24
 474.55 455.309 455.19 449.7 447 438 c 25
 447 318 l 17
 439 289 433 267 402 264 c 1
 378 266 367 290 357 318 c 9
 357 448 l 25
 93 448 l 25
 93 498 l 25
51 534 m 25
 94.29 514.11 129.953 518.251 162 483 c 24
 175.745 467.881 149.19 453.72 141 435 c 25
 141 303 l 17
 133 274 127 252 96 249 c 1
 72 251 61 275 51 303 c 9
 51 534 l 25
318 765 m 25
 361.29 745.11 396.953 749.251 429 714 c 24
 442.745 698.881 416.19 684.72 408 666 c 25
 408 582 l 17
 400 553 394 531 363 528 c 1
 339 530 328 554 318 582 c 9
 318 765 l 25
126 768 m 25
 169 748 205 752 237 717 c 24
 251 702 224 688 216 669 c 25
 216 579 l 17
 208 550 202 528 171 525 c 1
 147 527 136 551 126 579 c 9
 126 768 l 25
39 672 m 25
 432 672 l 25
 432 672 455 708 480 717 c 1
 506 713 494 684 525 651 c 1
 533 633 516 622 498 622 c 9
 39 622 l 25
 39 672 l 25
EndSplineSet
EndChar
