Width: 1000
Flags: HW
TeX: 117 0
LayerCount: 2
Fore
SplineSet
681 588 m 25
 681 625 l 25
 606 625 l 25
 606 675 l 25
 681 675 l 25
 697.38 687.87 702.891 713.435 723 708 c 24
 758.178 698.492 775.287 677.381 792 645 c 24
 798.55 632.309 779.19 626.7 771 615 c 25
 771 564 l 25
 794.4 530.07 803.094 507.333 831 477 c 24
 884.24 419.131 920.67 392.82 978 339 c 25
 963.96 327.3 954.142 322.659 942 309 c 24
 925.825 290.804 929.78 252.78 906 258 c 24
 861.49 267.771 848.888 301.601 819 336 c 24
 786.435 373.481 770.849 397.45 747 441 c 24
 716.815 496.119 706.74 530.67 681 588 c 25
522 648 m 25
 561.78 632.79 594.438 639.657 624 609 c 24
 637.443 595.059 611.19 581.55 603 564 c 25
 600.66 526.56 607.04 504.145 597 468 c 24
 583.265 418.552 574.508 388.51 543 348 c 24
 507.315 302.119 473.46 289.44 429 252 c 25
 460.59 314.01 487.559 345.125 510 411 c 24
 524.416 453.317 517.32 480.54 522 525 c 25
 522 648 l 25
531 -53 m 25
 825 -53 l 25
 825 -103 l 25
 531 -103 l 25
 531 -53 l 25
522 246 m 25
 765 246 l 25
 781.38 258.87 786.891 284.435 807 279 c 24
 842.178 269.492 859.287 248.381 876 216 c 24
 882.55 203.309 863.19 197.7 855 186 c 25
 855 -102 l 17
 847 -131 841 -153 810 -156 c 1
 786 -154 775 -130 765 -102 c 9
 765 196 l 25
 522 196 l 25
 522 246 l 25
501 270 m 25
 544.29 250.11 579.953 254.251 612 219 c 24
 625.745 203.881 599.19 189.72 591 171 c 25
 591 -96 l 17
 583 -125 577 -147 546 -150 c 1
 522 -148 511 -124 501 -96 c 9
 501 270 l 25
303 291 m 25
 303 93 l 17
 295 64 289 42 258 39 c 1
 234 41 223 65 213 93 c 9
 213 291 l 25
 303 291 l 25
225 537 m 25
 255.42 508.92 289.458 504.121 303 465 c 24
 314.145 432.804 306.126 401.616 279 381 c 24
 261.082 367.383 237.518 387.606 228 408 c 24
 217.504 430.491 237 446.188 237 471 c 24
 237 497.155 229.68 511.26 225 537 c 25
24 324 m 25
 111.75 324 161.481 336 249 336 c 24
 342.946 336 395.4 354.3 489 366 c 25
 458.58 342.6 447.348 318.321 411 306 c 24
 306.677 270.636 241.865 272.716 135 246 c 24
 110.55 239.888 95.6203 207.51 75 222 c 24
 38.6104 247.571 43.8896 284.22 24 324 c 25
345 -48 m 25
 345 574 l 25
 171 574 l 25
 171 624 l 25
 345 624 l 25
 361.38 636.87 366.89 662.435 387 657 c 24
 422.178 647.492 439.287 626.381 456 594 c 24
 462.55 581.309 443.19 575.7 435 564 c 25
 435 -84 l 25
 410.43 -108.57 406.343 -141.717 372 -147 c 24
 344.905 -151.169 339.146 -119.446 318 -102 c 24
 292.346 -80.835 277.74 -69.0596 252 -48 c 25
 345 -48 l 25
108 246 m 25
 108 648 l 25
 151 628 187 632 219 597 c 24
 233 582 206 568 198 549 c 25
 198 237 l 25
 198 190.2 197.755 163.107 189 117 c 24
 180.095 70.0967 173.858 42.9434 153 0 c 24
 133.568 -40.0059 118.093 -61.1999 87 -93 c 24
 65.6699 -114.814 46.7402 -118.62 21 -135 c 25
 47.9102 -69.4805 74.2318 -36.0538 90 33 c 24
 108.559 114.274 108 162.93 108 246 c 25
252 783 m 25
 297.63 764.28 334.125 769.875 369 735 c 24
 382.569 721.431 341.826 720.111 330 705 c 24
 299.195 665.639 287.91 639.12 261 597 c 25
 219 597 l 25
 252 783 l 25
EndSplineSet
EndChar
