Width: 1000
Flags: HW
LayerCount: 2
Fore
SplineSet
147 462 m 25
 759 462 l 25
 788 490 797 522 822 531 c 1
 848 527 890 474 921 441 c 1
 929 423 912 412 894 412 c 9
 147 412 l 25
 147 462 l 25
288 150 m 25
 768 150 l 25
 768 100 l 25
 288 100 l 25
 288 150 l 25
296 333 m 25
 720 333 l 25
 736 346 742 371 762 366 c 24
 797 356 814 335 831 303 c 24
 838 290 818 285 810 273 c 25
 810 137 l 17
 802 108 796 86 765 83 c 1
 741 85 730 109 720 137 c 9
 720 283 l 25
 296 283 l 25
 296 333 l 25
237 159 m 9
 237 360 l 25
 280 340 316 344 348 309 c 24
 362 294 335 280 327 261 c 25
 327 150 l 17
 324 108 318 75 297 33 c 24
 269 -22 250 -54 204 -96 c 24
 162 -134 123 -153 78 -168 c 1
 117 -114 135 -101 165 -54 c 24
 188 -18 199 4 213 45 c 24
 228 88 228 105 237 159 c 9
597 768 m 25
 640 748 676 752 708 717 c 24
 722 702 695 688 687 669 c 25
 687 537 l 17
 679 508 673 486 642 483 c 1
 618 485 607 509 597 537 c 9
 597 768 l 25
309 771 m 25
 352 751 388 755 420 720 c 24
 434 705 407 691 399 672 c 25
 399 537 l 17
 391 508 385 486 354 483 c 1
 330 485 319 509 309 537 c 9
 309 771 l 25
93 651 m 25
 753 651 l 25
 782 679 791 711 816 720 c 1
 842 716 884 663 915 630 c 1
 923 612 906 601 888 601 c 9
 93 601 l 25
 93 651 l 25
EndSplineSet
EndChar
