Width: 1000
Flags: H
TeX: 117 0
LayerCount: 2
Fore
SplineSet
672 297 m 25
 672 -132 l 17
 664 -161 658 -183 627 -186 c 1
 603 -184 592 -160 582 -132 c 9
 582 297 l 25
 672 297 l 25
342 51 m 25
 342 306 l 25
 432 306 l 25
 432 42 l 17
 411 -18 411.326 -32.2587 381 -69 c 24
 348.527 -108.342 321.752 -124.437 276 -147 c 24
 234.768 -167.334 207.721 -172.187 162 -177 c 24
 117.723 -181.661 92.46 -173.34 48 -171 c 25
 90.1201 -155.79 115.945 -152.027 156 -132 c 24
 214.687 -102.656 253.228 -91.0173 300 -45 c 24
 329.131 -16.3389 325.62 13.5596 342 51 c 25
105 165 m 25
 783 165 l 25
 812 193 821 225 846 234 c 1
 872 230 914 177 945 144 c 1
 953 126 936 115 918 115 c 9
 105 115 l 25
 105 165 l 25
555 524 m 1
 792 524 l 1
 792 474 l 1
 555 474 l 1
 555 524 l 1
561 684 m 25
 744 684 l 25
 760 697 766 722 786 717 c 24
 821 707 838 686 855 654 c 24
 862 641 842 636 834 624 c 25
 834 300 l 17
 826 271 820 249 789 246 c 1
 765 248 754 272 744 300 c 9
 744 634 l 25
 561 634 l 25
 561 684 l 25
210 335 m 1
 798 335 l 1
 798 285 l 1
 210 285 l 1
 210 335 l 1
207 519 m 25
 411 519 l 25
 411 519 434 555 459 564 c 1
 485 560 473 531 504 498 c 1
 512 480 495 469 477 469 c 9
 207 469 l 25
 207 519 l 25
174 693 m 25
 217 673 253 677 285 642 c 24
 299 627 272 613 264 594 c 25
 264 303 l 17
 256 274 250 252 219 249 c 1
 195 251 184 275 174 303 c 9
 174 693 l 25
510 678 m 24
 513.668 664.247 487.901 675.058 474 672 c 24
 370.881 649.313 312.96 635.4 210 612 c 25
 201 666 l 25
 257.16 685.89 289.41 695.568 345 717 c 24
 386.569 733.027 409.05 744.45 450 762 c 25
 473.4 729.24 499.627 716.899 510 678 c 24
EndSplineSet
EndChar
