Width: 1000
Flags: H
TeX: 117 0
LayerCount: 2
Fore
SplineSet
390 -49 m 25
 768 -49 l 25
 768 -99 l 25
 390 -99 l 25
 390 -49 l 25
372 207 m 25
 714 207 l 25
 730 220 736 245 756 240 c 24
 791 230 808 209 825 177 c 24
 832 164 812 159 804 147 c 25
 804 -90 l 17
 796 -119 790 -141 759 -144 c 1
 735 -142 724 -118 714 -90 c 9
 714 157 l 25
 372 157 l 25
 372 207 l 25
348 234 m 25
 391 214 427 218 459 183 c 24
 473 168 446 154 438 135 c 25
 438 -111 l 17
 430 -140 424 -162 393 -165 c 1
 369 -163 358 -139 348 -111 c 9
 348 234 l 25
468 546 m 17
 507 529 536 520 564 486 c 24
 573 475 551 468 543 456 c 24
 482 366 457 308 387 225 c 24
 317 142 271 101 186 33 c 24
 141 -3 107 -11 57 -39 c 25
 111 22 143 55 195 117 c 24
 236 166 257 194 294 246 c 24
 333 301 356 332 390 390 c 24
 424 449 438 485 468 546 c 17
624 789 m 25
 667 769 703 773 735 738 c 24
 749 723 722 709 714 690 c 25
 714 537 l 17
 706 508 700 486 669 483 c 1
 645 485 634 509 624 537 c 9
 624 789 l 25
327 786 m 25
 370 766 406 770 438 735 c 24
 452 720 425 706 417 687 c 25
 417 528 l 17
 409 499 403 477 372 474 c 1
 348 476 337 500 327 528 c 9
 327 786 l 25
42 387 m 25
 798 387 l 25
 827 415 836 447 861 456 c 1
 887 452 929 399 960 366 c 1
 968 348 951 337 933 337 c 9
 42 337 l 25
 42 387 l 25
39 624 m 25
 819 624 l 25
 848 652 857 684 882 693 c 1
 908 689 950 636 981 603 c 1
 989 585 972 574 954 574 c 9
 39 574 l 25
 39 624 l 25
EndSplineSet
EndChar
