Width: 1000
Flags: H
TeX: 117 0
LayerCount: 2
Fore
SplineSet
204 -53 m 1
 813 -53 l 1
 813 -103 l 1
 204 -103 l 1
 204 -53 l 1
210 139 m 1
 801 139 l 1
 801 89 l 1
 210 89 l 1
 210 139 l 1
222 308 m 1
 795 308 l 1
 795 258 l 1
 222 258 l 1
 222 308 l 1
198 470 m 25
 738 470 l 25
 754.38 482.87 759.891 508.435 780 503 c 24
 815.178 493.492 832.287 472.381 849 440 c 24
 855.55 427.309 836.19 421.7 828 410 c 25
 828 -115 l 17
 820 -144 814 -166 783 -169 c 1
 759 -167 748 -143 738 -115 c 9
 738 420 l 25
 198 420 l 25
 198 470 l 25
168 497 m 25
 211 477 247 481 279 446 c 24
 293 431 266 417 258 398 c 25
 258 -121 l 17
 250 -150 244 -172 213 -175 c 1
 189 -173 178 -149 168 -121 c 9
 168 497 l 25
558 773 m 25
 601 753 637 757 669 722 c 24
 683 707 656 693 648 674 c 25
 648 569 l 17
 640 540 634 518 603 515 c 1
 579 517 568 541 558 569 c 9
 558 773 l 25
324 770 m 25
 367.29 750.11 402.953 754.251 435 719 c 24
 448.745 703.881 422.19 689.72 414 671 c 25
 414 563 l 17
 406 534 400 512 369 509 c 1
 345 511 334 535 324 563 c 9
 324 770 l 25
39 647 m 25
 810 647 l 25
 839 675 848 707 873 716 c 1
 899 712 941 659 972 626 c 1
 980 608 963 597 945 597 c 9
 39 597 l 25
 39 647 l 25
EndSplineSet
EndChar
