Width: 1000
Flags: H
TeX: 117 0
LayerCount: 2
Fore
SplineSet
660 269 m 25
 660 -82 l 17
 652 -111 646 -133 615 -136 c 1
 591 -134 580 -110 570 -82 c 9
 570 269 l 25
 660 269 l 25
297 299 m 25
 768 299 l 25
 797 327 806 359 831 368 c 1
 857 364 899 311 930 278 c 1
 938 260 921 249 903 249 c 9
 297 249 l 25
 297 299 l 25
243 170 m 9
 243 515 l 25
 286.29 495.11 321.953 499.251 354 464 c 24
 367.745 448.881 341.19 434.72 333 416 c 25
 333 140 l 25
 317.79 96.71 319.583 67.0908 294 29 c 24
 265.386 -13.6025 241.612 -33.9492 198 -61 c 24
 147.595 -92.2637 111.99 -95.7695 57 -118 c 25
 103.8 -67.6904 139.722 -46.7207 177 11 c 24
 213.425 67.4004 243 110 243 170 c 9
849 458 m 24
 854.074 443.238 810 449 810 449 c 1
 291 413 l 25
 285 476 l 25
 382.11 484.19 437.49 483.465 534 497 c 24
 629.665 510.416 777 545 777 545 c 1
 777 545 834.683 499.65 849 458 c 24
594 788 m 25
 637 768 673 772 705 737 c 24
 719 722 692 708 684 689 c 25
 684 587 l 17
 676 558 670 536 639 533 c 1
 615 535 604 559 594 587 c 9
 594 788 l 25
363 797 m 25
 406 777 442 781 474 746 c 24
 488 731 461 717 453 698 c 25
 453 575 l 17
 445 546 439 524 408 521 c 1
 384 523 373 547 363 575 c 9
 363 797 l 25
138 670 m 25
 771 670 l 25
 800 698 809 730 834 739 c 1
 860 735 902 682 933 649 c 1
 941 631 924 620 906 620 c 9
 138 620 l 25
 138 670 l 25
EndSplineSet
EndChar
