Width: 1000
Flags: H
TeX: 117 0
LayerCount: 2
Fore
SplineSet
462 -51 m 25
 870 -51 l 25
 870 -51 893 -15 918 -6 c 1
 944 -10 932 -39 963 -72 c 1
 971 -90 954 -101 936 -101 c 9
 462 -101 l 25
 462 -51 l 25
699 -75 m 25
 645 -75 l 25
 695 58 726 133 774 267 c 24
 786 301 790 322 801 357 c 25
 837 330 866 323 894 288 c 24
 902 278 885 270 879 258 c 25
 699 -75 l 25
498 294 m 25
 547 280 582 287 624 258 c 24
 660 233 674 207 687 165 c 24
 697 133 702 105 681 78 c 24
 667 60 640 69 624 84 c 24
 599 108 604 135 588 165 c 24
 569 200 557 219 534 252 c 24
 522 270 512 278 498 294 c 25
648 546 m 25
 692 528 727 534 762 501 c 24
 775 489 747 477 738 462 c 25
 713 422 699 400 675 360 c 24
 648 315 635 289 609 243 c 25
 573 243 l 25
 591 293 605 320 618 372 c 24
 635 439 636 478 648 546 c 25
639 555 m 25
 639 765 l 25
 682 745 718 749 750 714 c 24
 764 699 737 685 729 666 c 25
 729 555 l 25
 639 555 l 25
465 576 m 25
 816 576 l 25
 845 604 854 636 879 645 c 1
 905 641 947 588 978 555 c 1
 986 537 969 526 951 526 c 9
 465 526 l 25
 465 576 l 25
319 327 m 25
 319 81 l 17
 311 52 305 30 274 27 c 1
 250 29 239 53 229 81 c 9
 229 327 l 25
 319 327 l 25
213 555 m 25
 252 530 286 530 312 492 c 24
 332 462 333 432 318 399 c 24
 308 377 284 372 261 378 c 24
 246 382 252 401 249 417 c 24
 244 444 247 460 240 486 c 24
 233 514 224 528 213 555 c 25
48 351 m 25
 498 351 l 25
 461 337 441 325 402 315 c 24
 300 289 240 284 138 258 c 24
 118 253 105 219 90 234 c 24
 56 269 64 305 48 351 c 25
345 -51 m 25
 345 571 l 25
 147 571 l 25
 147 621 l 25
 345 621 l 25
 361 634 367 659 387 654 c 24
 422 644 439 623 456 591 c 24
 463 578 443 573 435 561 c 25
 435 -84 l 17
 438 -117 404 -149 366 -156 c 24
 342 -160 353 -119 336 -102 c 24
 311 -77 290 -71 261 -51 c 25
 345 -51 l 25
123 63 m 25
 123 654 l 25
 166 634 202 638 234 603 c 24
 248 588 221 574 213 555 c 25
 213 69 l 25
 199 23 198 -5 177 -48 c 24
 158 -88 145 -112 111 -141 c 24
 84 -164 60 -163 27 -177 c 25
 49 -143 69 -128 84 -90 c 24
 107 -33 108 3 123 63 c 25
252 786 m 25
 291 767 323 771 351 738 c 24
 362 725 333 718 321 705 c 25
 270 591 l 25
 225 591 l 25
 232 623 239 640 243 672 c 24
 249 716 252 742 252 786 c 25
EndSplineSet
EndChar
