Width: 1000
Flags: H
TeX: 117 0
LayerCount: 2
Fore
SplineSet
243 -43 m 1
 777 -43 l 1
 777 -93 l 1
 243 -93 l 1
 243 -43 l 1
243 174 m 25
 705 174 l 25
 721 187 727 212 747 207 c 24
 782 197 799 176 816 144 c 24
 823 131 803 126 795 114 c 25
 795 -90 l 17
 787 -119 781 -141 750 -144 c 1
 726 -142 715 -118 705 -90 c 9
 705 124 l 25
 243 124 l 25
 243 174 l 25
207 216 m 25
 250.29 196.11 285.953 200.251 318 165 c 24
 331.745 149.881 305.19 135.72 297 117 c 25
 297 -90 l 17
 289 -119 283 -141 252 -144 c 1
 228 -142 217 -118 207 -90 c 9
 207 216 l 25
459 393 m 25
 768 393 l 25
 768 393 791 429 816 438 c 1
 842 434 830 405 861 372 c 1
 869 354 852 343 834 343 c 9
 459 343 l 25
 459 393 l 25
429 159 m 25
 429 546 l 25
 472 526 508 530 540 495 c 24
 554 480 527 466 519 447 c 25
 519 159 l 25
 429 159 l 25
573 786 m 25
 616 766 652 770 684 735 c 24
 698 720 671 706 663 687 c 25
 663 546 l 17
 655 517 649 495 618 492 c 1
 594 494 583 518 573 546 c 9
 573 786 l 25
276 792 m 25
 319 772 355 776 387 741 c 24
 401 726 374 712 366 693 c 25
 366 537 l 17
 358 508 352 486 321 483 c 1
 297 485 286 509 276 537 c 9
 276 792 l 25
66 648 m 25
 765 648 l 25
 765 648 803 708 828 717 c 1
 854 713 896 660 927 627 c 1
 935 609 918 598 900 598 c 9
 66 598 l 25
 66 648 l 25
EndSplineSet
EndChar
