Width: 1000
Flags: HW
TeX: 117 0
LayerCount: 2
Fore
SplineSet
470 646 m 25
 560 646 l 25
 560 181 l 25
 470 181 l 25
 470 646 l 25
285 -45 m 25
 753 -45 l 25
 753 -95 l 25
 285 -95 l 25
 285 -45 l 25
276 208 m 25
 702 208 l 25
 718 221 724 246 744 241 c 24
 779 231 796 210 813 178 c 24
 820 165 800 160 792 148 c 25
 792 -83 l 17
 784 -112 778 -134 747 -137 c 1
 723 -135 712 -111 702 -83 c 9
 702 158 l 25
 276 158 l 25
 276 208 l 25
253 237 m 25
 296 217 332 221 364 186 c 24
 378 171 351 157 343 138 c 25
 343 -95 l 17
 335 -124 329 -146 298 -149 c 1
 274 -147 263 -123 253 -95 c 9
 253 237 l 25
108 441 m 25
 768 441 l 25
 797 469 806 501 831 510 c 1
 857 506 899 453 930 420 c 1
 938 402 921 391 903 391 c 9
 108 391 l 25
 108 441 l 25
756 763 m 1
 756 763 806 705 807 661 c 24
 808 642 778 656 759 652 c 17
 656 638 531 618 531 618 c 8
 463 610 425 607 357 607 c 24
 265 607 212 612 120 616 c 17
 216 637 249 643 321 655 c 0
 423 672 468 683 561 706 c 24
 638 725 756 763 756 763 c 1
EndSplineSet
EndChar
