Width: 1000
Flags: H
TeX: 117 0
LayerCount: 2
Fore
SplineSet
456 435 m 25
 546 435 l 25
 546 207 l 25
 456 207 l 25
 456 435 l 25
225 223 m 25
 780 223 l 25
 780 173 l 25
 225 173 l 25
 225 223 l 25
231 459 m 25
 726 459 l 25
 742 472 748 497 768 492 c 24
 803 482 820 461 837 429 c 24
 844 416 824 411 816 399 c 25
 816 204 l 17
 808 175 802 153 771 150 c 1
 747 152 736 176 726 204 c 9
 726 409 l 25
 231 409 l 25
 231 459 l 25
797 -162 m 10
 267 -162 l 18
 210 -162 180 -114 180 -89 c 10
 180 495 l 25
 180 495 259 479 291 444 c 24
 305 429 278 415 270 396 c 25
 270 -21 l 18
 270 -51 291 -82 336 -82 c 2
 746 -82 l 2
 761 -82 787 -70 797 -57 c 0
 817 -30 832 34 854 93 c 25
 859 38 852 5 866 -48 c 24
 873 -73 903 -78 905 -102 c 0
 907 -123 884 -141 867 -149 c 0
 859 -153 836 -162 797 -162 c 10
504 435 m 25
 432 435 l 25
 543 621 l 25
 293 621 l 25
 294 678 l 25
 561 678 l 25
 579 691 586 719 606 711 c 24
 643 697 661 673 675 636 c 24
 681 621 659 616 648 603 c 24
 592 537 560 501 504 435 c 25
312 789 m 25
 312 789 382 769 415 739 c 24
 425 730 397 728 390 717 c 24
 345 648 329 603 282 536 c 24
 245 483 222 454 174 411 c 24
 144 384 121 372 84 360 c 1
 136 440 165 488 210 573 c 24
 254 655 312 789 312 789 c 25
EndSplineSet
EndChar
