Width: 1000
Flags: HW
LayerCount: 2
Fore
SplineSet
588 777 m 25
 631.29 757.11 666.953 761.251 699 726 c 24
 712.745 710.881 686.19 696.72 678 678 c 25
 678 516 l 17
 670 487 664 465 633 462 c 1
 609 464 598 488 588 516 c 9
 588 777 l 25
303 780 m 25
 346 760 382 764 414 729 c 24
 428 714 401 700 393 681 c 25
 393 519 l 17
 385 490 379 468 348 465 c 1
 324 467 313 491 303 519 c 9
 303 780 l 25
36 636 m 25
 792 636 l 25
 821 664 830 696 855 705 c 1
 881 701 923 648 954 615 c 1
 962 597 945 586 927 586 c 9
 36 586 l 25
 36 636 l 25
756 285 m 25
 813.33 239.76 854.185 223.318 903 169 c 24
 935.528 132.805 958.388 106.638 960 58 c 24
 961.119 24.2412 942.559 -15.8353 909 -12 c 24
 870.956 -7.65234 872.768 36.0801 855 70 c 24
 833.994 110.102 828.934 135.88 810 177 c 24
 790.304 219.774 777.06 242.88 756 285 c 25
495 453 m 25
 546.48 417.51 586.995 410.056 627 362 c 24
 652.846 330.953 666.12 300.535 654 262 c 24
 645.782 235.873 610.249 222.026 588 238 c 24
 550.162 265.166 555.492 303.248 537 346 c 24
 519.202 387.146 511.38 411.27 495 453 c 25
189 237 m 17
 198 189 209.899 146.191 198 90 c 24
 187.897 42.2959 190.696 -5.62309 135 -18 c 0
 108 -24 80.9082 -1.99512 78 30 c 0
 75 63 102.526 82.4133 120 115 c 24
 145.832 163.174 162.09 189.42 189 237 c 17
714 -167 m 9
 372 -167 l 17
 344 -162 320 -144 315 -119 c 9
 315 434 l 25
 358.29 414.11 393.953 418.251 426 383 c 24
 439.745 367.881 413.19 353.72 405 335 c 25
 405 -51 l 17
 405 -72 425 -86 441 -87 c 9
 636 -87 l 25
 648.87 -53.0703 657.467 -34.4072 669 0 c 24
 680.884 35.4541 685.47 56.1201 696 92 c 25
 701.85 25.7002 702 -21 711 -78 c 0
 714.622 -100.94 749.218 -99.7891 750 -123 c 24
 750.747 -145.159 732 -156 714 -167 c 9
EndSplineSet
EndChar
