Width: 1000
Flags: H
TeX: 117 0
LayerCount: 2
Fore
SplineSet
162 729 m 25
 774 729 l 25
 803 757 812 789 837 798 c 1
 863 794 905 741 936 708 c 1
 944 690 927 679 909 679 c 9
 162 679 l 25
 162 729 l 25
693 279 m 25
 693 -81 l 17
 685 -110 679 -132 648 -135 c 1
 624 -133 613 -109 603 -81 c 9
 603 279 l 25
 693 279 l 25
510 279 m 25
 510 -81 l 17
 502 -110 496 -132 465 -135 c 1
 441 -133 430 -109 420 -81 c 9
 420 279 l 25
 510 279 l 25
285 129 m 1
 846 129 l 1
 846 79 l 1
 285 79 l 1
 285 129 l 1
786 -108 m 24
 761.761 -83.0479 745.74 -71.4004 720 -48 c 25
 789 -48 l 25
 789 253 l 25
 279 253 l 25
 279 303 l 25
 789 303 l 25
 805.38 315.87 810.891 341.435 831 336 c 24
 866.178 326.492 883.287 305.381 900 273 c 24
 906.55 260.309 887.19 254.7 879 243 c 25
 879 -96 l 17
 876 -120 853.18 -148.977 822 -153 c 24
 799.71 -155.876 801.66 -124.121 786 -108 c 24
231 330 m 25
 274.29 310.11 309.953 314.251 342 279 c 24
 355.745 263.881 329.19 249.72 321 231 c 25
 321 -96 l 17
 313 -125 307 -147 276 -150 c 1
 252 -148 241 -124 231 -96 c 9
 231 330 l 25
249 443 m 1
 795 443 l 1
 795 393 l 1
 249 393 l 1
 249 443 l 1
249 597 m 25
 735 597 l 25
 751.38 609.87 756.891 635.435 777 630 c 24
 812.178 620.492 829.287 599.381 846 567 c 24
 852.55 554.309 833.19 548.7 825 537 c 25
 825 432 l 17
 817 403 811 381 780 378 c 1
 756 380 745 404 735 432 c 9
 735 547 l 25
 249 547 l 25
 249 597 l 25
204 210 m 25
 204 624 l 25
 247.29 604.11 282.953 608.251 315 573 c 24
 328.745 557.881 302.19 543.72 294 525 c 25
 294 276 l 25
 286.98 225.69 286.817 196.632 276 147 c 24
 266.859 105.06 262.381 80.3007 243 42 c 24
 212.814 -17.6514 197.662 -55.1192 150 -102 c 24
 123.049 -128.51 95.0996 -123.96 60 -138 c 25
 83.4004 -100.56 100.451 -81.5868 120 -42 c 24
 147.418 13.5205 160.419 46.256 180 105 c 24
 193.283 144.851 194.64 169.05 204 210 c 25
EndSplineSet
EndChar
