Width: 1000
Flags: H
TeX: 117 0
LayerCount: 2
Fore
SplineSet
797 400 m 9
 687 400 l 25
 687 450 l 25
 800 450 l 1
 812 461 827 487 842 483 c 0
 878 473 888 452 908 420 c 0
 916 406 893 399 887 384 c 0
 860 315 837 201 792 129 c 0
 732.216 33.3447 716 12 630 -60 c 0
 586 -97 537 -123 482 -141 c 0
 438 -155 425 -159 372 -159 c 1
 433 -124 450 -113 507 -72 c 0
 563 -31 591 -2 639 48 c 0
 685 96 710.088 148.268 741 207 c 0
 771 264 797 400 797 400 c 9
36 537 m 25
 309 537 l 25
 309 537 331 568 355 577 c 1
 374 570 398 542 417 516 c 1
 425 498 409 487 391 487 c 9
 36 487 l 25
 36 537 l 25
183 -57 m 25
 183 786 l 25
 183 786 262 770 294 735 c 24
 308 720 281 706 273 687 c 25
 273 -72 l 18
 273 -117 245 -157 213 -159 c 0
 182 -161 183 -125 160 -107 c 24
 132 -85 114 -76 84 -57 c 25
 183 -57 l 25
36 258 m 1
 36 258 146 285 216 303 c 24
 290 322 331 334 405 354 c 17
 369 323 345 303 303 276 c 24
 234 231 192 209 120 168 c 24
 109 161 99 143 90 153 c 24
 59 187 36 258 36 258 c 1
456 378 m 10
 456 678 l 25
 546 678 l 25
 546 393 l 18
 546 306 549 291 537 234 c 0
 523 165 510 126 480 63 c 24
 454 7 434 -23 393 -69 c 24
 365 -100 345 -112 306 -132 c 1
 344 -62 362 -28 390 42 c 24
 413 99 426 132 438 192 c 24
 452 264 456 282 456 378 c 10
474 363 m 25
 510 396 l 25
 510 396 579 271 636 201 c 24
 698 124 738 84 813 21 c 24
 869 -26 972 -81 972 -81 c 25
 972 -81 928 -100 900 -114 c 24
 880 -124 869 -151 849 -141 c 24
 794 -115 774 -82 735 -36 c 24
 672 37 641 82 588 162 c 24
 539 237 474 363 474 363 c 25
351 702 m 25
 654 702 l 25
 670.38 714.87 675.891 740.435 696 735 c 24
 731.178 725.492 748.287 704.381 765 672 c 24
 771.55 659.309 752.19 653.7 744 642 c 25
 708 401 l 18
 704 371 694 350 663 347 c 1
 639 349 614 372 618 401 c 10
 654 652 l 25
 351 652 l 25
 351 702 l 25
EndSplineSet
EndChar
