Width: 1000
Flags: HW
TeX: 117 0
LayerCount: 2
Fore
SplineSet
777 219 m 17
 828 177 846 159 879 111 c 24
 906 72 916 46 927 0 c 24
 937 -41 941 -67 933 -108 c 24
 929 -130 920 -153 897 -154 c 24
 874 -155 863 -133 855 -111 c 24
 833 -54 835 -18 822 42 c 24
 813 84 809 108 798 150 c 24
 791 177 785 192 777 219 c 17
453 10 m 25
 559 12 620 11 726 15 c 24
 784 17 816 22 874 26 c 25
 888 -21 l 25
 844 -30 819 -33 775 -43 c 24
 687 -63 637 -75 549 -96 c 24
 531 -100 516 -121 504 -108 c 24
 470 -71 473 -36 453 10 c 25
630 309 m 24
 640 369 641 404 648 465 c 25
 689 447 721 451 753 420 c 24
 766 407 746 392 741 375 c 24
 721 306 710 267 690 198 c 24
 665 111 652 63 627 -24 c 25
 567 -24 l 25
 592 106 608 179 630 309 c 24
409 579 m 25
 803 579 l 25
 803 579 842 639 867 648 c 1
 893 644 935 591 966 558 c 1
 974 540 957 529 939 529 c 9
 409 529 l 25
 409 579 l 25
396 93 m 25
 397 607 l 25
 440 587 476 591 508 556 c 24
 522 541 495 527 487 508 c 25
 486 93 l 25
 478 49 483 21 465 -21 c 24
 446 -67 430 -93 393 -126 c 24
 360 -156 342 -165 291 -177 c 9
 317 -137 336 -118 357 -75 c 24
 375 -38 381 -16 390 24 c 24
 396 50 394 66 396 93 c 25
624 777 m 25
 667 757 703 761 735 726 c 24
 749 711 722 697 714 678 c 25
 714 561 l 25
 624 561 l 25
 624 777 l 25
39 252 m 25
 112 261 152 267 225 276 c 24
 292 284 329 287 396 294 c 17
 354 264 315 244 261 216 c 24
 203 186 167 175 108 147 c 24
 99 143 93 124 87 132 c 24
 59 174 58 205 39 252 c 25
27 543 m 25
 315 543 l 25
 315 543 337 574 361 583 c 1
 380 576 404 548 423 522 c 1
 431 504 415 493 397 493 c 9
 27 493 l 25
 27 543 l 25
147 -135 m 24
 117.104 -113.201 99.4199 -102.06 69 -81 c 25
 186 -81 l 25
 186 795 l 25
 229.29 775.11 264.953 779.251 297 744 c 24
 310.745 728.881 284.19 714.72 276 696 c 25
 276 -105 l 17
 264 -144 251.98 -176.935 213 -186 c 24
 181.316 -193.368 173.284 -154.165 147 -135 c 24
EndSplineSet
EndChar
