Width: 1000
Flags: H
TeX: 117 0
LayerCount: 2
Fore
SplineSet
666 153 m 17
 732 141 769.9 123.909 831 93 c 24
 870.466 73.0352 892.335 57.6815 921 24 c 24
 940.716 0.833984 952.482 -17.6162 951 -48 c 24
 949.813 -72.3174 938.816 -93.948 915 -99 c 24
 888.379 -104.646 871.243 -88.2432 852 -69 c 24
 824.9 -41.9004 823.906 -15.7272 801 15 c 24
 775.739 48.8867 758.556 65.7868 729 96 c 24
 705.83 119.686 690.57 130.77 666 153 c 17
519 150 m 25
 554.1 123.09 586.244 118.926 609 81 c 24
 618.029 65.9512 594.521 57.2979 582 45 c 24
 528.825 -7.22461 502.595 -42.0343 441 -84 c 24
 394.659 -115.573 360.48 -118.77 309 -141 c 25
 345.27 -97.71 366.867 -74.2188 402 -30 c 24
 434.752 11.2227 454.306 33.8557 483 78 c 24
 500.109 104.322 504.96 121.92 519 150 c 25
693 225 m 25
 693 762 l 25
 736.29 742.11 771.953 746.251 804 711 c 24
 817.745 695.881 791.19 681.72 783 663 c 25
 783 225 l 25
 693 225 l 25
324 239 m 25
 838 239 l 25
 838 239 876 299 901 308 c 1
 927 304 969 251 1000 218 c 1
 1008 200 991 189 973 189 c 9
 324 189 l 25
 324 239 l 25
357 504 m 25
 822 504 l 25
 851 532 860 564 885 573 c 1
 911 569 953 516 984 483 c 1
 992 465 975 454 957 454 c 9
 357 454 l 25
 357 504 l 25
486 222 m 25
 486 756 l 25
 529 736 565 740 597 705 c 24
 611 690 584 676 576 657 c 25
 576 222 l 25
 486 222 l 25
0 306 m 25
 65.5195 318.87 103.509 321.697 168 339 c 24
 247.689 360.38 290.61 379.26 369 405 c 25
 333.9 372.24 318.128 348.824 279 321 c 24
 212.282 273.557 170.834 252.269 99 213 c 24
 82.7676 204.126 67.4833 185.334 54 198 c 24
 19.6777 230.242 21.0596 263.88 0 306 c 25
0 570 m 25
 297 570 l 25
 297 570 320 606 345 615 c 1
 371 611 359 582 390 549 c 1
 398 531 381 520 363 520 c 9
 0 520 l 25
 0 570 l 25
90 -30 m 25
 186 -30 l 25
 186 795 l 25
 229.29 775.11 264.953 779.251 297 744 c 24
 310.745 728.881 284.19 714.72 276 696 c 25
 276 -69 l 25
 251.43 -100.59 251.759 -140.033 213 -150 c 24
 187.16 -156.645 190.097 -114.631 171 -96 c 24
 141.833 -67.5439 121.59 -55.7402 90 -30 c 25
EndSplineSet
EndChar
