Width: 1000
Flags: H
TeX: 117 0
LayerCount: 2
Fore
SplineSet
627 780 m 25
 663.27 768.3 690.12 773.655 720 750 c 24
 750.049 726.211 768.451 704.24 771 666 c 24
 772.714 640.29 753.896 621.639 729 615 c 24
 708.247 609.466 691.89 623.487 681 642 c 24
 665.981 667.532 679.794 689.415 669 717 c 24
 658.239 744.499 643.38 755.43 627 780 c 25
762 486 m 25
 801.78 454.41 835.823 447.266 864 405 c 24
 872.731 391.903 842.69 391.124 834 378 c 24
 785.035 304.053 770.048 254.075 717 183 c 24
 649.06 91.9727 607.888 41.6613 525 -36 c 24
 476.929 -81.04 444.138 -102.115 384 -129 c 24
 342.729 -147.451 314.46 -141.81 270 -150 c 25
 324.99 -109.05 358.231 -88.7746 411 -45 c 24
 461.339 -3.24121 493.961 17.2831 534 69 c 24
 607.116 163.442 641.701 222.204 699 327 c 24
 730.998 385.523 737.43 423.99 762 486 c 25
24 27 m 25
 96.54 32.8496 138.146 30.4521 210 42 c 24
 335.059 62.0986 403.98 82.2598 528 108 c 25
 481.2 81.0898 456.049 63.6104 408 39 c 24
 359.996 14.4131 331.315 3.83935 282 -18 c 24
 249.411 -32.4326 230.623 -39.6458 198 -54 c 24
 172.12 -65.3867 157.441 -71.6648 132 -84 c 24
 118.809 -90.3955 109.223 -112.507 99 -102 c 24
 58.417 -60.29 53.25 -23.3096 24 27 c 25
486 534 m 1
 486 786 l 25
 529.29 766.11 564.953 770.251 597 735 c 24
 610.745 719.881 584.19 705.72 576 687 c 25
 576 525 l 25
 588.87 436.08 581.45 382.519 609 297 c 24
 638.361 205.858 664.195 155.812 720 78 c 24
 749.186 37.3057 786 0 822 0 c 1
 858 36 927 150 927 150 c 25
 912.96 85.6504 895.058 50.7383 891 -15 c 24
 889.059 -46.4434 921.962 -63.1134 912 -93 c 24
 904.056 -116.832 879.927 -126.116 855 -123 c 24
 807.728 -117.091 779.854 -103.372 744 -72 c 24
 683.905 -19.417 658.061 19.7537 615 87 c 24
 572.11 153.979 547.053 193.584 525 270 c 24
 496.142 369.996 489 417 486 534 c 1
180 208 m 25
 396 208 l 25
 396 158 l 25
 180 158 l 25
 180 208 l 25
174 438 m 25
 351 438 l 25
 367 451 373 476 393 471 c 24
 428 461 445 440 462 408 c 24
 469 395 449 390 441 378 c 25
 441 186 l 17
 433 157 427 135 396 132 c 1
 372 134 361 158 351 186 c 9
 351 388 l 25
 174 388 l 25
 174 438 l 25
147 469 m 25
 190 449 226 453 258 418 c 24
 272 403 245 389 237 370 c 25
 237 154 l 17
 229 125 223 103 192 100 c 1
 168 102 157 126 147 154 c 9
 147 469 l 25
48 603 m 25
 747 603 l 25
 776 631 785 663 810 672 c 1
 836 668 878 615 909 582 c 1
 917 564 900 553 882 553 c 9
 48 553 l 25
 48 603 l 25
EndSplineSet
EndChar
