Width: 1000
Flags: H
TeX: 117 0
LayerCount: 2
Fore
SplineSet
600 726 m 25
 645.63 711.96 677.277 716.482 717 690 c 24
 741.396 673.736 753.771 653.31 753 624 c 24
 752.365 599.889 737.744 580.24 714 576 c 24
 692.575 572.174 682.985 592.325 669 609 c 24
 651.839 629.462 649.566 645.996 636 669 c 24
 622.644 691.647 614.04 703.77 600 726 c 25
705 441 m 25
 744.78 415.26 777.677 412.218 807 375 c 24
 816.849 362.5 791.225 355.623 783 342 c 24
 753.747 293.549 742.629 262.934 711 216 c 24
 669.937 155.067 647.339 119.525 597 66 c 24
 554.306 20.6035 525.938 -1.56252 474 -36 c 24
 417.729 -73.3096 383.5 -91.4623 321 -117 c 24
 273.977 -136.214 244.14 -137.13 195 -150 c 25
 276.9 -96.1797 328.347 -73.0622 405 -12 c 24
 467.121 37.4863 499.598 69.8119 549 132 c 24
 599.683 195.8 623.278 236.263 660 309 c 24
 684.512 357.553 687.45 389.52 705 441 c 25
126 324 m 1
 126 324 188.253 322.384 228 324 c 24
 332.208 328.236 390.87 333.15 495 339 c 25
 444.69 316.77 417.545 301.192 366 282 c 24
 307.394 260.179 272.85 252.136 213 234 c 24
 195.617 228.732 180.624 208.941 168 222 c 24
 138.1 252.932 126 324 126 324 c 1
264 165 m 9
 264 504 l 25
 307.29 484.11 342.953 488.251 375 453 c 24
 388.745 437.881 362.19 423.72 354 405 c 25
 354 147 l 17
 345 108 334.662 76.7249 306 42 c 24
 272.033 0.847656 245.829 -18.3426 198 -42 c 24
 135.312 -73.0068 108 -84 27 -96 c 9
 86.6699 -49.2002 129.021 -32.1418 180 24 c 24
 223.03 71.3877 258 126 264 165 c 9
465 333 m 9
 465 768 l 25
 508.29 748.11 543.953 752.251 576 717 c 24
 589.745 701.881 563.19 687.72 555 669 c 25
 555 456 l 25
 563.19 386.97 558.83 346.36 576 279 c 24
 589.586 225.702 604.344 196.947 633 150 c 24
 659.849 106.014 679.515 83.3629 717 48 c 24
 742.261 24.1689 762.75 18.7197 792 0 c 25
 906 141 l 25
 886.11 78.9902 861.216 46.8242 855 -18 c 24
 852.503 -44.043 886.632 -51.8887 885 -78 c 24
 883.762 -97.8164 868.729 -111.758 849 -114 c 24
 810.92 -118.327 786.563 -111.503 753 -93 c 24
 693.149 -60.0059 661.611 -34.9806 615 15 c 24
 563.421 70.3076 536.263 105.601 504 174 c 24
 476.761 231.746 474 285 465 333 c 9
84 576 m 25
 732 576 l 25
 761 604 770 636 795 645 c 1
 821 641 863 588 894 555 c 1
 902 537 885 526 867 526 c 9
 84 526 l 25
 84 576 l 25
EndSplineSet
EndChar
