Width: 1000
Flags: H
TeX: 117 0
LayerCount: 2
Fore
SplineSet
456 285 m 25
 528 285 l 25
 560 241 573 212 609 171 c 24
 659 114 688 81 747 33 c 24
 788 -1 815 -17 864 -39 c 24
 895 -53 915 -50 948 -57 c 25
 914 -73 893 -80 861 -99 c 24
 842 -110 836 -144 816 -135 c 24
 752 -106 730 -68 681 -18 c 24
 615 50 579 91 522 168 c 24
 491 210 482 239 456 285 c 25
759 265 m 25
 405 265 l 25
 405 315 l 25
 759 315 l 25
 780 330 789 363 813 354 c 24
 852 339 863 309 879 270 c 24
 884 258 866 254 858 243 c 24
 821 191 809 155 765 108 c 24
 703 41 662 8 588 -45 c 24
 543 -77 514 -93 462 -111 c 24
 408 -130 374 -127 318 -138 c 25
 380 -101 418 -84 477 -42 c 24
 536 -0 569 25 621 75 c 24
 665 117 687 143 723 192 c 24
 742 218 745 237 759 265 c 25
897 408 m 25
 735 408 l 17
 707 413 683 431 678 456 c 9
 678 664 l 25
 507 664 l 25
 507 714 l 25
 678 714 l 25
 694 727 700 752 720 747 c 24
 755 737 772 716 789 684 c 24
 796 671 776 666 768 654 c 25
 768 524 l 17
 768 503 788 489 804 488 c 9
 861 488 l 25
 894 600 l 25
 903 554 905 528 918 483 c 24
 923 465 947 459 942 441 c 24
 936 420 915 421 897 408 c 25
483 528 m 25
 483 738 l 25
 526 718 562 722 594 687 c 24
 608 672 581 658 573 639 c 25
 573 513 l 17
 552 465 542 443 510 408 c 24
 477 372 450 348 408 333 c 9
 429 375 445 397 462 441 c 24
 475 474 475 494 483 528 c 25
111 189 m 24
 82 220 69 288 69 288 c 1
 69 288 183 313 255 333 c 24
 327 354 367 370 438 393 c 25
 394 356 373 329 324 297 c 24
 259 255 217 239 147 204 c 24
 133 197 121 178 111 189 c 24
78 579 m 25
 336 579 l 25
 336 579 358 610 382 619 c 1
 401 612 425 584 444 558 c 1
 452 540 436 529 418 529 c 9
 78 529 l 25
 78 579 l 25
210 -63 m 25
 210 768 l 25
 253 748 289 752 321 717 c 24
 335 702 308 688 300 669 c 25
 300 -90 l 17
 288 -114 271 -149 237 -153 c 24
 209 -157 206 -122 183 -105 c 24
 158 -86 141 -79 114 -63 c 25
 210 -63 l 25
EndSplineSet
EndChar
