Width: 1000
Flags: H
TeX: 117 0
LayerCount: 2
Fore
SplineSet
657 489 m 25
 693.27 423.48 708.459 383.312 750 321 c 24
 797.643 249.535 829.352 212.424 885 147 c 24
 916.089 110.449 938.07 93.9297 972 60 c 25
 941.58 42.4502 922.005 36.1927 894 15 c 24
 878.112 2.97656 877.365 -35.3649 861 -24 c 24
 817.287 6.35547 811.647 43.3689 786 90 c 24
 747.164 160.61 727.744 201.93 696 276 c 24
 668.003 341.325 657.57 380.31 633 447 c 25
 657 489 l 25
837 534 m 25
 867.42 502.41 892.764 490.801 915 453 c 24
 920.469 443.702 906.078 437.826 897 432 c 24
 827.256 387.239 785.37 366.12 714 324 c 25
 699 348 l 25
 837 534 l 25
267 132 m 25
 612 132 l 25
 612 132 635 168 660 177 c 1
 686 173 674 144 705 111 c 1
 713 93 696 82 678 82 c 9
 267 82 l 25
 267 132 l 25
327 278 m 9
 570 278 l 25
 570 278 593 314 618 323 c 1
 644 319 632 290 663 257 c 1
 671 239 654 228 636 228 c 9
 327 228 l 25
 327 278 l 9
348 435 m 25
 579 435 l 25
 579 435 602 471 627 480 c 1
 653 476 641 447 672 414 c 1
 680 396 663 385 645 385 c 9
 348 385 l 25
 348 435 l 25
258 433 m 25
 27 433 l 25
 27 483 l 25
 243 483 l 17
 268 502 273 539 297 540 c 1
 318 531 335 500 363 468 c 9
 369 449 347 441 336 423 c 25
 328 388 328 367 315 333 c 24
 289 266 273 228 237 165 c 24
 212 121 195 96 159 60 c 24
 114 15 87 0 30 -39 c 9
 66 17 91 47 123 105 c 24
 161 173 180 213 210 285 c 24
 233 341 239 375 258 433 c 25
441 -45 m 25
 441 612 l 25
 484 592 520 596 552 561 c 24
 566 546 539 532 531 513 c 25
 531 -60 l 17
 528 -102 508 -141 465 -153 c 24
 434 -162 430 -117 405 -96 c 24
 379 -75 363 -65 336 -45 c 25
 441 -45 l 25
651 700 m 25
 150 700 l 25
 150 750 l 25
 654 750 l 25
 677 765 687 797 714 789 c 24
 754 776 772 748 786 708 c 24
 792 690 771 680 756 669 c 24
 662 599 604 567 507 501 c 25
 477 546 l 25
 651 700 l 25
EndSplineSet
EndChar
