Width: 1000
Flags: H
TeX: 117 0
LayerCount: 2
Fore
SplineSet
102 724 m 25
 756 724 l 25
 785 752 794 784 819 793 c 1
 845 789 887 736 918 703 c 1
 926 685 909 674 891 674 c 9
 102 674 l 25
 102 724 l 25
729 20 m 10
 729 84 l 25
 501 84 l 25
 501 134 l 25
 729 134 l 25
 745 147 751 172 771 167 c 24
 806 157 823 136 840 104 c 24
 847 91 827 86 819 74 c 25
 819 -34 l 18
 819 -79 805 -106 774 -138 c 24
 746 -168 719 -184 678 -181 c 24
 653 -179 663 -143 645 -127 c 24
 615 -101 592 -95 558 -74 c 25
 672 -74 l 18
 714 -74 730 -3 729 20 c 10
450 177 m 10
 450 255 l 25
 540 255 l 25
 540 167 l 18
 540 103 523 59 489 0 c 24
 460 -50 431 -70 383 -103 c 24
 337 -135 306 -146 252 -162 c 24
 218 -172 197 -172 162 -171 c 1
 220 -145 263 -120 308 -88 c 0
 353 -56 377 -35 402 12 c 24
 434 71 450 122 450 177 c 10
477 432 m 1
 567 432 l 1
 567 264 l 1
 477 264 l 1
 477 432 l 1
240 282 m 25
 759 282 l 25
 788 310 797 342 822 351 c 1
 848 347 890 294 921 261 c 1
 929 243 912 232 894 232 c 9
 240 232 l 25
 240 282 l 25
218 448 m 1
 786 448 l 1
 786 398 l 1
 218 398 l 1
 218 448 l 1
218 594 m 17
 735 594 l 25
 751 607 757 632 777 627 c 24
 812 617 829 596 846 564 c 24
 853 551 833 546 825 534 c 25
 825 522 l 2
 825 501 838 465 832 432 c 0
 824 390 789 378 769 378 c 0
 749 378 731 385 730 407 c 0
 729 427 735 471 735 507 c 2
 735 544 l 25
 218 544 l 25
 218 594 l 17
171 222 m 10
 171 621 l 25
 171 621 250 605 282 570 c 24
 296 555 269 541 261 522 c 25
 261 219 l 18
 261 168 246 82 216 0 c 24
 199 -46 181 -70 144 -102 c 24
 104 -137 78 -150 24 -168 c 1
 67 -116 102 -72 129 0 c 24
 160 82 171 162 171 222 c 10
EndSplineSet
EndChar
