Width: 1000
Flags: HW
TeX: 117 0
LayerCount: 2
Fore
SplineSet
903 -150 m 10
 744 -150 l 17
 716 -145 692 -127 687 -102 c 9
 687 328 l 25
 513 328 l 25
 513 378 l 25
 687 378 l 25
 703 391 709 416 729 411 c 24
 764 401 781 380 798 348 c 24
 805 335 785 330 777 318 c 25
 777 -34 l 17
 777 -55 797 -69 813 -70 c 9
 855 -70 l 25
 900 84 l 25
 904 31 898 1 909 -51 c 24
 915 -78 948 -93 942 -114 c 0
 933 -147 938 -150 903 -150 c 10
477 168 m 26
 477 405 l 25
 477 405 556 389 588 354 c 24
 602 339 575 325 567 306 c 25
 567 180 l 26
 567 123 562 91 548 36 c 24
 539 1 531 -19 510 -48 c 24
 485 -83 469 -104 432 -126 c 24
 398 -146 380 -150 333 -153 c 1
 370 -114 389 -96 417 -54 c 24
 440 -19 454 2 465 42 c 24
 478 90 477 119 477 168 c 26
591 501 m 25
 591 777 l 25
 591 777 670 761 702 726 c 24
 716 711 689 697 681 678 c 25
 681 501 l 25
 591 501 l 25
366 528 m 25
 768 528 l 25
 797 556 806 588 831 597 c 1
 857 593 899 540 930 507 c 1
 938 489 921 478 903 478 c 9
 366 478 l 25
 366 528 l 25
60 258 m 1
 60 258 146 277 201 291 c 24
 242 302 266 308 306 321 c 24
 366 341 405 354 459 375 c 1
 431 339 419 327 387 303 c 24
 283 227 144 160 141 159 c 24
 128 153 117 133 108 144 c 24
 77 181 60 258 60 258 c 1
48 561 m 25
 339 561 l 25
 339 561 361 592 385 601 c 1
 404 594 428 566 447 540 c 1
 455 522 439 511 421 511 c 9
 48 511 l 25
 48 561 l 25
219 -69 m 25
 219 789 l 25
 219 789 298 773 330 738 c 24
 344 723 317 709 309 690 c 25
 309 -84 l 26
 309 -124 294 -163 255 -171 c 24
 219 -178 217 -127 186 -108 c 24
 153 -87 129 -84 93 -69 c 25
 219 -69 l 25
EndSplineSet
EndChar
