Width: 1000
Flags: HW
LayerCount: 2
Fore
SplineSet
482 408 m 25
 839 408 l 25
 839 408 862 444 887 453 c 1
 913 449 901 420 932 387 c 1
 940 369 923 358 905 358 c 9
 482 358 l 25
 482 408 l 25
629 372 m 25
 629 792 l 25
 672 772 708 776 740 741 c 24
 754 726 727 712 719 693 c 25
 719 372 l 25
 629 372 l 25
419 630 m 25
 803 630 l 25
 832 658 841 690 866 699 c 1
 892 695 934 642 965 609 c 1
 973 591 956 580 938 580 c 9
 419 580 l 25
 419 630 l 25
512 -71 m 25
 827 -71 l 25
 827 -121 l 25
 512 -121 l 25
 512 -71 l 25
512 216 m 25
 785 216 l 25
 801 229 807 254 827 249 c 24
 862 239 879 218 896 186 c 24
 903 173 883 168 875 156 c 25
 875 -135 l 17
 867 -164 861 -186 830 -189 c 1
 806 -187 795 -163 785 -135 c 9
 785 166 l 25
 512 166 l 25
 512 216 l 25
485 252 m 25
 528 232 564 236 596 201 c 24
 610 186 583 172 575 153 c 25
 575 -132 l 17
 567 -161 561 -183 530 -186 c 1
 506 -184 495 -160 485 -132 c 9
 485 252 l 25
65 192 m 24
 49 218 50 238 41 267 c 25
 94 276 124 279 176 291 c 24
 281 316 339 335 443 363 c 25
 387 329 356 309 299 276 c 24
 240 242 203 229 146 192 c 24
 129 181 131 153 110 153 c 24
 87 153 77 172 65 192 c 24
59 555 m 25
 362 555 l 25
 362 555 385 591 410 600 c 1
 436 596 424 567 455 534 c 1
 463 516 446 505 428 505 c 9
 59 505 l 25
 59 555 l 25
236 -84 m 25
 236 780 l 25
 279 760 315 764 347 729 c 24
 361 714 334 700 326 681 c 25
 326 -105 l 17
 306 -134 301 -168 261 -183 c 9
 241 -195 221 -181 204 -165 c 24
 191 -153 206 -134 195 -120 c 24
 181 -100 164 -98 144 -84 c 25
 236 -84 l 25
EndSplineSet
EndChar
