Width: 1000
Flags: H
TeX: 117 0
LayerCount: 2
Fore
SplineSet
477 142 m 25
 672 142 l 25
 672 92 l 25
 477 92 l 25
 477 142 l 25
468 396 m 25
 618 396 l 25
 634 409 640 434 660 429 c 24
 695 419 712 398 729 366 c 24
 736 353 716 348 708 336 c 25
 708 114 l 17
 700 85 694 63 663 60 c 1
 639 62 628 86 618 114 c 9
 618 346 l 25
 468 346 l 25
 468 396 l 25
438 429 m 25
 481.29 409.11 516.953 413.251 549 378 c 24
 562.745 362.881 536.19 348.72 528 330 c 25
 528 75 l 17
 520 46 514 24 483 21 c 1
 459 23 448 47 438 75 c 9
 438 429 l 25
822 84 m 25
 822 553 l 25
 526 553 l 25
 526 603 l 25
 822 603 l 25
 838.38 615.87 843.891 641.435 864 636 c 24
 899.178 626.492 916.287 605.381 933 573 c 24
 939.55 560.309 920.19 554.7 912 543 c 25
 912 18 l 17
 900 -39 880.59 -73.0127 843 -120 c 24
 826.301 -140.874 806.24 -152.102 780 -147 c 24
 754.812 -142.103 753.655 -116.619 735 -99 c 24
 711.474 -76.7803 696.57 -66.0596 672 -45 c 25
 762 -45 l 25
 781.89 -22.7695 800.42 -15.0469 813 12 c 24
 824.935 37.6592 818.49 55.9199 822 84 c 25
543 795 m 25
 583.95 769.26 617.252 766.337 648 729 c 24
 658.333 716.453 634.57 707.384 627 693 c 24
 599.461 640.676 587.979 608.965 558 558 c 24
 529.372 509.332 515.957 478.872 477 438 c 24
 443.405 402.753 414.78 394.08 375 366 c 25
 406.59 418.65 429.289 445.715 456 501 c 24
 479.83 550.323 488.456 580.474 504 633 c 24
 522.439 695.314 527.79 731.82 543 795 c 25
60 303 m 25
 111.48 320.55 141.981 326.638 192 348 c 24
 254.555 374.716 287.307 395.288 348 426 c 24
 384.419 444.429 404.73 455.28 441 474 c 25
 405.9 431.88 392.535 401.791 351 366 c 24
 281.656 306.246 234.124 283.302 159 231 c 24
 141.689 218.948 131.059 188.594 114 201 c 24
 77.5977 227.474 81.0596 263.22 60 303 c 25
78 588 m 25
 348 588 l 25
 348 588 371 624 396 633 c 1
 422 629 410 600 441 567 c 1
 449 549 432 538 414 538 c 9
 78 538 l 25
 78 588 l 25
234 -51 m 25
 234 783 l 25
 277.29 763.11 312.953 767.251 345 732 c 24
 358.745 716.881 332.19 702.72 324 684 c 25
 324 -96 l 17
 297 -129 287.045 -162.599 246 -168 c 24
 219.933 -171.43 228.096 -130.074 210 -111 c 24
 184.219 -83.8252 164.25 -74.4004 135 -51 c 25
 234 -51 l 25
EndSplineSet
EndChar
