Width: 1000
Flags: HW
TeX: 117 0
LayerCount: 2
Fore
SplineSet
54 282 m 25
 131 298 175 305 252 324 c 24
 335 345 380 361 462 384 c 25
 420 354 398 334 354 306 c 24
 279 258 237 232 159 189 c 24
 145 181 132 166 120 177 c 24
 84 209 80 241 54 282 c 25
57 576 m 25
 387 576 l 25
 387 576 409 607 433 616 c 1
 452 609 476 581 495 555 c 1
 503 537 487 526 469 526 c 9
 57 526 l 25
 57 576 l 25
219 -42 m 25
 219 783 l 25
 262 763 298 767 330 732 c 24
 344 717 317 703 309 684 c 25
 309 -48 l 18
 309 -79 304 -99 287 -125 c 24
 273 -146 258 -167 233 -162 c 24
 205 -156 207 -124 186 -105 c 24
 155 -77 133 -67 99 -42 c 25
 219 -42 l 25
693 681 m 25
 693 -108 l 17
 685 -137 679 -159 648 -162 c 1
 624 -160 613 -136 603 -108 c 9
 603 681 l 25
 693 681 l 25
375 180 m 25
 798 180 l 25
 798 180 836 240 861 249 c 1
 887 245 929 192 960 159 c 1
 968 141 951 130 933 130 c 9
 375 130 l 25
 375 180 l 25
444 351 m 25
 777 351 l 25
 777 351 799 382 823 391 c 1
 842 384 866 356 885 330 c 1
 893 312 877 301 859 301 c 9
 444 301 l 25
 444 351 l 25
474 525 m 25
 765 525 l 25
 765 525 787 556 811 565 c 1
 830 558 854 530 873 504 c 1
 881 486 865 475 847 475 c 9
 474 475 l 25
 474 525 l 25
411 705 m 25
 783 705 l 25
 812 733 821 765 846 774 c 1
 872 770 914 717 945 684 c 1
 953 666 936 655 918 655 c 9
 411 655 l 25
 411 705 l 25
EndSplineSet
EndChar
