Width: 1000
Flags: H
TeX: 117 0
LayerCount: 2
Fore
SplineSet
78 714 m 25
 756 714 l 25
 756 714 794 774 819 783 c 1
 845 779 887 726 918 693 c 1
 926 675 909 664 891 664 c 9
 78 664 l 25
 78 714 l 25
258 51 m 25
 294 56 315 56 351 63 c 24
 430 79 474 92 552 111 c 25
 533 90 527 73 504 57 c 24
 467 31 442 24 402 3 c 24
 374 -11 359 -21 330 -33 c 24
 318 -38 306 -52 297 -42 c 24
 271 -12 273 15 258 51 c 25
294 197 m 1
 477 197 l 1
 477 147 l 1
 294 147 l 1
 294 197 l 1
285 340 m 1
 471 340 l 1
 471 290 l 1
 285 290 l 1
 285 340 l 1
630 48 m 25
 840 48 l 25
 840 48 863 84 888 93 c 1
 914 89 902 60 933 27 c 1
 941 9 924 -2 906 -2 c 9
 630 -2 l 25
 630 48 l 25
627 185 m 25
 798 185 l 25
 798 185 821 221 846 230 c 1
 872 226 860 197 891 164 c 1
 899 146 882 135 864 135 c 9
 627 135 l 25
 627 185 l 25
624 336 m 25
 816 336 l 25
 816 336 839 372 864 381 c 1
 890 377 878 348 909 315 c 1
 917 297 900 286 882 286 c 9
 624 286 l 25
 624 336 l 25
678 441 m 25
 678 -126 l 17
 670 -155 664 -177 633 -180 c 1
 609 -178 598 -154 588 -126 c 9
 588 441 l 25
 678 441 l 25
435 30 m 25
 435 438 l 25
 525 438 l 25
 525 42 l 25
 512 2 515 -25 492 -60 c 24
 462 -106 442 -134 393 -159 c 24
 343 -184 307 -174 252 -183 c 25
 293 -157 321 -149 357 -117 c 24
 383 -94 392 -75 408 -45 c 24
 423 -18 424 1 435 30 c 25
213 470 m 1
 813 470 l 1
 813 420 l 1
 213 420 l 1
 213 470 l 1
213 593 m 25
 756 593 l 25
 772 606 778 631 798 626 c 24
 833 616 850 595 867 563 c 24
 874 550 854 545 846 533 c 25
 846 453 l 17
 838 424 832 402 801 399 c 1
 777 401 766 425 756 453 c 9
 756 543 l 25
 213 543 l 25
 213 593 l 25
171 81 m 9
 171 633 l 25
 214 613 250 617 282 582 c 24
 296 567 269 553 261 534 c 25
 261 78 l 25
 249 32 251 3 231 -39 c 24
 209 -86 192 -112 153 -147 c 24
 120 -177 91 -180 51 -201 c 25
 138 -66 l 17
 167 -12 165 21 171 81 c 9
EndSplineSet
EndChar
