Width: 1000
Flags: H
TeX: 117 0
LayerCount: 2
Fore
SplineSet
669 252 m 25
 669 771 l 25
 712.29 751.11 747.953 755.251 780 720 c 24
 793.745 704.881 767.19 690.72 759 672 c 25
 759 240 l 17
 750 183 733.436 149.298 702 99 c 24
 673.924 54.0781 648.792 34.9687 609 0 c 24
 571.198 -33.2197 549.253 -52.9851 504 -75 c 24
 461.367 -95.7402 432.63 -95.1299 387 -108 c 25
 437.31 -72.9004 472.872 -61.6238 516 -18 c 24
 575.885 42.5723 606.006 81.8938 648 156 c 24
 666.895 189.344 660.81 214.56 669 252 c 25
825 102 m 25
 825 496 l 25
 585 496 l 25
 585 546 l 25
 825 546 l 25
 841.38 558.87 846.891 584.435 867 579 c 24
 902.178 569.492 919.287 548.381 936 516 c 24
 942.55 503.309 923.19 497.7 915 486 c 25
 915 81 l 25
 889.26 34.2002 882.707 2.43161 849 -39 c 24
 825.223 -68.2266 808.63 -94.1185 771 -96 c 24
 745.266 -97.2871 746.929 -63.5069 729 -45 c 24
 710.544 -25.9482 697.89 -17.5498 678 0 c 25
 759 0 l 25
 775.38 16.3799 788.416 22.5518 801 42 c 24
 814.691 63.1592 815.64 78.5996 825 102 c 25
531 240 m 25
 562.59 217.77 588.627 213.754 612 183 c 24
 635.287 152.359 655.447 127.041 645 90 c 24
 637.565 63.6396 604.43 55.8281 579 66 c 24
 559.177 73.9297 575.571 99.3887 570 120 c 24
 563.819 142.87 556.322 154.47 549 177 c 24
 541.102 201.302 538.02 215.43 531 240 c 25
372 42 m 24
 357.725 36.749 344.697 14.5214 336 27 c 24
 309.534 64.9727 315.87 96.54 303 141 c 25
 386.07 144.51 433.168 142.797 516 150 c 24
 541.162 152.188 554.43 159.15 579 165 c 25
 597 123 l 25
 509.25 91.4102 459.53 74.1951 372 42 c 24
426 108 m 25
 381 108 l 25
 403.23 164.16 415.77 195.84 438 252 c 24
 460.23 308.16 474.207 339.292 495 396 c 24
 512.832 444.632 520.62 472.86 537 522 c 25
 569.76 500.94 600.359 501.025 621 468 c 24
 630.999 452.002 605.985 442.589 597 426 c 24
 529.933 302.184 492.69 232.02 426 108 c 25
312 498 m 25
 361.14 468.75 394.373 459.972 438 423 c 24
 464.985 400.131 481.713 382.613 489 348 c 24
 492.812 329.897 479.619 314.638 462 309 c 24
 443.32 303.022 427.868 310.132 414 324 c 24
 388.035 349.965 384.57 373.321 366 405 c 24
 344.79 441.183 333.06 461.73 312 498 c 25
423 642 m 24
 432.754 679.063 435.81 700.56 444 738 c 25
 483.78 708.75 515.294 701.667 546 663 c 24
 554.296 652.554 532.624 646.947 525 636 c 24
 486.981 581.408 465.902 550.352 429 495 c 24
 412.076 469.614 403.38 454.74 387 429 c 25
 369 453 l 25
 390.06 526.71 403.491 567.864 423 642 c 24
24 315 m 25
 62.6104 322.02 84.9961 323.217 123 333 c 24
 203.312 353.674 247.44 369.6 327 393 c 25
 298.92 367.26 285.319 350.06 255 327 c 24
 202.049 286.728 168.904 268.566 114 231 c 24
 102.213 222.936 94.4408 200.255 84 210 c 24
 49.5205 242.181 47.4004 274.05 24 315 c 25
27 567 m 25
 267 567 l 25
 267 567 290 603 315 612 c 1
 341 608 329 579 360 546 c 1
 368 528 351 517 333 517 c 9
 27 517 l 25
 27 567 l 25
150 -15 m 25
 150 756 l 25
 193.29 736.11 228.953 740.251 261 705 c 24
 274.745 689.881 248.19 675.72 240 657 c 25
 240 -60 l 25
 215.43 -84.5703 211.478 -118.69 177 -123 c 24
 153.492 -125.938 160.979 -88.5205 144 -72 c 24
 116.996 -45.7256 96.4199 -37.2305 66 -15 c 25
 150 -15 l 25
EndSplineSet
EndChar
