Width: 1000
Flags: HW
TeX: 117 0
LayerCount: 2
Fore
SplineSet
873 393 m 25
 907 366 934 358 960 324 c 24
 967 315 949 311 942 303 c 25
 909 249 896 216 858 165 c 24
 813 105 786 72 732 21 c 24
 689 -20 662 -41 609 -69 c 24
 562 -94 530 -95 480 -111 c 25
 538 -60 576 -35 630 21 c 24
 695 89 729 130 783 207 c 24
 812 249 821 278 843 324 c 24
 856 350 861 366 873 393 c 25
843 711 m 25
 876 679 904 670 927 630 c 24
 945 598 951 573 942 537 c 24
 936 515 917 505 894 504 c 24
 877 503 866 517 861 534 c 24
 853 557 866 573 864 597 c 24
 859 642 851 667 843 711 c 25
705 318 m 25
 705 768 l 25
 748 748 784 752 816 717 c 24
 830 702 803 688 795 669 c 25
 795 348 l 25
 803 278 802 237 816 168 c 24
 826 120 834 93 855 48 c 24
 867 21 882 11 900 -12 c 25
 963 75 l 25
 951 -51 l 1
 951 -51 972 -83 963 -102 c 24
 954 -122 936 -133 915 -129 c 24
 878 -121 861 -102 834 -75 c 24
 798 -40 775 -19 756 27 c 24
 728 94 727 138 714 210 c 24
 707 252 709 276 705 318 c 25
543 375 m 25
 849 471 l 25
 868 493 868 529 897 528 c 24
 936 526 962 502 975 465 c 24
 982 446 948 449 930 438 c 25
 543 318 l 25
 543 375 l 25
504 105 m 25
 530 76 551 64 570 30 c 24
 574 23 559 23 552 18 c 25
 512 -7 491 -23 450 -45 c 24
 398 -73 369 -94 312 -108 c 24
 241 -126 199 -119 126 -126 c 25
 195 -98 237 -88 303 -54 c 24
 358 -26 387 -5 435 33 c 24
 466 57 477 77 504 105 c 25
438 192 m 25
 464 169 493 165 504 132 c 24
 510 115 482 116 468 105 c 25
 426 76 404 56 360 30 c 24
 335 15 319 10 291 0 c 24
 244 -17 216 -24 168 -39 c 25
 221 -2 253 17 303 57 c 24
 342 88 361 109 396 144 c 24
 414 162 422 173 438 192 c 25
357 273 m 25
 385 251 410 246 429 216 c 24
 436 205 416 201 408 192 c 25
 382 172 369 159 342 141 c 24
 313 121 296 108 264 93 c 24
 227 75 204 71 165 57 c 25
 201 92 223 110 258 147 c 24
 282 172 293 189 315 216 c 24
 332 238 341 251 357 273 c 25
357 372 m 25
 438 343 490 341 564 297 c 24
 594 279 611 257 612 222 c 24
 613 198 590 185 567 180 c 24
 546 175 534 188 516 201 c 24
 484 224 473 246 441 270 c 24
 402 298 377 308 336 333 c 25
 357 372 l 25
318 414 m 25
 350 396 375 396 399 369 c 24
 407 360 388 354 381 345 c 25
 352 308 338 284 306 249 c 24
 273 213 252 194 213 165 c 24
 175 137 152 121 108 102 c 24
 74 87 51 87 15 78 c 25
 69 125 102 149 153 198 c 24
 194 238 217 261 252 306 c 24
 282 345 292 372 318 414 c 25
564 597 m 25
 576 501 l 25
 558 489 550 481 531 471 c 24
 501 455 485 445 453 435 c 24
 422 425 404 426 372 420 c 25
 418 459 445 478 489 519 c 24
 520 548 535 567 564 597 c 25
468 679 m 25
 546 679 l 25
 533 654 530 638 513 616 c 24
 496 594 483 583 459 568 c 24
 417 542 389 534 345 513 c 25
 378 553 398 574 429 616 c 24
 446 639 453 654 468 679 c 25
357 720 m 25
 510 720 l 25
 526 733 532 758 552 753 c 24
 587 743 604 722 621 690 c 24
 628 677 608 672 600 660 c 25
 600 429 l 17
 592 400 586 378 555 375 c 1
 531 377 520 401 510 429 c 9
 510 670 l 25
 357 670 l 25
 357 720 l 25
321 624 m 25
 324 513 l 25
 289 479 273 456 234 426 c 24
 200 399 178 386 138 369 c 24
 106 356 85 358 51 351 c 25
 88 384 111 401 147 435 c 24
 190 475 215 497 255 540 c 24
 283 571 295 591 321 624 c 25
237 684 m 25
 311 685 l 25
 300 642 l 25
 286 621 283 605 264 588 c 24
 222 552 197 533 147 510 c 24
 106 491 79 492 36 480 c 25
 90 527 124 549 174 600 c 24
 203 629 212 651 237 684 c 25
63 717 m 25
 273 717 l 25
 289 730 295 755 315 750 c 24
 350 740 367 719 384 687 c 24
 391 674 371 669 363 657 c 25
 363 405 l 17
 355 376 349 354 318 351 c 1
 294 353 283 377 273 405 c 9
 273 667 l 25
 63 667 l 25
 63 717 l 25
EndSplineSet
EndChar
