Width: 1000
Flags: H
TeX: 117 0
LayerCount: 2
Fore
SplineSet
117 750 m 25
 765 750 l 25
 765 750 800 789 825 798 c 1
 851 794 872 762 903 729 c 1
 911 711 894 700 876 700 c 9
 117 700 l 25
 117 750 l 25
507 237 m 1
 597 237 l 1
 597 114 l 1
 507 114 l 1
 507 237 l 1
306 129 m 1
 813 129 l 1
 813 79 l 1
 306 79 l 1
 306 129 l 1
294 255 m 25
 762 255 l 25
 778 268 784 293 804 288 c 24
 839 278 856 257 873 225 c 24
 880 212 860 207 852 195 c 25
 852 117 l 17
 844 88 838 66 807 63 c 1
 783 65 772 89 762 117 c 9
 762 205 l 25
 294 205 l 25
 294 255 l 25
264 -90 m 9
 264 285 l 25
 307.29 265.11 342.953 269.251 375 234 c 24
 388.745 218.881 362.19 204.72 354 186 c 25
 354 -18 l 17
 357 -45 369 -45 399 -54 c 9
 819 -54 l 25
 834.21 -32.9404 844.527 -22.2118 858 0 c 24
 887.88 49.2617 901.92 78.6904 930 129 c 25
 925.32 78.6904 922.196 50.3526 918 0 c 24
 916.346 -19.8555 907.014 -32.746 915 -51 c 24
 924.948 -73.7383 959.145 -71.1953 960 -96 c 24
 960.799 -119.151 942 -123 918 -138 c 9
 312 -138 l 17
 285.955 -129.994 270 -111 264 -90 c 9
345 345 m 1
 729 345 l 1
 729 295 l 1
 345 295 l 1
 345 345 l 1
345 441 m 25
 669 441 l 25
 685 454 691 479 711 474 c 24
 746 464 763 443 780 411 c 24
 787 398 767 393 759 381 c 25
 759 333 l 17
 751 304 745 282 714 279 c 1
 690 281 679 305 669 333 c 9
 669 391 l 25
 345 391 l 25
 345 441 l 25
306 474 m 25
 349 454 385 458 417 423 c 24
 431 408 404 394 396 375 c 25
 396 330 l 17
 388 301 382 279 351 276 c 1
 327 278 316 302 306 330 c 9
 306 474 l 25
177 521 m 1
 813 521 l 1
 813 471 l 1
 177 471 l 1
 177 521 l 1
183 642 m 25
 765 642 l 25
 781 655 787 680 807 675 c 24
 842 665 859 644 876 612 c 24
 883 599 863 594 855 582 c 25
 855 513 l 17
 847 484 841 462 810 459 c 1
 786 461 775 485 765 513 c 9
 765 592 l 25
 183 592 l 25
 183 642 l 25
144 117 m 25
 144 675 l 25
 187 655 223 659 255 624 c 24
 269 609 242 595 234 576 c 25
 234 129 l 25
 221.13 78.6904 222.144 47.4306 201 0 c 24
 178.273 -50.9814 162.469 -80.5312 123 -120 c 24
 98.208 -144.792 73.5898 -143.79 42 -159 c 25
 64.2305 -122.73 80.4555 -104.285 99 -66 c 24
 116.909 -29.0254 125.19 -6.89555 135 33 c 24
 142.867 64.9941 140.49 84.2402 144 117 c 25
EndSplineSet
EndChar
