Width: 1000
Flags: HW
LayerCount: 2
Fore
SplineSet
465 -40 m 25
 855 -40 l 25
 855 -90 l 25
 465 -90 l 25
 465 -40 l 25
456 240 m 25
 795 240 l 25
 811 253 817 278 837 273 c 24
 872 263 889 242 906 210 c 24
 913 197 893 192 885 180 c 25
 885 -84 l 17
 877 -113 871 -135 840 -138 c 1
 816 -136 805 -112 795 -84 c 9
 795 190 l 25
 456 190 l 25
 456 240 l 25
420 273 m 25
 463 253 499 257 531 222 c 24
 545 207 518 193 510 174 c 25
 510 -87 l 17
 502 -116 496 -138 465 -141 c 1
 441 -139 430 -115 420 -87 c 9
 420 273 l 25
615 672 m 25
 705 672 l 25
 705 216 l 25
 615 216 l 25
 615 672 l 25
372 456 m 25
 801 456 l 25
 801 456 839 516 864 525 c 1
 890 521 932 468 963 435 c 1
 971 417 954 406 936 406 c 9
 372 406 l 25
 372 456 l 25
546 630 m 24
 483 628 450 633 384 639 c 9
 468 660 516 672 600 693 c 24
 646 704 672 708 717 720 c 24
 758 731 822 753 822 753 c 1
 822 753 865 701 876 660 c 24
 879 649 860 652 849 651 c 24
 731 640 664 633 546 630 c 24
45 285 m 25
 107 296 142 301 204 312 c 24
 282 326 327 334 405 348 c 25
 359 319 335 300 288 273 c 24
 227 238 192 221 129 189 c 24
 118 183 107 168 99 177 c 24
 68 212 66 243 45 285 c 25
54 555 m 25
 318 555 l 25
 318 555 340 586 364 595 c 1
 383 588 407 560 426 534 c 1
 434 516 418 505 400 505 c 9
 54 505 l 25
 54 555 l 25
72 -51 m 25
 189 -51 l 25
 189 774 l 25
 232 754 268 758 300 723 c 24
 314 708 287 694 279 675 c 25
 279 -63 l 17
 270 -99 258 -142 216 -156 c 24
 186 -166 179 -124 153 -105 c 24
 122 -83 104 -72 72 -51 c 25
EndSplineSet
EndChar
