Width: 1000
Flags: H
TeX: 117 0
LayerCount: 2
Fore
SplineSet
735 456 m 25
 772.44 422.07 807.919 413.947 831 369 c 24
 839.158 353.113 807.199 354.378 792 345 c 24
 752.209 320.448 729.317 307.304 690 282 c 24
 611.138 231.247 571.382 194.815 489 150 c 24
 424.487 114.905 384.347 102.176 315 78 c 24
 256.571 57.6309 223.283 44.5508 162 36 c 24
 121.377 30.332 97.9502 39.6602 57 42 c 25
 109.65 64.2305 139.402 76.6465 192 99 c 24
 279.803 136.316 334.167 147.667 417 195 c 24
 515.369 251.211 566.424 291.121 654 363 c 24
 691.179 393.515 703.41 419.73 735 456 c 25
501 -108 m 24
 473.681 -83.7158 457.08 -71.4004 429 -48 c 25
 537 -48 l 25
 537 795 l 25
 580.29 775.11 615.953 779.251 648 744 c 24
 661.745 728.881 635.19 714.72 627 696 c 25
 627 -87 l 17
 621 -123 603.476 -161.421 564 -168 c 24
 530.531 -173.578 526.36 -130.542 501 -108 c 24
45 519 m 25
 789 519 l 25
 818 547 827 579 852 588 c 1
 878 584 920 531 951 498 c 1
 959 480 942 469 924 469 c 9
 45 469 l 25
 45 519 l 25
EndSplineSet
EndChar
