Width: 1003
Flags: HW
TeX: 117 0
LayerCount: 2
Fore
SplineSet
297 -75 m 25
 838 -75 l 25
 867 -47 876 -15 901 -6 c 1
 927 -10 969 -63 1000 -96 c 1
 1008 -114 991 -125 973 -125 c 9
 297 -125 l 25
 297 -75 l 25
480 113 m 25
 843 113 l 25
 843 63 l 25
 480 63 l 25
 480 113 l 25
492 313 m 25
 822 313 l 25
 822 263 l 25
 492 263 l 25
 492 313 l 25
486 520 m 25
 786 520 l 25
 802 533 808 558 828 553 c 24
 863 543 880 522 897 490 c 24
 904 477 884 472 876 460 c 25
 876 91 l 17
 868 62 862 40 831 37 c 1
 807 39 796 63 786 91 c 9
 786 470 l 25
 486 470 l 25
 486 520 l 25
453 549 m 25
 496 529 532 533 564 498 c 24
 578 483 551 469 543 450 c 25
 543 73 l 17
 535 44 529 22 498 19 c 1
 474 21 463 45 453 73 c 9
 453 549 l 25
408 687 m 25
 795 687 l 25
 824 715 833 747 858 756 c 1
 884 752 926 699 957 666 c 1
 965 648 948 637 930 637 c 9
 408 637 l 25
 408 687 l 25
45 108 m 25
 126 114 171 117 252 123 c 24
 335 129 382 132 465 138 c 25
 403 112 369 95 306 72 c 24
 234 46 192 36 120 12 c 24
 107 8 95 -11 87 0 c 24
 59 36 61 66 45 108 c 25
60 519 m 25
 345 519 l 25
 345 519 367 550 391 559 c 1
 410 552 434 524 453 498 c 1
 461 480 445 469 427 469 c 9
 60 469 l 25
 60 519 l 25
201 84 m 25
 201 756 l 25
 244 736 280 740 312 705 c 24
 326 690 299 676 291 657 c 25
 291 84 l 25
 201 84 l 25
EndSplineSet
EndChar
