Width: 1000
Flags: HW
TeX: 117 0
LayerCount: 2
Fore
SplineSet
786 597 m 25
 825 577 857 579 885 546 c 24
 898 531 876 517 870 498 c 25
 835 454 819 425 780 384 c 24
 749 352 725 340 690 312 c 25
 727 394 757 437 786 522 c 24
 795 550 786 568 786 597 c 25
393 579 m 25
 426 561 450 559 477 534 c 24
 512 501 536 479 549 432 c 24
 561 390 555 361 537 321 c 24
 530 305 510 302 495 309 c 24
 477 318 473 334 468 354 c 24
 461 380 474 397 465 423 c 24
 444 487 421 518 393 579 c 25
681 633 m 25
 681 -93 l 17
 673 -122 667 -144 636 -147 c 1
 612 -145 601 -121 591 -93 c 9
 591 633 l 25
 681 633 l 25
342 288 m 25
 801 288 l 25
 830 316 839 348 864 357 c 1
 890 353 932 300 963 267 c 1
 971 249 954 238 936 238 c 9
 342 238 l 25
 342 288 l 25
369 672 m 25
 762 672 l 25
 791 700 800 732 825 741 c 1
 851 737 893 684 924 651 c 1
 932 633 915 622 897 622 c 9
 369 622 l 25
 369 672 l 25
306 96 m 24
 253 73 217 77 165 54 c 24
 142 44 141 8 117 12 c 24
 86 17 78 44 63 72 c 24
 50 96 54 114 48 141 c 25
 158 147 220 150 330 156 c 24
 364 158 383 160 417 162 c 25
 374 136 352 116 306 96 c 24
51 477 m 25
 279 477 l 25
 279 477 302 513 327 522 c 1
 353 518 341 489 372 456 c 1
 380 438 363 427 345 427 c 9
 51 427 l 25
 51 477 l 25
165 99 m 25
 165 732 l 25
 208 712 244 716 276 681 c 24
 290 666 263 652 255 633 c 25
 255 99 l 25
 165 99 l 25
EndSplineSet
EndChar
