Width: 1000
Flags: HW
TeX: 117 0
LayerCount: 2
Fore
SplineSet
477 -74 m 1
 795 -74 l 1
 795 -124 l 1
 477 -124 l 1
 477 -74 l 1
468 177 m 25
 744 177 l 25
 760 190 766 215 786 210 c 24
 821 200 838 179 855 147 c 24
 862 134 842 129 834 117 c 25
 834 -99 l 17
 826 -128 820 -150 789 -153 c 1
 765 -151 754 -127 744 -99 c 9
 744 127 l 25
 468 127 l 25
 468 177 l 25
432 207 m 25
 475 187 511 191 543 156 c 24
 557 141 530 127 522 108 c 25
 522 -114 l 17
 514 -143 508 -165 477 -168 c 1
 453 -166 442 -142 432 -114 c 9
 432 207 l 25
720 567 m 25
 804 567 l 25
 796 525 799 499 783 459 c 24
 765 414 749 390 717 354 c 24
 693 326 671 319 642 297 c 25
 658 337 670 358 684 399 c 24
 697 436 703 457 711 495 c 24
 717 523 716 539 720 567 c 25
567 477 m 24
 595 447 602 419 600 378 c 24
 598 349 587 322 558 315 c 24
 534 309 522 335 510 357 c 24
 493 389 502 413 489 447 c 24
 472 491 454 513 432 555 c 25
 485 525 525 521 567 477 c 24
339 318 m 25
 810 318 l 25
 839 346 848 378 873 387 c 1
 899 383 941 330 972 297 c 1
 980 279 963 268 945 268 c 9
 339 268 l 25
 339 318 l 25
540 561 m 25
 540 762 l 25
 583 742 619 746 651 711 c 24
 665 696 638 682 630 663 c 25
 630 561 l 25
 540 561 l 25
342 594 m 25
 762 594 l 25
 791 622 800 654 825 663 c 1
 851 659 893 606 924 573 c 1
 932 555 915 544 897 544 c 9
 342 544 l 25
 342 594 l 25
69 0 m 24
 44 33 27 49 0 81 c 25
 98 81 154 87 252 99 c 24
 296 104 320 115 363 126 c 25
 329 101 312 84 276 63 c 24
 225 34 191 29 141 0 c 24
 119 -12 118 -42 93 -42 c 24
 74 -42 80 -15 69 0 c 24
24 459 m 25
 318 459 l 25
 318 459 341 495 366 504 c 1
 392 500 380 471 411 438 c 1
 419 420 402 409 384 409 c 9
 24 409 l 25
 24 459 l 25
141 54 m 25
 141 753 l 25
 184 733 220 737 252 702 c 24
 266 687 239 673 231 654 c 25
 231 54 l 25
 141 54 l 25
EndSplineSet
EndChar
