Width: 1000
Flags: H
TeX: 117 0
LayerCount: 2
Fore
SplineSet
513 423 m 9
 570 423 l 25
 597 352 604 308 639 240 c 24
 670 180 693 149 738 99 c 24
 777 55 804 33 852 0 c 24
 899 -32 931 -42 981 -69 c 25
 951 -80 931 -80 903 -96 c 24
 880 -109 878 -147 852 -141 c 24
 808 -131 793 -101 765 -66 c 24
 695 20 654 69 603 168 c 24
 555 262 546 324 513 423 c 9
792 415 m 25
 459 415 l 25
 459 465 l 25
 792 465 l 25
 813 477 824 505 846 495 c 24
 885 478 897 449 915 411 c 24
 919 402 899 405 894 396 c 24
 860 338 849 301 816 243 c 24
 771 165 749 119 693 48 c 24
 651 -5 622 -32 567 -72 c 24
 517 -109 484 -125 426 -147 c 24
 386 -162 360 -160 318 -168 c 25
 366 -141 398 -133 441 -99 c 24
 515 -40 556 -4 615 69 c 24
 668 134 688 178 726 252 c 24
 757 313 766 351 792 415 c 25
474 681 m 25
 834 681 l 25
 834 681 856 712 880 721 c 1
 899 714 923 686 942 660 c 1
 950 642 934 631 916 631 c 9
 474 631 l 25
 474 681 l 25
441 267 m 25
 441 717 l 25
 484 697 520 701 552 666 c 24
 566 651 539 637 531 618 c 25
 531 252 l 17
 519 177 501 117 477 66 c 0
 452 12 433 -12 393 -51 c 24
 352 -90 330 -105 273 -132 c 9
 317 -66 351 -34 387 36 c 24
 412 85 416 117 429 171 c 24
 438 208 436 230 441 267 c 25
39 84 m 1
 39 84 101 91 141 96 c 24
 212 105 253 109 324 120 c 24
 366 127 390 133 432 141 c 25
 374 107 343 82 282 54 c 24
 224 27 186 22 126 0 c 24
 110 -6 99 -30 87 -18 c 24
 55 13 39 84 39 84 c 1
42 483 m 25
 315 483 l 25
 315 483 337 514 361 523 c 1
 380 516 404 488 423 462 c 1
 431 444 415 433 397 433 c 9
 42 433 l 25
 42 483 l 25
189 69 m 25
 189 738 l 25
 232 718 268 722 300 687 c 24
 314 672 287 658 279 639 c 25
 279 69 l 25
 189 69 l 25
EndSplineSet
EndChar
