Width: 1000
Flags: HW
LayerCount: 2
Fore
SplineSet
420 144 m 17
 382 118 354 102 309 81 c 24
 245 51 206 40 141 12 c 24
 123 4 111 -25 96 -12 c 24
 61 17 45 93 45 93 c 25
 420 144 l 17
42 471 m 25
 315 471 l 25
 315 471 337 502 361 511 c 1
 380 504 404 476 423 450 c 1
 431 432 415 421 397 421 c 9
 42 421 l 25
 42 471 l 25
177 90 m 25
 177 771 l 25
 177 771 256 755 288 720 c 24
 302 705 275 691 267 672 c 25
 267 90 l 25
 177 90 l 25
687 102 m 25
 687 102 795 46 858 0 c 24
 887 -22 909 -35 921 -69 c 24
 928 -90 919 -110 900 -123 c 24
 881 -136 861 -133 840 -123 c 24
 812 -109 805 -89 783 -66 c 24
 766 -48 759 -36 741 -18 c 24
 708 15 654 63 654 63 c 25
 687 102 l 25
423 -120 m 24
 391 -134 374 -138 336 -141 c 1
 402 -96 435 -73 495 -24 c 24
 573 40 618 76 690 147 c 24
 742 199 813 291 813 291 c 9
 813 291 869 247 888 207 c 24
 893 196 874 194 864 186 c 24
 808 141 777 116 720 72 c 24
 671 34 646 10 594 -24 c 24
 530 -66 493 -88 423 -120 c 24
762 492 m 25
 762 492 823 447 843 405 c 24
 849 393 823 396 813 387 c 24
 770 349 749 325 708 285 c 24
 664 242 641 214 594 174 c 24
 533 122 500 90 432 48 c 24
 395 25 365 14 327 9 c 9
 387 65 424 94 480 153 c 24
 558 235 599 285 672 372 c 24
 709 417 762 492 762 492 c 25
380 429 m 17
 452 410 490 401 548 362 c 24
 587 336 608 311 621 266 c 24
 628 243 614 219 591 212 c 24
 568 206 555 226 538 242 c 24
 502 276 492 303 460 341 c 24
 430 376 411 394 380 429 c 17
585 582 m 25
 585 582 657 586 699 570 c 24
 710 566 691 553 684 543 c 24
 640 482 613 450 567 390 c 24
 551 369 541 357 525 336 c 25
 495 372 l 25
 585 582 l 25
594 585 m 25
 594 783 l 25
 594 783 673 767 705 732 c 24
 719 717 692 703 684 684 c 25
 684 585 l 25
 594 585 l 25
345 615 m 25
 777 615 l 25
 777 615 815 675 840 684 c 1
 866 680 908 627 939 594 c 1
 947 576 930 565 912 565 c 9
 345 565 l 25
 345 615 l 25
EndSplineSet
EndChar
