Width: 1000
Flags: HW
TeX: 117 0
LayerCount: 2
Fore
SplineSet
441 -117 m 25
 441 210 l 25
 484 190 520 194 552 159 c 24
 566 144 539 130 531 111 c 25
 531 -117 l 25
 441 -117 l 25
150 -90 m 17
 672 -90 l 25
 701 -62 710 -30 735 -21 c 1
 761 -25 803 -78 834 -111 c 1
 842 -129 825 -140 807 -140 c 9
 150 -140 l 25
 150 -90 l 17
261 75 m 25
 618 75 l 25
 618 75 640 106 664 115 c 1
 683 108 707 80 726 54 c 1
 734 36 718 25 700 25 c 9
 261 25 l 25
 261 75 l 25
612 225 m 25
 687 225 l 25
 718.59 195.75 733.876 176.249 768 150 c 24
 810.183 117.552 834.665 99.3252 882 75 c 24
 919.521 55.7188 944.22 53.04 984 39 c 25
 958.26 22.6201 942.319 15.4238 918 -3 c 24
 903.492 -13.9912 902.848 -39.5693 885 -36 c 24
 839.744 -26.9492 817.948 -6.14355 783 24 c 24
 723.454 75.3584 695.953 111.107 645 171 c 24
 629.007 189.799 624.87 203.94 612 225 c 25
306 240 m 25
 412 240 l 25
 369.49 194.37 349.33 164.746 303 123 c 24
 238.656 65.0225 202.79 30.3496 129 -15 c 24
 88.9668 -39.6035 59.46 -38.79 15 -54 c 25
 75.8398 -0.179688 113.858 26.2686 171 84 c 24
 227.6 141.184 253.35 179.16 306 240 c 25
354 393 m 25
 633 393 l 25
 633 343 l 25
 354 343 l 25
 354 393 l 25
354 522 m 25
 630 522 l 25
 630 472 l 25
 354 472 l 25
 354 522 l 25
597 237 m 25
 597 798 l 25
 640 778 676 782 708 747 c 24
 722 732 695 718 687 699 c 25
 687 237 l 25
 597 237 l 25
312 243 m 25
 312 795 l 25
 355 775 391 779 423 744 c 24
 437 729 410 715 402 696 c 25
 402 243 l 25
 312 243 l 25
27 264 m 25
 771 264 l 25
 800 292 809 324 834 333 c 1
 860 329 902 276 933 243 c 1
 941 225 924 214 906 214 c 9
 27 214 l 25
 27 264 l 25
120 651 m 25
 744 651 l 25
 773 679 782 711 807 720 c 1
 833 716 875 663 906 630 c 1
 914 612 897 601 879 601 c 9
 120 601 l 25
 120 651 l 25
EndSplineSet
EndChar
