Width: 1000
Flags: H
TeX: 117 0
LayerCount: 2
Fore
SplineSet
570 339 m 25
 596.91 320.28 617.557 315.794 639 291 c 24
 656.486 270.781 668.495 254.615 666 228 c 24
 664.223 209.037 648.899 197.362 630 195 c 24
 613.256 192.907 601.547 203.907 594 219 c 24
 583.483 240.034 592.612 255.939 588 279 c 24
 583.209 302.956 577.02 315.6 570 339 c 25
165 -41 m 1
 831 -41 l 1
 831 -91 l 1
 165 -91 l 1
 165 -41 l 1
342 120 m 25
 374.76 107.13 396.489 106.182 426 87 c 24
 444.844 74.751 458.633 64.2217 462 42 c 24
 465.385 19.6582 460.716 -0.959103 441 -12 c 24
 422.177 -22.541 401.68 -15.8093 387 0 c 24
 366.859 21.6895 373.393 44.2862 363 72 c 24
 355.825 91.1318 350.19 101.28 342 120 c 25
579 33 m 25
 579 258 l 25
 622.29 238.11 657.953 242.251 690 207 c 24
 703.745 191.881 677.19 177.72 669 159 c 25
 669 24 l 17
 654 -24 637.413 -45.0193 597 -54 c 24
 572.292 -59.4902 580.258 -16.4258 561 0 c 24
 539.104 18.6758 520.74 20.1299 495 33 c 25
 579 33 l 25
264 171 m 25
 681 171 l 25
 681 171 704 207 729 216 c 1
 755 212 743 183 774 150 c 1
 782 132 765 121 747 121 c 9
 264 121 l 25
 264 171 l 25
288 279 m 25
 337.14 276.66 364.812 272.137 414 273 c 24
 498.357 274.479 545.76 280.32 630 285 c 25
 630 240 l 25
 521.19 225.96 459.589 219.662 351 204 c 24
 337.797 202.096 326.58 184.785 318 195 c 24
 295.626 221.637 299.7 246.24 288 279 c 25
417 363 m 25
 489 363 l 25
 476.13 333.75 468.499 317.41 456 288 c 24
 448.606 270.604 445.02 260.55 438 243 c 25
 366 231 l 25
 377.7 256.74 385.81 270.626 396 297 c 24
 405.735 322.196 408.81 337.26 417 363 c 25
438 732 m 1
 528 732 l 1
 528 384 l 1
 438 384 l 1
 438 732 l 1
300 389 m 1
 657 389 l 1
 657 339 l 1
 300 339 l 1
 300 389 l 1
312 473 m 1
 642 473 l 1
 642 423 l 1
 312 423 l 1
 312 473 l 1
312 561 m 25
 603 561 l 25
 619.38 573.87 624.891 599.435 645 594 c 24
 680.178 584.492 697.287 563.381 714 531 c 24
 720.55 518.309 701.19 512.7 693 501 c 25
 693 366 l 17
 685 337 679 315 648 312 c 1
 624 314 613 338 603 366 c 9
 603 511 l 25
 312 511 l 25
 312 561 l 25
282 591 m 25
 325.29 571.11 360.953 575.251 393 540 c 24
 406.745 524.881 380.19 510.72 372 492 c 25
 372 360 l 17
 364 331 358 309 327 306 c 1
 303 308 292 332 282 360 c 9
 282 591 l 25
237 642 m 25
 591 642 l 25
 620 670 629 702 654 711 c 1
 680 707 722 654 753 621 c 1
 761 603 744 592 726 592 c 9
 237 592 l 25
 237 642 l 25
153 741 m 25
 795 741 l 25
 811 754 817 779 837 774 c 24
 872 764 889 743 906 711 c 24
 913 698 893 693 885 681 c 25
 885 -105 l 17
 877 -134 871 -156 840 -159 c 1
 816 -157 805 -133 795 -105 c 9
 795 691 l 25
 153 691 l 25
 153 741 l 25
120 783 m 25
 163 763 199 767 231 732 c 24
 245 717 218 703 210 684 c 25
 210 -108 l 17
 202 -137 196 -159 165 -162 c 1
 141 -160 130 -136 120 -108 c 9
 120 783 l 25
EndSplineSet
EndChar
