Width: 1000
Flags: HW
LayerCount: 2
Fore
SplineSet
93 60 m 0
 55.7451 104.706 47.25 138.69 18 189 c 25
 46.0801 189 61.9248 186 90 186 c 24
 190.761 186 252 204 348 204 c 9
 266.1 157.2 220.137 130.383 138 84 c 24
 120.681 74.2197 108 42 93 60 c 0
18 528 m 25
 213 528 l 25
 242 556 251 588 276 597 c 1
 302 593 344 540 375 507 c 1
 383 489 366 478 348 478 c 9
 18 478 l 25
 18 528 l 25
159 756 m 25
 202 736 238 740 270 705 c 24
 284 690 257 676 249 657 c 25
 249 165 l 25
 159 165 l 25
 159 756 l 25
420 98 m 1
 639 98 l 1
 639 48 l 1
 420 48 l 1
 420 98 l 1
414 237 m 25
 585 237 l 25
 601 250 607 275 627 270 c 24
 662 260 679 239 696 207 c 24
 703 194 683 189 675 177 c 25
 675 54 l 17
 667 25 661 3 630 0 c 1
 606 2 595 26 585 54 c 9
 585 187 l 25
 414 187 l 25
 414 237 l 25
390 270 m 25
 433 250 469 254 501 219 c 24
 515 204 488 190 480 171 c 25
 480 27 l 17
 472 -2 466 -24 435 -27 c 1
 411 -25 400 -1 390 27 c 9
 390 270 l 25
777 321 m 25
 855 321 l 25
 855 -102 l 25
 818.73 -127.74 805.798 -160.271 762 -168 c 24
 743.243 -171.31 762.982 -136.221 753 -120 c 24
 733.902 -88.9658 714.57 -77.9102 690 -51 c 25
 777 -51 l 25
 777 321 l 25
285 357 m 25
 804 357 l 25
 833 385 842 417 867 426 c 1
 893 422 935 369 966 336 c 1
 974 318 957 307 939 307 c 9
 285 307 l 25
 285 357 l 25
603 621 m 25
 663 621 l 25
 709.8 571.86 726.537 532.642 783 495 c 24
 831.333 462.778 869.01 465.72 924 447 c 25
 908.79 436.47 898.688 432.444 885 420 c 24
 872.695 408.814 874.615 387 858 387 c 24
 809.943 387 780.1 397.988 741 426 c 24
 698.369 456.541 687.294 488.193 657 531 c 24
 633.354 564.413 624.06 585.9 603 621 c 25
534 783 m 25
 573.78 772.47 605.883 784.04 636 756 c 24
 651.997 741.105 626.85 723.06 621 702 c 25
 621 597 l 25
 594.09 544.35 586.967 509.682 552 462 c 24
 534.145 437.651 517.99 425.44 489 417 c 24
 423.229 397.852 382.86 402.36 315 393 c 25
 366.48 418.74 400.264 425.408 447 459 c 24
 476.681 480.333 489.197 499.077 507 531 c 24
 523.761 561.053 523.47 582.24 534 615 c 25
 534 783 l 25
360 648 m 25
 741 648 l 25
 770 676 779 708 804 717 c 1
 830 713 872 660 903 627 c 1
 911 609 894 598 876 598 c 9
 360 598 l 25
 360 648 l 25
EndSplineSet
EndChar
