Width: 1000
Flags: HW
TeX: 117 0
LayerCount: 2
Fore
SplineSet
204 -67 m 25
 792 -67 l 25
 821 -39 830 -7 855 2 c 1
 881 -2 923 -55 954 -88 c 1
 962 -106 945 -117 927 -117 c 9
 204 -117 l 25
 204 -67 l 25
507 -94 m 25
 507 620 l 25
 507 620 586 604 618 569 c 24
 632 554 605 540 597 521 c 25
 597 -94 l 25
 507 -94 l 25
291 332 m 25
 714 332 l 25
 743 360 752 392 777 401 c 1
 803 397 845 344 876 311 c 1
 884 293 867 282 849 282 c 9
 291 282 l 25
 291 332 l 25
204 693 m 25
 774 693 l 25
 803 721 812 753 837 762 c 1
 863 758 905 705 936 672 c 1
 944 654 927 643 909 643 c 9
 204 643 l 25
 204 693 l 25
150 198 m 10
 150 726 l 25
 150 726 229 710 261 675 c 24
 275 660 248 646 240 627 c 25
 240 201 l 18
 240 140 232 87 204 21 c 24
 180 -35 155 -63 111 -105 c 24
 81 -134 58 -143 18 -156 c 1
 55 -108 80 -75 102 -15 c 24
 132 65 150 117 150 198 c 10
EndSplineSet
EndChar
