Width: 1000
Flags: H
TeX: 117 0
LayerCount: 2
Fore
SplineSet
475 427 m 17
 528 410 555 401 597 369 c 24
 628 345 646 326 657 288 c 24
 663 269 653 250 635 241 c 24
 617 232 599 239 584 253 c 24
 556 279 552 304 532 336 c 24
 510 371 497 392 475 427 c 17
405 117 m 25
 405 117 473 124 516 132 c 24
 597 147 642 159 723 177 c 17
 667 134 642 119 588 84 c 24
 551 60 530 49 492 27 c 24
 478 19 467 -2 456 9 c 24
 424 42 405 117 405 117 c 25
798 39 m 10
 798 508 l 25
 447 508 l 25
 447 558 l 25
 798 558 l 25
 814 571 820 596 840 591 c 24
 875 581 892 560 909 528 c 24
 916 515 896 510 888 498 c 25
 888 42 l 26
 888 -3 880 -32 855 -69 c 24
 830 -106 808 -130 765 -138 c 24
 739 -143 734 -109 711 -96 c 24
 666 -70 638 -59 591 -36 c 17
 735 -36 l 2
 769 -36 798 13 798 39 c 10
468 759 m 25
 468 759 535 749 567 723 c 24
 578 714 557 703 552 690 c 24
 529 624 523 583 495 519 c 24
 469 461 452 429 414 378 c 24
 389 345 373 329 336 306 c 1
 364 375 379 413 402 483 c 24
 423 547 434 583 450 648 c 24
 460 691 468 759 468 759 c 25
114 6 m 1
 114 6 91 -26 81 -15 c 24
 51 19 36 93 36 93 c 25
 36 93 157 118 234 132 c 24
 303 145 342 150 411 162 c 17
 359 126 329 107 273 78 c 24
 213 46 114 6 114 6 c 1
42 492 m 25
 282 492 l 25
 282 492 304 523 328 532 c 1
 347 525 371 497 390 471 c 1
 398 453 382 442 364 442 c 9
 42 442 l 25
 42 492 l 25
174 93 m 25
 174 747 l 25
 174 747 253 731 285 696 c 24
 299 681 272 667 264 648 c 25
 264 93 l 25
 174 93 l 25
EndSplineSet
EndChar
