Width: 1000
Flags: H
TeX: 117 0
LayerCount: 2
Fore
SplineSet
627 483 m 25
 717 483 l 25
 717 99 l 25
 627 99 l 25
 627 483 l 25
255 480 m 25
 345 480 l 25
 345 84 l 25
 255 84 l 25
 255 480 l 25
54 -90 m 25
 777 -90 l 25
 806 -62 815 -30 840 -21 c 1
 866 -25 908 -78 939 -111 c 1
 947 -129 930 -140 912 -140 c 9
 54 -140 l 25
 54 -90 l 25
123 117 m 25
 732 117 l 25
 732 117 770 177 795 186 c 1
 821 182 863 129 894 96 c 1
 902 78 885 67 867 67 c 9
 123 67 l 25
 123 117 l 25
447 630 m 25
 537 630 l 25
 537 -93 l 25
 447 -93 l 25
 447 630 l 25
48 327 m 25
 804 327 l 25
 804 327 842 387 867 396 c 1
 893 392 935 339 966 306 c 1
 974 288 957 277 939 277 c 9
 48 277 l 25
 48 327 l 25
48 504 m 25
 735 504 l 25
 735 504 773 564 798 573 c 1
 824 569 866 516 897 483 c 1
 905 465 888 454 870 454 c 9
 48 454 l 25
 48 504 l 25
735 747 m 25
 767.76 710.73 801.982 699.816 819 654 c 24
 825.324 636.974 791.873 645.232 774 642 c 24
 681.822 625.329 630.143 612.959 537 603 c 24
 443.814 593.037 390.683 593.549 297 591 c 24
 218.639 588.868 174.39 591 96 591 c 25
 220.02 616.74 290.354 629.523 414 657 c 24
 490.455 673.99 533.588 683.856 609 705 c 24
 658.875 718.983 685.86 730.62 735 747 c 25
EndSplineSet
EndChar
