Width: 1000
Flags: H
TeX: 117 0
LayerCount: 2
Fore
SplineSet
276 387 m 1
 276 387 365 354 412 317 c 0
 430 303 432 286 433 263 c 0
 434 246 429 233 415 224 c 0
 400 215 385 214 370 223 c 0
 349 235 347 255 330 272 c 0
 311 291 276 317 276 317 c 1
 276 387 l 1
211 372 m 25
 211 372 290 356 322 321 c 24
 336 306 309 292 301 273 c 25
 301 -115 l 17
 293 -144 287 -166 256 -169 c 1
 232 -167 221 -143 211 -115 c 9
 211 372 l 25
325 535 m 1
 39 535 l 1
 39 585 l 1
 346 585 l 1
 364 601 368 631 391 626 c 0
 427 618 443 593 460 560 c 0
 466 547 447 542 439 530 c 1
 402 485 382 452 343 408 c 0
 303 364 282 344 237 306 c 1
 190 267 161 248 108 219 c 0
 74 200 51 192 15 183 c 1
 72 237 102 268 154 327 c 0
 223 406 325 535 325 535 c 1
202 567 m 1
 202 777 l 25
 202 777 281 761 313 726 c 24
 327 711 300 697 292 678 c 25
 292 567 l 1
 202 567 l 1
714 33 m 17
 756 27 813 15 869 -14 c 24
 910 -35 937 -51 957 -92 c 24
 968 -115 957 -141 935 -154 c 24
 914 -167 893 -157 873 -142 c 24
 834 -113 825 -84 792 -48 c 24
 763 -16 744 1 714 33 c 17
559 31 m 25
 559 31 613 -0 633 -33 c 24
 639 -43 618 -44 609 -51 c 25
 558 -81 533 -108 477 -129 c 24
 426 -148 386 -149 339 -150 c 1
 403 -110 436 -81 495 -33 c 24
 522 -11 559 31 559 31 c 25
666 687 m 25
 846 687 l 25
 846 687 868 718 892 727 c 1
 911 720 935 692 954 666 c 1
 962 648 946 637 928 637 c 9
 666 637 l 25
 666 687 l 25
519 100 m 1
 855 100 l 1
 855 50 l 1
 519 50 l 1
 519 100 l 1
528 249 m 1
 858 249 l 1
 858 199 l 1
 528 199 l 1
 528 249 l 1
534 383 m 1
 852 383 l 1
 852 333 l 1
 534 333 l 1
 534 383 l 1
531 528 m 25
 798 528 l 25
 814 541 820 566 840 561 c 24
 875 551 892 530 909 498 c 24
 916 485 896 480 888 468 c 25
 888 78 l 17
 880 49 874 27 843 24 c 1
 819 26 808 50 798 78 c 9
 798 478 l 25
 531 478 l 25
 531 528 l 25
474 558 m 25
 474 558 553 542 585 507 c 24
 599 492 572 478 564 459 c 25
 564 66 l 17
 556 37 550 15 519 12 c 1
 495 14 484 38 474 66 c 9
 474 558 l 25
618 489 m 25
 618 789 l 25
 618 789 697 773 729 738 c 24
 743 723 716 709 708 690 c 25
 708 489 l 25
 618 489 l 25
EndSplineSet
EndChar
