Width: 1000
Flags: H
TeX: 117 0
LayerCount: 2
Fore
SplineSet
591 145 m 1
 729 145 l 1
 729 95 l 1
 591 95 l 1
 591 145 l 1
588 405 m 25
 705 405 l 25
 721 418 727 443 747 438 c 24
 782 428 799 407 816 375 c 24
 823 362 803 357 795 345 c 25
 795 123 l 17
 787 94 781 72 750 69 c 1
 726 71 715 95 705 123 c 9
 705 355 l 25
 588 355 l 25
 588 405 l 25
537 438 m 25
 580 418 616 422 648 387 c 24
 662 372 635 358 627 339 c 25
 627 81 l 17
 619 52 613 30 582 27 c 1
 558 29 547 53 537 81 c 9
 537 438 l 25
534 558 m 25
 720 558 l 25
 720 558 743 594 768 603 c 1
 794 599 782 570 813 537 c 1
 821 519 804 508 786 508 c 9
 534 508 l 25
 534 558 l 25
867 -66 m 25
 867 676 l 25
 489 676 l 25
 489 726 l 25
 867 726 l 25
 883 739 889 764 909 759 c 24
 944 749 961 728 978 696 c 24
 985 683 965 678 957 666 c 25
 957 -108 l 17
 945 -132 922 -171 885 -171 c 24
 860 -171 868 -133 849 -117 c 24
 819 -91 796 -86 762 -66 c 25
 867 -66 l 25
399 444 m 25
 442 424 478 428 510 393 c 24
 524 378 497 364 489 345 c 25
 489 69 l 17
 481 40 475 18 444 15 c 1
 420 17 409 41 399 69 c 9
 399 444 l 25
84 135 m 25
 84 468 l 25
 127 448 163 452 195 417 c 24
 209 402 182 388 174 369 c 25
 174 150 l 17
 162 102 154 88 135 51 c 24
 120 21 110 3 87 -21 c 24
 66 -43 49 -48 24 -66 c 25
 39 -32 52 -15 63 21 c 24
 76 64 76 91 84 135 c 25
336 564 m 25
 336 -87 l 17
 328 -116 322 -138 291 -141 c 1
 267 -139 256 -115 246 -87 c 9
 246 564 l 25
 336 564 l 25
84 591 m 25
 411 591 l 25
 411 591 434 627 459 636 c 1
 485 632 473 603 504 570 c 1
 512 552 495 541 477 541 c 9
 84 541 l 25
 84 591 l 25
102 729 m 25
 363 729 l 25
 363 729 386 765 411 774 c 1
 437 770 425 741 456 708 c 1
 464 690 447 679 429 679 c 9
 102 679 l 25
 102 729 l 25
EndSplineSet
EndChar
