Width: 1000
Flags: HW
TeX: 117 0
LayerCount: 2
Fore
SplineSet
645 66 m 25
 692 55 720 56 765 39 c 24
 810 23 838 14 873 -18 c 24
 894 -37 902 -56 900 -84 c 24
 899 -105 888 -123 867 -126 c 24
 843 -129 833 -110 813 -96 c 24
 790 -80 780 -67 759 -48 c 24
 740 -30 730 -19 711 0 c 24
 685 26 671 40 645 66 c 25
480 -105 m 25
 480 111 l 25
 570 111 l 25
 570 -120 l 17
 567 -162 548 -184 513 -192 c 24
 485 -199 479 -163 456 -147 c 24
 430 -129 414 -121 387 -105 c 25
 480 -105 l 25
300 66 m 25
 339 45 371 46 399 12 c 24
 410 -1 382 -7 369 -18 c 24
 337 -45 319 -61 285 -84 c 24
 250 -108 231 -123 192 -138 c 24
 155 -152 132 -149 93 -156 c 25
 129 -124 152 -109 186 -75 c 24
 220 -40 236 -17 267 21 c 24
 281 38 287 48 300 66 c 25
99 141 m 25
 777 141 l 25
 806 169 815 201 840 210 c 1
 866 206 908 153 939 120 c 1
 947 102 930 91 912 91 c 9
 99 91 l 25
 99 141 l 25
234 270 m 25
 636 270 l 25
 636 270 674 330 699 339 c 1
 725 335 767 282 798 249 c 1
 806 231 789 220 771 220 c 9
 234 220 l 25
 234 270 l 25
564 690 m 1
 654 690 l 1
 654 366 l 1
 564 366 l 1
 564 690 l 1
378 696 m 1
 468 696 l 1
 468 357 l 1
 378 357 l 1
 378 696 l 1
237 389 m 1
 804 389 l 1
 804 339 l 1
 237 339 l 1
 237 389 l 1
216 561 m 25
 744 561 l 25
 760 574 766 599 786 594 c 24
 821 584 838 563 855 531 c 24
 862 518 842 513 834 501 c 25
 834 363 l 17
 826 334 820 312 789 309 c 1
 765 311 754 335 744 363 c 9
 744 511 l 25
 216 511 l 25
 216 561 l 25
189 603 m 25
 232 583 268 587 300 552 c 24
 314 537 287 523 279 504 c 25
 279 360 l 17
 271 331 265 309 234 306 c 1
 210 308 199 332 189 360 c 9
 189 603 l 25
78 708 m 25
 774 708 l 25
 803 736 812 768 837 777 c 1
 863 773 905 720 936 687 c 1
 944 669 927 658 909 658 c 9
 78 658 l 25
 78 708 l 25
EndSplineSet
EndChar
