Width: 1000
Flags: H
TeX: 117 0
LayerCount: 2
Fore
SplineSet
708 717 m 25
 744.27 693.6 772.125 689.083 801 657 c 24
 826.912 628.209 839.493 605.575 843 567 c 24
 844.822 546.953 832.239 530.92 813 525 c 24
 793.891 519.12 777.073 527.063 765 543 c 24
 744.893 569.542 748.366 592.355 738 624 c 24
 726.136 660.217 719.7 680.73 708 717 c 25
759 432 m 25
 802.29 412.11 833.589 411.722 870 381 c 24
 879.998 372.564 860.85 362.7 855 351 c 25
 839.79 305.37 832.834 279.056 816 234 c 24
 793.035 172.536 784.001 135.828 753 78 c 24
 722.793 21.6523 703.394 -10.0487 660 -57 c 24
 630.919 -88.4648 607.953 -100.12 570 -120 c 24
 533.607 -139.063 509.61 -141.96 471 -156 c 25
 508.44 -117.39 533.104 -98.7556 567 -57 c 24
 614.061 0.972656 643.42 32.8204 678 99 c 24
 711.934 163.941 723.682 204.804 741 276 c 24
 755.475 335.509 751.98 371.16 759 432 c 25
576 324 m 25
 639 423 l 25
 668.25 328.23 676.532 271.832 714 180 c 24
 736.589 124.635 756.439 96.073 792 48 c 24
 820.049 10.082 840.278 -8.20481 876 -39 c 24
 908.451 -66.9756 930.9 -77.4297 966 -102 c 25
 936.75 -114.87 918.603 -118.898 891 -135 c 24
 875.976 -143.764 875.385 -165.543 858 -165 c 24
 830.277 -164.134 814.381 -151.842 795 -132 c 24
 763.709 -99.9639 755.499 -74.121 732 -36 c 24
 702.832 11.3164 682.101 35.9986 660 87 c 24
 621.009 176.979 608.76 231.57 576 324 c 25
561 378 m 9
 561 765 l 25
 604.29 745.11 639.953 749.251 672 714 c 24
 685.745 698.881 659.19 684.72 651 666 c 25
 651 363 l 25
 634.62 297.48 631.387 258.718 609 195 c 24
 585.568 128.311 567.988 91.9785 534 30 c 24
 508.097 -17.2344 489.832 -42.078 456 -84 c 24
 435.73 -109.117 423.34 -123.846 396 -141 c 24
 362.685 -161.903 339.27 -164.79 303 -180 c 25
 336.93 -141.39 360.487 -123.083 390 -81 c 24
 423.997 -32.5234 438.008 -1.69918 465 51 c 24
 487.204 94.3506 502.28 118.266 516 165 c 24
 539.916 246.466 555 297 561 378 c 9
408 534 m 25
 810 534 l 25
 839 562 848 594 873 603 c 1
 899 599 941 546 972 513 c 1
 980 495 963 484 945 484 c 9
 408 484 l 25
 408 534 l 25
363 426 m 25
 406 406 442 410 474 375 c 24
 488 360 461 346 453 327 c 25
 453 93 l 17
 445 64 439 42 408 39 c 1
 384 41 373 65 363 93 c 9
 363 426 l 25
117 135 m 25
 117 429 l 25
 160.29 409.11 195.953 413.251 228 378 c 24
 241.745 362.881 215.19 348.72 207 330 c 25
 207 123 l 25
 194.13 79.71 193.718 52.6308 174 12 c 24
 154.582 -28.0127 142.055 -52.3939 108 -81 c 24
 81.0488 -103.639 56.7598 -101.13 24 -114 c 25
 40.3799 -85.9199 52.3104 -71.4853 66 -42 c 24
 82.8389 -5.73242 90.929 15.5771 102 54 c 24
 110.896 84.8711 111.15 103.41 117 135 c 25
324 498 m 25
 324 -111 l 17
 316 -140 310 -162 279 -165 c 1
 255 -163 244 -139 234 -111 c 9
 234 498 l 25
 324 498 l 25
78 528 m 25
 369 528 l 25
 369 528 392 564 417 573 c 1
 443 569 431 540 462 507 c 1
 470 489 453 478 435 478 c 9
 78 478 l 25
 78 528 l 25
108 696 m 25
 315 696 l 25
 315 696 338 732 363 741 c 1
 389 737 377 708 408 675 c 1
 416 657 399 646 381 646 c 9
 108 646 l 25
 108 696 l 25
EndSplineSet
EndChar
