Width: 1000
Flags: H
TeX: 117 0
LayerCount: 2
Fore
SplineSet
645 135 m 25
 707 114 747 113 804 81 c 24
 856 51 887 30 918 -21 c 24
 932 -43 924 -68 906 -87 c 24
 891 -102 871 -100 852 -90 c 24
 826 -76 823 -55 804 -33 c 24
 776 -2 760 15 731 45 c 24
 698 80 679 100 645 135 c 25
478 -79 m 17
 496 -70 505 -54 501 -18 c 1
 501 204 l 9
 591 204 l 17
 591 -39 l 1
 591 -39 588 -97 568 -126 c 24
 547 -156 530 -182 493 -183 c 24
 466 -184 468 -147 448 -129 c 24
 423 -107 406 -98 379 -79 c 25
 478 -79 l 17
317 165 m 25
 354 139 387 136 413 99 c 24
 422 85 396 79 383 69 c 24
 337 32 312 11 263 -21 c 24
 227 -45 207 -59 167 -75 c 24
 123 -93 96 -95 50 -108 c 25
 115 -51 156 -23 216 39 c 24
 260 84 278 116 317 165 c 25
225 231 m 25
 675 231 l 25
 675 231 713 291 738 300 c 1
 764 296 806 243 837 210 c 1
 845 192 828 181 810 181 c 9
 225 181 l 25
 225 231 l 25
362 392 m 25
 593 392 l 25
 593 392 615 423 639 432 c 1
 658 425 682 397 701 371 c 1
 709 353 693 342 675 342 c 9
 362 342 l 25
 362 392 l 25
596 672 m 25
 656 672 l 25
 678 617 683 582 713 531 c 24
 742 481 764 455 804 414 c 24
 844 373 869 351 918 321 c 24
 947 303 968 303 1000 291 c 25
 970 278 952 273 923 258 c 24
 905 249 899 227 879 231 c 24
 844 239 829 259 804 285 c 24
 756 336 732 367 695 426 c 24
 663 477 651 509 629 564 c 24
 613 605 609 630 596 672 c 25
738 429 m 25
 708 456 l 25
 818 634 l 25
 563 634 l 25
 563 684 l 25
 825 684 l 25
 845 695 856 721 877 711 c 24
 912 695 922 668 936 633 c 24
 940 622 926 617 918 609 c 24
 849 538 808 499 738 429 c 25
179 519 m 25
 209 491 233 481 257 447 c 24
 279 416 298 394 293 357 c 24
 290 336 261 325 242 336 c 24
 210 355 210 385 191 417 c 24
 174 446 165 463 149 492 c 25
 179 519 l 25
242 624 m 25
 283 601 311 595 347 564 c 24
 378 537 406 521 410 480 c 24
 412 456 382 440 359 447 c 24
 322 459 317 491 290 519 c 24
 263 548 248 565 221 594 c 25
 242 624 l 25
443 637 m 25
 251 637 l 25
 251 687 l 25
 440 687 l 25
 459 699 468 726 488 717 c 24
 524 700 533 672 548 636 c 24
 552 626 536 624 530 615 c 24
 486 551 464 513 419 450 c 24
 382 398 366 364 320 321 c 24
 264 269 228 244 161 207 c 24
 118 183 88 181 41 165 c 25
 100 214 139 236 192 291 c 24
 262 363 297 408 356 489 c 24
 395 543 409 579 443 637 c 25
251 774 m 25
 287 754 315 753 344 723 c 24
 353 714 332 707 326 696 c 24
 300 647 293 616 263 570 c 24
 226 514 202 483 155 435 c 24
 116 396 95 375 44 348 c 9
 97 440 133 489 179 585 c 24
 213 656 223 700 251 774 c 25
EndSplineSet
EndChar
