Width: 1000
Flags: HW
TeX: 117 0
LayerCount: 2
Fore
SplineSet
600 164 m 17
 600 164 673 125 711 90 c 24
 735 68 750 53 756 21 c 24
 760 2 750 -16 732 -21 c 24
 709 -27 693 -16 675 0 c 24
 647 24 642 48 619 77 c 24
 606 94 582 119 582 119 c 25
 600 164 l 17
845 193 m 9
 657 193 l 25
 657 243 l 25
 858 243 l 25
 876 255 883 280 903 273 c 24
 936 261 952 238 963 204 c 24
 968 189 945 187 936 174 c 24
 916 146 907 126 888 99 c 0
 858 56 837 36 799 0 c 24
 761 -36 738 -55 694 -84 c 24
 656 -109 633 -123 590 -138 c 24
 541 -155 504 -162 459 -165 c 1
 520 -133 557 -113 615 -72 c 24
 655 -43 675 -23 710 12 c 24
 745 48 764 70 794 111 c 24
 817 141 845 193 845 193 c 9
699 330 m 25
 699 330 762 314 792 288 c 24
 801 280 779 275 771 267 c 24
 730 224 710 196 666 156 c 24
 623 116 598 95 549 62 c 24
 507 34 480 21 435 0 c 1
 490 60 519 92 570 153 c 24
 606 196 624 222 657 267 c 24
 674 291 699 330 699 330 c 25
568 514 m 25
 588 552 l 25
 588 552 651 537 684 513 c 24
 716 490 734 471 750 435 c 0
 755 423 747 383 726 387 c 24
 683 394 672 427 638 454 c 24
 610 477 568 514 568 514 c 25
807 580 m 9
 624 580 l 25
 624 630 l 25
 813 630 l 25
 831 640 836 655 860 655 c 0
 893 655 909 623 922 591 c 24
 928 577 902 574 897 561 c 0
 876 510 870 495 843 459 c 24
 805 407 780 380 732 336 c 24
 686 294 658 271 603 240 c 24
 558 215 530 207 480 195 c 9
 527 236 554 258 600 300 c 24
 629 327 644 343 670 372 c 24
 701 407 723 435 745 464 c 0
 775 503 807 580 807 580 c 9
669 759 m 25
 669 759 733 745 756 708 c 0
 765 694 745 693 738 684 c 24
 691 623 666 587 616 529 c 24
 584 492 565 472 527 440 c 24
 499 417 486 408 450 389 c 1
 492 450 514 484 552 546 c 24
 585 600 602 631 633 687 c 24
 648 715 669 759 669 759 c 25
338 341 m 25
 351 384 l 25
 351 384 418 364 453 339 c 24
 483 318 507 303 513 267 c 24
 517 241 500 213 474 213 c 0
 448 213 435 245 411 267 c 24
 381 295 338 341 338 341 c 25
309 480 m 25
 309 285 l 25
 309 285 284 242 263 219 c 24
 225 178 203 154 159 120 c 24
 119 89 102 78 48 51 c 9
 87 108 109 140 147 198 c 24
 185 257 208 290 243 351 c 24
 271 400 309 480 309 480 c 25
90 491 m 25
 426 491 l 25
 426 491 448 522 472 531 c 1
 491 524 515 496 534 470 c 1
 542 452 526 441 508 441 c 9
 90 441 l 25
 90 491 l 25
369 642 m 25
 369 -117 l 17
 361 -146 355 -168 324 -171 c 1
 300 -169 289 -145 279 -117 c 9
 279 642 l 25
 369 642 l 25
465 750 m 25
 465 750 516 697 525 654 c 24
 528 639 504 642 489 639 c 24
 416 626 374 621 300 615 c 24
 208 608 159 603 63 606 c 9
 130 626 168 636 234 657 c 24
 287 674 317 684 369 705 c 24
 407 720 465 750 465 750 c 25
EndSplineSet
EndChar
