Width: 1000
Flags: HW
TeX: 117 0
LayerCount: 2
Fore
SplineSet
768 228 m 17
 820 198 850 169 891 120 c 24
 926 79 942 51 960 0 c 24
 972 -35 980 -61 966 -96 c 24
 958 -116 932 -121 915 -114 c 0
 889 -103 878 -87 870 -56 c 0
 857 0 845 45 822 108 c 24
 805 156 789 181 768 228 c 17
489 -96 m 24
 460 -62 447 12 447 12 c 1
 900 36 l 25
 900 0 l 25
 717 -48 531 -87 531 -87 c 24
 531 -87 500 -109 489 -96 c 24
687 675 m 9
 687 675 762 650 798 618 c 24
 807 610 780 607 777 595 c 0
 751 495 737 439 710 340 c 24
 684 243 669 189 642 92 c 24
 628 44 620 16 606 -32 c 25
 543 -33 l 25
 687 675 l 9
348 351 m 25
 348 351 441 327 489 291 c 24
 523 266 546 243 549 201 c 24
 551 173 525 144 498 150 c 24
 455 160 452 201 420 231 c 24
 390 259 339 297 339 297 c 25
 348 351 l 25
312 426 m 9
 312 255 l 17
 285 214 271 193 237 159 c 24
 195 117 170 94 120 63 c 24
 85 42 75 39 21 27 c 1
 93 99 116 129 168 201 c 24
 229 285 263 335 312 426 c 9
66 468 m 25
 471 468 l 25
 471 468 493 499 517 508 c 1
 536 501 560 473 579 447 c 1
 587 429 571 418 553 418 c 9
 66 418 l 25
 66 468 l 25
378 633 m 25
 378 -105 l 17
 370 -134 364 -156 333 -159 c 1
 309 -157 298 -133 288 -105 c 9
 288 633 l 25
 378 633 l 25
483 738 m 25
 483 738 523 670 532 625 c 0
 533 619 523 627 517 627 c 24
 400 617 346 600 216 599 c 0
 154 599 123 603 57 612 c 1
 153 635 211 652 309 681 c 24
 377 701 483 738 483 738 c 25
EndSplineSet
EndChar
