Width: 1000
Flags: H
TeX: 117 0
LayerCount: 2
Fore
SplineSet
826 676 m 25
 586 676 l 25
 586 726 l 25
 838 726 l 25
 857 738 866 765 886 756 c 24
 920 740 933 714 943 678 c 24
 948 660 931 651 919 636 c 24
 861 563 765 453 765 453 c 25
 765 453 821 413 847 378 c 24
 885 326 912 296 928 234 c 24
 941 184 933 152 920 102 c 24
 911 69 897 53 874 27 c 24
 860 12 848 -9 829 0 c 24
 802 13 813 46 790 66 c 24
 764 89 741 90 709 105 c 25
 802 105 l 26
 824 105 830 129 835 150 c 24
 845 193 850 221 838 264 c 24
 825 311 802 332 775 372 c 24
 752 406 709 453 709 453 c 25
 709 453 760 540 790 597 c 24
 805 626 812 643 826 676 c 25
553 762 m 25
 553 762 632 746 664 711 c 24
 678 696 651 682 643 663 c 25
 643 -123 l 17
 635 -152 629 -174 598 -177 c 1
 574 -175 563 -151 553 -123 c 9
 553 762 l 25
401 442 m 25
 401 442 480 426 512 391 c 24
 526 376 499 362 491 343 c 25
 491 43 l 17
 483 14 477 -8 446 -11 c 1
 422 -9 411 15 401 43 c 9
 401 442 l 25
355 558 m 25
 355 -102 l 17
 347 -131 341 -153 310 -156 c 1
 286 -154 275 -130 265 -102 c 9
 265 558 l 25
 355 558 l 25
139 207 m 26
 139 456 l 25
 139 456 218 440 250 405 c 24
 264 390 237 376 229 357 c 25
 229 195 l 26
 229 123 204 81 160 24 c 24
 126 -20 90 -36 40 -51 c 1
 80 0 89 18 108 68 c 24
 128 120 139 151 139 207 c 26
105 584 m 25
 417 584 l 25
 417 584 439 615 463 624 c 1
 482 617 506 589 525 563 c 1
 533 545 517 534 499 534 c 9
 105 534 l 25
 105 584 l 25
165 738 m 25
 351 738 l 25
 351 738 373 769 397 778 c 1
 416 771 440 743 459 717 c 1
 467 699 451 688 433 688 c 9
 165 688 l 25
 165 738 l 25
EndSplineSet
EndChar
