Width: 1000
Flags: H
TeX: 117 0
LayerCount: 2
Fore
SplineSet
690 375 m 25
 741 375 l 25
 769.08 311.82 776.234 271.553 813 213 c 24
 840.29 169.537 863.52 149.789 903 117 c 24
 933.256 91.8721 956.07 85.8896 990 66 c 25
 968.94 47.2803 955.925 37.9248 936 18 c 24
 919.578 1.57812 919.352 -33.3043 897 -27 c 24
 855.595 -15.3213 846.006 17.5127 819 51 c 24
 787.222 90.4043 770.067 113.939 747 159 c 24
 719.478 212.765 712.23 246.84 690 303 c 25
 690 375 l 25
597 345 m 25
 663 345 l 25
 663 312 l 25
 652.47 287.43 647.78 272.996 636 249 c 24
 616.165 208.596 609.634 182.529 582 147 c 24
 543.397 97.3691 518.083 71.0148 468 33 c 24
 420.025 -3.41406 385.65 -12.75 333 -42 c 25
 378.63 14.1602 406.475 44.1932 450 102 c 24
 481.426 143.737 497.958 168.298 525 213 c 24
 555.353 263.174 568.92 293.52 597 345 c 25
456 390 m 25
 816 390 l 25
 816 390 839 426 864 435 c 1
 890 431 878 402 909 369 c 1
 917 351 900 340 882 340 c 9
 456 340 l 25
 456 390 l 25
630 789 m 25
 673 769 709 773 741 738 c 24
 755 723 728 709 720 690 c 25
 720 -129 l 17
 712 -158 706 -180 675 -183 c 1
 651 -181 640 -157 630 -129 c 9
 630 789 l 25
420 591 m 25
 798 591 l 25
 827 619 836 651 861 660 c 1
 887 656 929 603 960 570 c 1
 968 552 951 541 933 541 c 9
 420 541 l 25
 420 591 l 25
279 411 m 25
 309.42 391.11 331.3 385.7 357 360 c 24
 387.296 329.704 408.125 311.166 420 270 c 24
 427.395 244.365 424.97 217.573 402 204 c 24
 383.509 193.073 368.937 215.566 354 231 c 24
 332.783 252.925 328.17 271.128 312 297 c 24
 298.919 317.93 291.87 329.94 279 351 c 25
 279 411 l 25
213 489 m 25
 255 489 l 25
 255 336 l 25
 244.47 311.43 242.233 295.627 228 273 c 24
 196.351 222.687 181.896 190.079 138 150 c 24
 99.3115 114.676 66.6299 109.74 21 84 c 25
 59.6104 154.2 84.1705 192.341 120 264 c 24
 147.414 318.828 159.584 351.349 183 408 c 24
 195.868 439.133 201.3 457.41 213 489 c 25
303 672 m 25
 303 -135 l 17
 295 -164 289 -186 258 -189 c 1
 234 -187 223 -163 213 -135 c 9
 213 672 l 25
 303 672 l 25
75 510 m 25
 363 510 l 25
 363 510 386 546 411 555 c 1
 437 551 425 522 456 489 c 1
 464 471 447 460 429 460 c 9
 75 460 l 25
 75 510 l 25
369 780 m 25
 394.74 743.73 422.003 729.534 435 687 c 24
 439.131 673.479 415.582 675.924 402 672 c 24
 362.739 660.658 340.441 653.882 300 648 c 24
 211.52 635.13 160.92 633.36 72 624 c 25
 129.33 652.08 162.485 666.315 219 696 c 24
 278.358 727.178 310.5 747.24 369 780 c 25
EndSplineSet
EndChar
