Width: 1000
Flags: H
TeX: 117 0
LayerCount: 2
Fore
SplineSet
648 263 m 25
 717 263 l 25
 748.59 192.8 757.076 148.201 798 83 c 24
 827.041 36.7314 853.135 17.252 894 -19 c 24
 926.051 -47.4326 948.9 -57.4297 984 -82 c 25
 966.45 -93.7002 954.733 -97.9521 939 -112 c 24
 921.677 -127.468 922.797 -161.433 900 -157 c 24
 863.446 -149.893 853.343 -120.791 831 -91 c 24
 786.204 -31.2715 763.285 4.67773 729 71 c 24
 691.679 143.194 679.59 188.12 648 263 c 25
498 512 m 25
 834 512 l 25
 834 512 857 548 882 557 c 1
 908 553 896 524 927 491 c 1
 935 473 918 462 900 462 c 9
 498 462 l 25
 498 512 l 25
438 296 m 25
 825 296 l 25
 825 296 863 356 888 365 c 1
 914 361 956 308 987 275 c 1
 995 257 978 246 960 246 c 9
 438 246 l 25
 438 296 l 25
633 272 m 25
 633 746 l 25
 676.29 726.11 711.953 730.251 744 695 c 24
 757.745 679.881 731.19 665.72 723 647 c 25
 723 233 l 25
 705.45 185.03 703.832 154.066 678 110 c 24
 643.438 51.041 619.302 19.3291 570 -28 c 24
 530.438 -65.9785 502.947 -83.3574 453 -106 c 24
 413.702 -123.815 387.12 -120.64 345 -130 c 25
 397.65 -84.3701 434.083 -65.3994 480 -13 c 24
 534.328 48.998 561.01 88.3711 600 161 c 24
 621.361 200.791 620.13 228.71 633 272 c 25
486 674 m 25
 523.44 654.11 552.021 652.979 582 623 c 24
 591.25 613.75 572.85 604.7 567 593 c 25
 552.96 548.54 547.371 522.655 531 479 c 24
 519.236 447.63 515.699 427.345 495 401 c 24
 475.916 376.712 456.57 371.72 432 353 c 25
 442.53 402.14 450.663 429.44 459 479 c 24
 471.736 554.712 475.47 597.95 486 674 c 25
282 374 m 25
 314.76 358.79 339.098 359.101 366 335 c 24
 397.421 306.853 415.564 285.874 426 245 c 24
 431.438 223.701 421.137 204.816 402 194 c 24
 386.188 185.062 370.827 194.222 357 206 c 24
 336.985 223.05 336.877 242.042 321 263 c 24
 307.502 280.817 297.21 288.62 282 305 c 25
 282 374 l 25
243 239 m 25
 225.45 212.09 218.124 195.043 198 170 c 24
 165.315 129.325 149.41 102.748 108 71 c 24
 77.6416 47.7256 53.0996 47.21 18 32 c 25
 62.46 98.6904 91.4834 133.843 132 203 c 24
 159.513 249.961 170.277 279.096 192 329 c 24
 213.592 378.604 223.11 407.69 243 458 c 25
 243 239 l 25
33 485 m 25
 348 485 l 25
 348 485 371 521 396 530 c 1
 422 526 410 497 441 464 c 1
 449 446 432 435 414 435 c 9
 33 435 l 25
 33 485 l 25
300 665 m 25
 300 -109 l 17
 292 -138 286 -160 255 -163 c 1
 231 -161 220 -137 210 -109 c 9
 210 665 l 25
 300 665 l 25
429 668 m 24
 432.078 652.607 408.399 653.042 393 650 c 24
 312.973 634.192 267.066 629.085 186 620 c 24
 131.241 613.863 99.9902 614.51 45 611 c 25
 110.52 639.08 147.762 654.271 213 683 c 24
 275.299 710.435 309.99 726.92 372 755 c 25
 394.23 721.07 421.045 707.776 429 668 c 24
EndSplineSet
EndChar
