Width: 1000
Flags: H
TeX: 117 0
LayerCount: 2
Fore
SplineSet
433 146 m 25
 827 281 l 25
 827 281 844 351 864 367 c 1
 890 372 947 335 987 314 c 1
 1001 300 988 284 971 278 c 9
 449 99 l 25
 433 146 l 25
552 468 m 17
 608 447 628 435 660 396 c 24
 682 369 687 343 681 309 c 24
 677 289 658 277 638 279 c 24
 617 281 607 298 598 317 c 0
 584 347 585 372 574 407 c 24
 567 431 561 444 552 468 c 17
555 693 m 17
 600 677 626 665 655 629 c 24
 681 597 696 569 687 530 c 24
 681 506 648 498 627 510 c 0
 599 526 602 564 593 592 c 0
 579 635 570 654 555 693 c 17
738 768 m 25
 738 768 817 752 849 717 c 24
 863 702 836 688 828 669 c 25
 828 -107 l 17
 820 -136 814 -158 783 -161 c 1
 759 -159 748 -135 738 -107 c 9
 738 768 l 25
324 399 m 25
 324 399 410 365 456 330 c 24
 481 311 496 295 504 264 c 24
 509 245 503 226 486 216 c 24
 464 204 444 206 423 219 c 24
 398 235 399 259 381 282 c 24
 361 308 324 345 324 345 c 25
 324 399 l 25
273 486 m 25
 300 486 l 25
 300 312 l 25
 300 312 260 233 225 189 c 24
 190 145 167 122 123 87 c 24
 91 62 78 54 33 36 c 1
 74 93 91 117 123 171 c 24
 161 235 213 339 213 339 c 24
 273 486 l 25
348 684 m 25
 348 -108 l 17
 340 -137 334 -159 303 -162 c 1
 279 -160 268 -136 258 -108 c 9
 258 684 l 25
 348 684 l 25
51 504 m 25
 459 504 l 25
 459 504 481 535 505 544 c 1
 524 537 548 509 567 483 c 1
 575 465 559 454 541 454 c 9
 51 454 l 25
 51 504 l 25
438 771 m 25
 438 771 478 714 480 672 c 24
 481 657 458 665 444 660 c 25
 374 653 334 646 264 642 c 24
 186 638 144 637 63 639 c 1
 160 668 216 687 312 721 c 24
 362 739 438 771 438 771 c 25
EndSplineSet
EndChar
