Width: 1000
Flags: H
TeX: 117 0
LayerCount: 2
Fore
SplineSet
312 357 m 25
 364.65 327.75 400.584 320.382 447 282 c 24
 464.414 267.6 467.271 250.585 468 228 c 24
 468.54 211.257 464.143 197.979 450 189 c 24
 435.181 179.591 420.285 179.368 405 188 c 24
 383.52 200.13 382.443 219.557 365 237 c 24
 345.615 256.385 332.06 264.45 311 282 c 25
 312 357 l 25
255 387 m 25
 298.29 367.11 333.953 371.251 366 336 c 24
 379.745 320.881 353.19 306.72 345 288 c 25
 345 -123 l 17
 337 -152 331 -174 300 -177 c 1
 276 -175 265 -151 255 -123 c 9
 255 387 l 25
360 539 m 25
 90 539 l 25
 90 589 l 25
 381 589 l 25
 398.55 604.99 402.809 635.086 426 630 c 24
 462.374 622.023 478.347 597.307 495 564 c 24
 501.387 551.227 482.19 545.7 474 534 c 25
 436.56 488.76 417.965 461.025 378 418 c 24
 331.264 367.685 304.989 338.68 252 295 c 24
 217.932 266.917 196.273 253.094 156 235 c 24
 114.804 216.491 90 204 45 202 c 1
 120 264 162.558 295.987 228 366 c 24
 285.952 428 308.52 471.53 360 539 c 25
255 571 m 25
 255 765 l 25
 298.29 745.11 333.953 749.251 366 714 c 24
 379.745 698.881 353.19 684.72 345 666 c 25
 345 571 l 25
 255 571 l 25
576 -49 m 1
 867 -49 l 1
 867 -99 l 1
 576 -99 l 1
 576 -49 l 1
585 320 m 25
 813 320 l 25
 829.38 332.87 834.891 358.435 855 353 c 24
 890.178 343.492 907.287 322.381 924 290 c 24
 930.55 277.309 911.19 271.7 903 260 c 25
 903 -81 l 17
 895 -110 889 -132 858 -135 c 1
 834 -133 823 -109 813 -81 c 9
 813 270 l 25
 585 270 l 25
 585 320 l 25
543 287 m 25
 633 287 l 25
 633 -106 l 17
 625 -135 619 -157 588 -160 c 1
 564 -158 553 -134 543 -106 c 9
 543 287 l 25
411 539 m 25
 838 539 l 25
 838 539 876 599 901 608 c 1
 927 604 969 551 1000 518 c 1
 1008 500 991 489 973 489 c 9
 411 489 l 25
 411 539 l 25
633 755 m 25
 673.95 739.79 702.918 742.028 738 716 c 24
 748.12 708.491 730.68 697.7 726 686 c 25
 713.13 634.52 705.87 605.48 693 554 c 24
 676.62 488.48 671.308 450.411 651 386 c 24
 632.62 327.703 620.587 295.04 594 240 c 24
 575.929 202.589 566.561 179.195 537 150 c 24
 501.983 115.416 472.95 107.3 432 80 c 25
 454.23 124.85 468.243 149.449 489 195 c 24
 510.385 241.928 523.943 267.993 540 317 c 24
 561.472 382.532 569.634 420.773 585 488 c 24
 597.732 543.702 601.89 575.763 612 632 c 24
 620.61 679.896 624.81 707.03 633 755 c 25
EndSplineSet
EndChar
