Width: 1000
Flags: HW
LayerCount: 2
Fore
SplineSet
270 208 m 25
 305.1 179.92 337.479 174.9 360 136 c 24
 379.425 102.448 383.398 72.9961 369 37 c 24
 361.562 18.4053 333.44 18.2451 318 31 c 24
 298.3 47.2744 306.688 69.3379 300 94 c 24
 287.967 138.371 281.7 163.54 270 208 c 25
84 202 m 25
 102.72 162.22 124.359 143.296 132 100 c 24
 138.961 60.5547 137.913 33.8262 120 -2 c 24
 109.226 -23.5479 89.9551 -34.5664 66 -32 c 24
 46.9199 -29.9561 38.7139 -11.9961 36 7 c 24
 32.2666 33.1309 44.6904 47.3691 51 73 c 24
 63.4121 123.425 71.1299 151.69 84 202 c 25
252 310 m 25
 252 -134 l 17
 244 -163 238 -185 207 -188 c 1
 183 -186 172 -162 162 -134 c 9
 162 310 l 25
 252 310 l 25
294 433 m 25
 327.93 402.58 361.692 396.277 381 355 c 24
 398.846 316.848 405.24 281.446 381 247 c 24
 366.844 226.884 335.897 252.471 324 274 c 24
 307.55 303.768 324.306 327.579 318 361 c 24
 312.512 390.086 303.36 404.92 294 433 c 25
21 343 m 1
 21 343 57.5742 339.578 81 340 c 24
 187.511 341.919 247.53 345.49 354 349 c 25
 339 295 l 25
 254.76 280.96 206.852 275.198 123 259 c 24
 103.743 255.28 90.1396 231.532 75 244 c 24
 41.0508 271.959 21 343 21 343 c 1
291 631 m 25
 320.25 604.09 346.968 596.893 366 562 c 24
 372.839 549.462 352.619 544.079 345 532 c 24
 304.639 468.013 282.939 431.251 243 367 c 24
 229.119 344.67 221.04 332.23 207 310 c 25
 144 310 l 25
 165.06 355.63 177.33 381.191 198 427 c 24
 220.622 477.135 232.185 505.953 255 556 c 24
 268.459 585.522 276.96 601.75 291 631 c 25
60 565 m 25
 104.46 545.11 135.629 543.999 174 514 c 24
 202.633 491.614 221.471 472.174 225 436 c 24
 227.255 412.886 209.213 390.274 186 391 c 24
 156.952 391.908 147.231 416.368 129 439 c 24
 112.588 459.374 111.566 476.054 99 499 c 24
 84.6396 525.224 75.21 539.26 60 565 c 25
147 502 m 25
 99 520 l 25
 124.74 573.82 139.877 603.889 165 658 c 24
 185.511 702.177 196.11 727.54 216 772 c 25
 245.25 745.09 272.798 738.333 291 703 c 24
 297.861 689.681 275.726 685.18 267 673 c 24
 219.552 606.77 193.8 568.69 147 502 c 25
861 484 m 25
 899.61 457.09 930.601 451.75 960 415 c 24
 969.502 403.123 950.115 393.324 945 379 c 24
 926.707 327.779 918.547 298.129 900 247 c 24
 875.251 178.772 865.428 138.421 834 73 c 24
 807.846 18.5566 788.951 -10.4658 753 -59 c 24
 726.231 -95.1377 708.672 -114.358 674 -143 c 24
 654.099 -159.44 638.01 -161.3 615 -173 c 25
 652.83 -110.99 678.343 -78.3701 712 -14 c 24
 740.901 41.2734 753.197 74.5615 775 133 c 24
 800.823 202.215 816.42 241.247 834 313 c 24
 850.067 378.576 850.47 417.31 861 484 c 25
550 37 m 24
 531.264 56.4258 516.45 62.6201 495 79 c 25
 507 139 l 25
 538.59 119.11 557.026 108.837 588 88 c 24
 621.403 65.5283 644.253 57.1699 672 28 c 24
 691.116 7.90332 702.336 -7.3916 705 -35 c 24
 707.08 -56.5615 703.35 -78.5752 683 -86 c 24
 662.018 -93.6562 647.398 -77.165 631 -62 c 24
 594.375 -28.1289 584.633 1.09375 550 37 c 24
615 239 m 25
 416 239 l 25
 416 289 l 25
 617 289 l 25
 634.94 303.04 641.726 333.147 663 325 c 24
 694.516 312.93 700.611 285.109 711 253 c 24
 715.026 240.554 700.845 235.15 696 223 c 24
 677.033 175.427 669.216 147.474 650 100 c 24
 629.422 49.1611 623.729 17.0898 594 -29 c 24
 564.82 -74.2383 544.146 -98.8076 501 -131 c 24
 467.097 -156.296 440 -156.62 401 -173 c 25
 423.62 -144.92 436.754 -129.377 459 -101 c 24
 486.287 -66.1924 506.27 -49.5225 528 -11 c 24
 558.118 42.3906 570.853 75.1055 591 133 c 24
 604.931 173.031 605.64 197.66 615 239 c 25
528 97 m 24
 519.999 67.165 518.452 45.1025 495 25 c 24
 483.482 15.1279 461.991 22.3643 458 37 c 24
 449.014 69.9502 461.609 90.4502 468 124 c 24
 477.239 172.504 489.253 198.404 498 247 c 24
 510.341 315.56 512.64 354.97 522 424 c 25
 602 424 l 25
 573.14 296.47 561.868 223.292 528 97 c 24
427 454 m 25
 592 454 l 25
 592 454 615 490 640 499 c 1
 666 495 654 466 685 433 c 1
 693 415 676 404 658 404 c 9
 427 404 l 25
 427 454 l 25
766 784 m 25
 801.88 766.45 831.374 768.772 858 739 c 24
 878.812 715.729 884.355 691.08 876 661 c 24
 870.092 639.729 849.947 633.38 828 631 c 24
 812.174 629.284 800.058 637.731 793 652 c 24
 780.406 677.461 787.692 696.17 782 724 c 24
 777.146 747.727 772.24 760.6 766 784 c 25
674 574 m 25
 674 790 l 25
 717 770 753 774 785 739 c 24
 799 724 772 710 764 691 c 25
 764 571 l 1
 762 502 764.856 429 771 373 c 9
 782.7 309.82 782.59 272.561 801 211 c 24
 820.237 146.675 838.484 112.783 867 52 c 24
 883.025 17.8408 896.28 0.759766 915 -32 c 25
 923.19 -2.75 927.229 13.9189 936 43 c 24
 949.462 87.6387 957.96 112.54 972 157 c 25
 972 75.0996 967.26 28.7627 972 -53 c 24
 973.533 -79.4414 991.455 -92.7412 988 -119 c 24
 985.093 -141.094 979.254 -168.161 957 -167 c 24
 918.107 -164.971 897.471 -143.297 873 -113 c 24
 821.935 -49.7764 800.895 -7.31641 768 67 c 24
 737.292 136.378 727.771 179.007 711 253 c 24
 694.528 325.671 691.532 367.976 683 442 c 24
 677.092 493.26 677.51 522.52 674 574 c 25
407 589 m 25
 799 589 l 25
 828 617 837 649 862 658 c 1
 888 654 930 601 961 568 c 1
 969 550 952 539 934 539 c 9
 407 539 l 25
 407 589 l 25
379 76 m 25
 379 625 l 25
 422 605 458 609 490 574 c 24
 504 559 477 545 469 526 c 25
 469 82 l 17
 456 22 451.931 -22.0312 417 -68 c 8
 387.438 -114.615 353.56 -126.56 313 -164 c 25
 330.94 -118.37 345.999 -94.2754 359 -47 c 24
 371.887 -0.139648 371.2 28.0303 379 76 c 25
EndSplineSet
EndChar
