Width: 1000
Flags: HW
LayerCount: 2
Fore
SplineSet
315 174 m 25
 340 152 359 144 378 117 c 24
 399 86 413 65 414 27 c 24
 415 0 405 -22 381 -33 c 24
 360 -42 338 -32 327 -12 c 24
 312 15 329 36 327 66 c 24
 324 108 320 132 315 174 c 25
96 183 m 25
 132 165 164 169 189 138 c 24
 202 122 178 109 171 90 c 25
 160 55 158 34 144 0 c 24
 129 -37 123 -60 96 -90 c 24
 70 -119 45 -125 12 -147 c 25
 26 -114 37 -97 48 -63 c 24
 61 -24 67 -1 75 39 c 24
 86 95 88 127 96 183 c 25
290 267 m 25
 290 -135 l 17
 282 -164 276 -186 245 -189 c 1
 221 -187 210 -163 200 -135 c 9
 200 267 l 25
 290 267 l 25
327 390 m 25
 354 365 377 358 396 327 c 24
 412 300 415 280 411 249 c 24
 408 224 402 202 378 192 c 24
 361 184 345 199 336 216 c 24
 324 240 331 258 330 285 c 24
 328 326 328 349 327 390 c 25
54 315 m 25
 84 311 101 307 132 306 c 24
 221 303 271 304 360 303 c 25
 354 255 l 25
 273 241 228 233 147 219 c 24
 129 216 114 197 102 210 c 24
 71 242 73 274 54 315 c 25
288 570 m 25
 323.1 547.77 354.671 547.38 378 513 c 24
 387.337 499.24 357.87 496.53 345 486 c 25
 322.77 445.05 311.973 420.955 288 381 c 24
 259.282 333.137 240.42 307.8 210 261 c 25
 153 261 l 25
 176.4 314.82 189.505 345.222 213 399 c 24
 242.154 465.731 258.75 503.31 288 570 c 25
24 573 m 25
 72 555 103 554 147 528 c 24
 182 507 205 491 222 453 c 24
 233 428 228 405 210 384 c 24
 199 371 180 378 165 387 c 24
 144 400 139 415 126 435 c 24
 108 462 103 481 84 507 c 24
 63 535 47 547 24 573 c 25
189 663 m 24
 205 695 211 714 225 747 c 25
 267 722 302 721 333 684 c 24
 344 671 313 668 300 657 c 25
 277 631 264 616 240 591 c 24
 201 549 178 525 138 483 c 25
 111 519 l 25
 141 575 160 606 189 663 c 24
585 300 m 25
 672 300 l 25
 651 204 l 25
 570 204 l 25
 585 300 l 25
750 189 m 25
 750 -102 l 17
 742 -131 736 -153 705 -156 c 1
 681 -154 670 -130 660 -102 c 9
 660 189 l 25
 750 189 l 25
627 195 m 25
 627 -102 l 17
 619 -131 613 -153 582 -156 c 1
 558 -154 547 -130 537 -102 c 9
 537 195 l 25
 627 195 l 25
792 -69 m 25
 792 160 l 25
 444 160 l 25
 444 210 l 25
 792 210 l 25
 808 223 814 248 834 243 c 24
 869 233 886 212 903 180 c 24
 910 167 890 162 882 150 c 25
 882 -120 l 25
 864 -132 858 -151 837 -150 c 24
 816 -149 811 -130 795 -117 c 24
 772 -98 758 -88 735 -69 c 25
 792 -69 l 25
426 240 m 25
 469 220 505 224 537 189 c 24
 551 174 524 160 516 141 c 25
 516 -111 l 17
 508 -140 502 -162 471 -165 c 1
 447 -163 436 -139 426 -111 c 9
 426 240 l 25
381 333 m 25
 792 333 l 25
 821 361 830 393 855 402 c 1
 881 398 923 345 954 312 c 1
 962 294 945 283 927 283 c 9
 381 283 l 25
 381 333 l 25
726 431 m 1
 864 431 l 1
 864 381 l 1
 726 381 l 1
 726 431 l 1
720 521 m 1
 873 521 l 1
 873 471 l 1
 720 471 l 1
 720 521 l 1
450 428 m 1
 600 428 l 1
 600 378 l 1
 450 378 l 1
 450 428 l 1
456 521 m 1
 591 521 l 1
 591 471 l 1
 456 471 l 1
 456 521 l 1
882 547 m 25
 432 547 l 25
 432 597 l 25
 876 597 l 25
 896 610 905 638 927 630 c 24
 963 617 974 590 990 555 c 24
 995 544 979 540 972 531 c 25
 864 480 l 25
 882 547 l 25
417 645 m 25
 431 611 445 594 453 558 c 24
 459 531 465 511 453 486 c 24
 443 464 426 451 402 450 c 24
 380 449 360 461 357 483 c 24
 354 511 380 520 390 546 c 24
 404 584 406 606 417 645 c 25
693 690 m 25
 693 432 l 17
 685 403 679 381 648 378 c 1
 624 380 613 404 603 432 c 9
 603 690 l 25
 693 690 l 25
429 723 m 25
 798 723 l 25
 798 723 821 759 846 768 c 1
 872 764 860 735 891 702 c 1
 899 684 882 673 864 673 c 9
 429 673 l 25
 429 723 l 25
EndSplineSet
EndChar
