Width: 1000
Flags: H
TeX: 117 0
LayerCount: 2
Fore
SplineSet
666 -72 m 24
 608 -38 571 -28 510 0 c 25
 537 33 l 25
 596 14 631 9 687 -15 c 24
 748 -41 781 -60 837 -96 c 24
 861 -111 882 -120 888 -147 c 24
 893 -168 878 -186 858 -192 c 24
 837 -199 823 -186 804 -174 c 24
 747 -139 724 -106 666 -72 c 24
615 -51 m 24
 667 -4 683 35 726 90 c 25
 804 90 l 25
 786 55 783 31 759 0 c 24
 719 -52 695 -82 642 -120 c 24
 589 -157 555 -175 492 -189 c 24
 433 -202 397 -189 336 -189 c 25
 387 -170 419 -165 468 -141 c 24
 528 -111 565 -96 615 -51 c 24
576 216 m 9
 609 202 637 207 660 180 c 24
 671 167 645 158 636 144 c 25
 617 117 606 102 588 75 c 24
 559 31 551 0 516 -39 c 24
 500 -57 481 -80 462 -66 c 24
 441 -51 447 -27 462 0 c 1
 518 82 536 137 576 216 c 9
372 126 m 25
 810 126 l 25
 839 154 848 186 873 195 c 1
 899 191 941 138 972 105 c 1
 980 87 963 76 945 76 c 9
 372 76 l 25
 372 126 l 25
578 246 m 25
 578 795 l 25
 621 775 657 779 689 744 c 24
 703 729 676 715 668 696 c 25
 668 246 l 25
 578 246 l 25
426 271 m 1
 816 271 l 1
 816 221 l 1
 426 221 l 1
 426 271 l 1
414 366 m 25
 750 366 l 25
 766 379 772 404 792 399 c 24
 827 389 844 368 861 336 c 24
 868 323 848 318 840 306 c 25
 840 234 l 17
 832 205 826 183 795 180 c 1
 771 182 760 206 750 234 c 9
 750 316 l 25
 414 316 l 25
 414 366 l 25
402 402 m 25
 445 382 481 386 513 351 c 24
 527 336 500 322 492 303 c 25
 492 222 l 17
 484 193 478 171 447 168 c 1
 423 170 412 194 402 222 c 9
 402 402 l 25
456 493 m 1
 786 493 l 1
 786 443 l 1
 456 443 l 1
 456 493 l 1
456 684 m 25
 726 684 l 25
 742 697 748 722 768 717 c 24
 803 707 820 686 837 654 c 24
 844 641 824 636 816 624 c 25
 816 474 l 17
 808 445 802 423 771 420 c 1
 747 422 736 446 726 474 c 9
 726 634 l 25
 456 634 l 25
 456 684 l 25
342 584 m 25
 819 584 l 25
 819 584 857 644 882 653 c 1
 908 649 950 596 981 563 c 1
 989 545 972 534 954 534 c 9
 342 534 l 25
 342 584 l 25
426 720 m 25
 469 700 505 704 537 669 c 24
 551 654 524 640 516 621 c 25
 516 462 l 17
 508 433 502 411 471 408 c 1
 447 410 436 434 426 462 c 9
 426 720 l 25
269 139 m 25
 300 118 328 117 348 86 c 24
 367 57 369 32 359 -1 c 24
 353 -21 335 -31 314 -31 c 24
 296 -30 288 -15 280 1 c 24
 273 17 283 27 281 44 c 24
 276 81 274 102 269 139 c 25
66 132 m 25
 99 119 122 121 150 99 c 24
 158 93 143 84 138 75 c 25
 122 46 119 24 96 0 c 24
 69 -28 45 -33 12 -54 c 25
 24 -19 32 0 42 36 c 24
 53 73 57 95 66 132 c 25
246 246 m 25
 246 -132 l 17
 238 -161 232 -183 201 -186 c 1
 177 -184 166 -160 156 -132 c 9
 156 246 l 25
 246 246 l 25
246 354 m 25
 281 333 311 332 336 300 c 24
 357 274 362 249 354 216 c 24
 348 193 329 186 306 180 c 24
 295 177 286 187 282 198 c 24
 274 218 281 231 276 252 c 24
 267 292 258 314 246 354 c 25
21 273 m 25
 55 269 74 264 108 264 c 24
 183 265 225 271 300 276 c 25
 318 234 l 25
 233 214 184 205 99 183 c 24
 85 179 75 157 66 168 c 24
 37 202 39 232 21 273 c 25
135 228 m 25
 84 228 l 25
 131 312 163 357 204 444 c 24
 226 491 230 521 246 570 c 25
 281 542 311 536 336 498 c 24
 344 486 320 483 309 474 c 25
 135 228 l 25
54 546 m 25
 91 530 120 532 150 504 c 24
 182 475 194 450 204 408 c 24
 208 392 197 375 180 372 c 24
 157 368 142 380 126 396 c 24
 110 412 112 429 102 450 c 24
 84 488 73 509 54 546 c 25
159 747 m 25
 200 728 232 730 264 699 c 24
 275 688 251 679 243 666 c 25
 204 593 196 544 144 480 c 24
 134 467 122 493 108 501 c 25
 120 542 129 564 138 606 c 24
 149 660 151 692 159 747 c 25
EndSplineSet
EndChar
