Width: 1000
Flags: HW
LayerCount: 2
Fore
SplineSet
636 379 m 25
 636 379 689 362 716 340 c 24
 723 334 711 327 707 319 c 25
 682 259 673 223 643 165 c 24
 624 129 610 107 582 81 c 1
 601 167 611 221 627 311 c 24
 632 337 636 379 636 379 c 25
352 376 m 1
 394 283 l 8
 406 240 411 214 409 169 c 24
 408 137 409 111 385 91 c 24
 370 78 348 93 338 110 c 24
 327 130 333 147 340 168 c 0
 348 192 353 208 355 235 c 24
 358 290 357 318 352 376 c 1
189 783 m 25
 189 783 249 760 277 732 c 24
 284 725 266 721 259 714 c 25
 217 649 130 523 130 523 c 25
 93 555 l 25
 189 783 l 25
522 450 m 1
 612 450 l 1
 612 21 l 1
 522 21 l 1
 522 450 l 1
411 441 m 1
 501 441 l 1
 501 -30 l 1
 411 -30 l 1
 411 441 l 1
369 -105 m 24
 338 -80 312 -21 312 -21 c 25
 312 -21 408 2 470 16 c 24
 559 36 610 46 699 66 c 17
 643 28 613 9 555 -21 c 24
 496 -52 460 -63 399 -90 c 24
 387 -95 379 -113 369 -105 c 24
261 228 m 17
 295 213 316 200 336 168 c 24
 359 131 366 104 367 61 c 24
 367 40 358 23 338 15 c 24
 322 9 308 21 301 36 c 24
 286 67 291 89 286 122 c 0
 280 163 271 187 261 228 c 17
831 705 m 17
 860 692 877 682 897 657 c 24
 917 632 927 614 930 582 c 24
 932 558 930 536 909 524 c 24
 893 514 871 525 864 542 c 0
 855 564 858 589 852 618 c 24
 845 652 839 671 831 705 c 17
468 429 m 25
 468 783 l 25
 468 783 547 767 579 732 c 24
 593 717 566 703 558 684 c 25
 558 429 l 25
 468 429 l 25
80 262 m 24
 57 296 42 360 42 360 c 25
 42 360 105 358 145 358 c 24
 222 358 265 359 342 360 c 25
 342 309 l 25
 249 293 197 284 104 267 c 24
 95 265 85 254 80 262 c 24
864 326 m 25
 864 326 925 297 952 266 c 24
 959 258 941 253 935 244 c 24
 907 197 896 168 866 122 c 24
 829 66 806 33 763 -15 c 0
 718 -65 688 -93 627 -123 c 24
 574 -149 537 -152 480 -153 c 1
 554 -114 607 -80 669 -12 c 24
 737 62 762 110 807 204 c 0
 830 252 864 326 864 326 c 25
699 357 m 26
 699 771 l 25
 699 771 778 755 810 720 c 24
 824 705 797 691 789 672 c 25
 789 399 l 26
 789 311 789 247 796 174 c 0
 801 117 806 85 824 31 c 24
 839 -13 881 -74 881 -74 c 25
 951 33 l 25
 943 -18 937 -47 930 -99 c 24
 927 -120 946 -143 927 -152 c 24
 896 -166 868 -160 840 -141 c 24
 796 -112 777 -84 753 -36 c 24
 725 19 719 56 711 117 c 24
 698 210 699 263 699 357 c 26
309 474 m 25
 792 474 l 25
 792 474 830 534 855 543 c 1
 881 539 923 486 954 453 c 1
 962 435 945 424 927 424 c 9
 309 424 l 25
 309 474 l 25
378 618 m 25
 591 618 l 25
 591 618 613 649 637 658 c 1
 656 651 680 623 699 597 c 1
 707 579 691 568 673 568 c 9
 378 568 l 25
 378 618 l 25
70 226 m 25
 70 226 129 216 160 196 c 24
 168 191 151 184 149 175 c 0
 139 127 129 78 103 21 c 24
 83 -23 65 -46 34 -83 c 1
 45 -6 51 41 60 121 c 24
 65 162 70 226 70 226 c 25
252 324 m 25
 252 -102 l 17
 244 -131 238 -153 207 -156 c 1
 183 -154 172 -130 162 -102 c 9
 162 324 l 25
 252 324 l 25
283 448 m 1
 329 409 347 395 363 348 c 24
 374 314 372 273 347 257 c 0
 329 245 306 261 297 280 c 24
 283 310 300 331 297 364 c 24
 294 397 292 412 283 448 c 1
273 651 m 25
 273 651 332 624 356 593 c 24
 363 583 336 586 330 576 c 24
 273 485 195 336 195 336 c 25
 132 333 l 25
 273 651 l 25
52 586 m 17
 97 576 122 570 158 544 c 24
 184 525 200 509 207 477 c 24
 212 455 204 432 183 426 c 24
 160 419 143 436 127 454 c 0
 109 475 105 503 88 533 c 24
 76 555 66 565 52 586 c 17
EndSplineSet
EndChar
