Width: 1000
Flags: H
TeX: 117 0
LayerCount: 2
Fore
SplineSet
666 225 m 1
 742 225 l 1
 742 -123 l 1
 666 -123 l 1
 666 225 l 1
564 216 m 1
 640 216 l 1
 640 -120 l 1
 564 -120 l 1
 564 216 l 1
765 -120 m 25
 765 184 l 25
 480 184 l 25
 480 234 l 25
 765 234 l 25
 781.38 246.87 786.891 272.435 807 267 c 24
 842.178 257.492 859.287 236.381 876 204 c 24
 882.55 191.309 863.19 185.7 855 174 c 25
 855 -120 l 25
 765 -120 l 25
282 -96 m 25
 838 -96 l 25
 867 -68 876 -36 901 -27 c 1
 927 -31 969 -84 1000 -117 c 1
 1008 -135 991 -146 973 -146 c 9
 282 -146 l 25
 282 -96 l 25
453 -120 m 25
 453 252 l 25
 496 232 532 236 564 201 c 24
 578 186 551 172 543 153 c 25
 543 -120 l 25
 453 -120 l 25
798 312 m 24
 771.916 342.211 763.23 363.85 741 397 c 25
 609 397 l 25
 609 447 l 25
 738 447 l 25
 752.04 458.7 756.341 481.709 774 477 c 24
 802.777 469.326 811.479 447.781 828 423 c 24
 833.841 414.238 828 406.53 828 396 c 25
 843.21 376.11 847.966 361.268 867 345 c 24
 915.63 303.438 948.13 286.44 1000 249 c 25
 976.21 237.3 960.769 234.132 939 219 c 24
 928.047 211.386 929.136 184.655 918 192 c 24
 862.75 228.441 841.254 261.904 798 312 c 24
486 444 m 25
 525.78 422.94 560.009 425.248 588 390 c 24
 600.707 373.999 575.19 360.72 567 342 c 25
 554.13 323.28 548.494 311.493 534 294 c 24
 514.463 270.421 505.061 254.596 480 237 c 24
 449.165 215.35 426.93 211.38 393 195 c 25
 418.74 241.8 440.312 264.965 459 315 c 24
 476.984 363.151 475.47 393.69 486 444 c 25
489 558 m 25
 717 558 l 25
 717 558 740 594 765 603 c 1
 791 599 779 570 810 537 c 1
 818 519 801 508 783 508 c 9
 489 508 l 25
 489 558 l 25
681 750 m 25
 727.8 740.64 757.703 746.08 801 726 c 24
 840.955 707.471 865.124 691.635 888 654 c 24
 904.453 626.932 908.553 601.136 894 573 c 24
 884.799 555.212 859.664 555.891 843 567 c 24
 814.92 585.72 815.635 612.296 795 639 c 24
 775.751 663.911 763.556 677.038 741 699 c 24
 718.996 720.425 704.4 730.11 681 750 c 25
504 762 m 25
 540.27 732.75 570.13 725.066 597 687 c 24
 604.693 676.102 584.19 670.53 576 660 c 25
 551.43 640.11 538.215 628.065 513 609 c 24
 490.216 591.773 478.218 580.414 453 567 c 24
 422.885 550.981 403.59 546.87 372 534 c 25
 409.44 586.65 435.631 613.09 468 669 c 24
 487.486 702.658 489.96 725.73 504 762 c 25
279 216 m 25
 308.25 185.58 332.485 174.306 354 138 c 24
 371.215 108.949 379.368 87.4843 375 54 c 24
 371.64 28.2402 361.889 2.15739 336 0 c 24
 313.361 -1.88672 309.528 26.2413 303 48 c 24
 294.924 74.9189 303.975 92.1777 300 120 c 24
 294.58 157.94 287.19 178.56 279 216 c 25
66 231 m 25
 101.1 216.96 129.269 221.731 156 195 c 24
 167.1 183.9 145.02 173.04 138 159 c 25
 132.15 116.88 135.548 91.6309 123 51 c 24
 110.648 11.0049 101.542 -12.6318 75 -45 c 24
 52.1455 -72.8711 29.25 -77.9404 0 -99 c 25
 17.5498 -40.5 33.0221 -8.88957 45 51 c 24
 58.8604 120.304 57.8096 160.8 66 231 c 25
246 306 m 25
 246 -99 l 17
 238 -128 232 -150 201 -153 c 1
 177 -151 166 -127 156 -99 c 9
 156 306 l 25
 246 306 l 25
300 420 m 25
 328.08 397.77 350.511 391.652 372 363 c 24
 390.652 338.13 399 319.016 399 288 c 24
 399 261.769 388.21 238.47 363 231 c 24
 342.134 224.817 327.733 244.534 318 264 c 24
 309.09 281.821 323.284 295.207 321 315 c 24
 316.213 356.485 308.19 379.05 300 420 c 25
81 264 m 24
 67.0098 262.34 52.8152 249.277 45 261 c 24
 24.2217 292.167 30.3604 317.73 21 354 c 25
 71.3096 351.66 99.6719 349.917 150 348 c 24
 222.525 345.237 263.46 344.34 336 342 c 25
 345 297 l 25
 297.03 291.15 269.952 287.994 222 282 c 24
 166.992 275.124 136.05 270.531 81 264 c 24
282 606 m 25
 317.1 577.92 348.177 572.117 372 534 c 24
 379.941 521.294 353.7 519.36 342 510 c 25
 309.24 476.07 287.66 459.671 258 423 c 24
 223.099 379.85 208.59 351.63 177 306 c 25
 120 306 l 25
 155.1 366.84 176.626 400.196 210 462 c 24
 239.834 517.248 253.92 549.84 282 606 c 25
18 579 m 25
 75.3301 557.94 112.984 557.01 165 525 c 24
 192.106 508.319 211.235 490.778 213 459 c 24
 214.285 435.871 194.131 418.25 171 417 c 24
 140.691 415.361 124.401 432.519 102 453 c 24
 81.8604 471.414 81.1372 490.294 66 513 c 24
 48.3457 539.482 36.7197 553.26 18 579 c 25
174 744 m 25
 214.95 719.43 247.724 717.088 279 681 c 24
 288.753 669.746 262.53 664.53 252 654 c 25
 221.58 627.09 203.287 613.139 174 585 c 24
 143.568 555.762 128.25 537.42 99 507 c 25
 66 534 l 25
 95.25 579.63 116.212 602.801 141 651 c 24
 158.602 685.225 161.13 707.73 174 744 c 25
EndSplineSet
EndChar
