Width: 1000
Flags: H
TeX: 117 0
LayerCount: 2
Fore
SplineSet
669 573 m 1
 819 573 l 1
 819 523 l 1
 669 523 l 1
 669 573 l 1
393 574 m 1
 561 574 l 1
 561 524 l 1
 393 524 l 1
 393 574 l 1
387 409 m 1
 573 409 l 1
 573 359 l 1
 387 359 l 1
 387 409 l 1
399 272 m 1
 555 272 l 1
 555 222 l 1
 399 222 l 1
 399 272 l 1
405 132 m 1
 561 132 l 1
 561 82 l 1
 405 82 l 1
 405 132 l 1
375 438 m 25
 418 418 454 422 486 387 c 24
 500 372 473 358 465 339 c 25
 465 78 l 17
 457 49 451 27 420 24 c 1
 396 26 385 50 375 78 c 9
 375 438 l 25
684 142 m 1
 831 142 l 1
 831 92 l 1
 684 92 l 1
 684 142 l 1
675 271 m 1
 849 271 l 1
 849 221 l 1
 675 221 l 1
 675 271 l 1
675 411 m 25
 777 411 l 25
 793 424 799 449 819 444 c 24
 854 434 871 413 888 381 c 24
 895 368 875 363 867 351 c 25
 867 117 l 17
 859 88 853 66 822 63 c 1
 798 65 787 89 777 117 c 9
 777 361 l 25
 675 361 l 25
 675 411 l 25
648 711 m 1
 738 711 l 1
 738 -123 l 1
 648 -123 l 1
 648 711 l 1
507 -99 m 9
 507 711 l 25
 597 711 l 25
 597 -48 l 17
 593 -60 605 -79 633 -75 c 9
 867 -75 l 25
 879 -52 886 -39 897 -15 c 24
 912 17 919 36 933 69 c 25
 935 13 923 -21 939 -75 c 24
 946 -97 985 -88 987 -111 c 24
 989 -135 961 -138 945 -156 c 25
 558 -156 l 17
 539 -145 522 -138 507 -99 c 9
399 729 m 25
 765 729 l 25
 781 742 787 767 807 762 c 24
 842 752 859 731 876 699 c 24
 883 686 863 681 855 669 c 25
 855 554 l 17
 847 525 841 503 810 500 c 1
 786 502 775 526 765 554 c 9
 765 679 l 25
 399 679 l 25
 399 729 l 25
375 774 m 25
 418 754 454 758 486 723 c 24
 500 708 473 694 465 675 c 25
 465 537 l 17
 457 508 451 486 420 483 c 1
 396 485 385 509 375 537 c 9
 375 774 l 25
261 183 m 25
 295 164 318 160 348 135 c 24
 371 116 390 102 393 72 c 24
 396 42 388 17 363 0 c 24
 346 -11 327 5 315 21 c 24
 298 44 303 65 294 93 c 24
 282 128 274 148 261 183 c 25
57 207 m 25
 92 195 119 201 147 177 c 24
 158 167 140 155 135 141 c 25
 124 97 123 70 108 27 c 24
 96 -8 89 -28 66 -57 c 24
 46 -83 26 -90 0 -111 c 25
 9 -79 17 -62 24 -30 c 24
 34 15 39 41 45 87 c 24
 51 134 52 160 57 207 c 25
249 279 m 25
 249 -123 l 17
 241 -152 235 -174 204 -177 c 1
 180 -175 169 -151 159 -123 c 9
 159 279 l 25
 249 279 l 25
297 369 m 25
 329 343 359 339 378 303 c 24
 392 277 386 254 372 228 c 24
 362 210 341 196 324 207 c 24
 303 220 313 243 309 267 c 24
 306 286 308 296 306 315 c 24
 304 336 301 348 297 369 c 25
21 309 m 25
 49 307 65 302 93 303 c 24
 194 305 250 310 351 315 c 25
 345 267 l 25
 250 253 197 245 102 231 c 24
 82 228 65 211 51 225 c 24
 26 249 33 276 21 309 c 25
249 588 m 25
 283 568 312 568 336 537 c 24
 346 524 323 515 315 501 c 25
 292 447 280 416 255 363 c 24
 239 327 228 308 210 273 c 25
 150 273 l 25
 163 306 172 323 183 357 c 24
 211 446 223 498 249 588 c 25
51 573 m 25
 78 551 96 541 120 516 c 24
 152 482 187 469 195 423 c 24
 200 393 176 369 147 363 c 24
 125 358 119 385 108 405 c 24
 95 429 96 445 87 471 c 24
 73 511 65 533 51 573 c 25
180 771 m 25
 226 751 261 754 297 720 c 24
 309 709 277 704 264 693 c 25
 232 643 214 615 183 564 c 24
 162 530 152 511 132 477 c 25
 93 483 l 25
 107 525 116 548 129 591 c 24
 150 661 160 701 180 771 c 25
EndSplineSet
EndChar
