Width: 1000
Flags: HW
TeX: 117 0
LayerCount: 2
Fore
SplineSet
609 18 m 25
 663.99 2.79004 698.103 2.70585 750 -21 c 24
 794.29 -41.2314 826.533 -51.4982 852 -93 c 24
 864.967 -114.131 852.064 -139.926 831 -153 c 24
 809.04 -166.63 787.029 -160.518 765 -147 c 24
 731.791 -126.622 725.768 -100.312 699 -72 c 24
 664.897 -35.9297 644.1 -17.0996 609 18 c 25
264 15 m 25
 287.4 -10.7402 311.28 -18.6221 324 -51 c 24
 328.628 -62.7793 307.53 -61.9805 297 -69 c 25
 266.58 -86.5498 252.614 -103.827 219 -114 c 24
 162.296 -131.16 127.5 -128.64 69 -138 c 25
 113.46 -104.07 138.999 -85.5237 183 -51 c 24
 215.059 -25.8467 232.41 -10.7402 264 15 c 25
525 93 m 25
 525 -135 l 17
 517 -164 511 -186 480 -189 c 1
 456 -187 445 -163 435 -135 c 9
 435 93 l 25
 525 93 l 25
750 186 m 25
 788.61 160.26 818.272 154.772 849 120 c 24
 865.725 101.074 871.38 81.1544 864 57 c 24
 856.502 32.46 841.221 7.27113 816 12 c 24
 785.641 17.6924 781.814 47.3723 768 75 c 24
 762.244 86.5117 770.06 95.2958 768 108 c 24
 763.003 138.817 757.02 155.58 750 186 c 25
147 51 m 24
 135.49 50.4443 128.48 31.1981 120 39 c 24
 92.9766 63.8613 90.7197 88.4102 72 120 c 25
 789 120 l 25
 804 72 l 25
 547.77 63.8096 403.063 63.3539 147 51 c 24
621 312 m 25
 642.06 285.09 667.697 276.382 675 243 c 24
 678.554 226.755 654.87 226.53 642 216 c 25
 603.39 191.43 582.344 176.378 543 153 c 24
 501.577 128.387 477.12 116.4 435 93 c 25
 387 99 l 25
 621 312 l 25
327 285 m 25
 372.63 270.96 405.717 277.525 444 249 c 24
 470.866 228.982 489.341 203.175 480 171 c 24
 472.958 146.745 439.591 144.705 417 156 c 24
 390.259 169.371 395.107 197.479 378 222 c 24
 359.912 247.926 346.89 260.43 327 285 c 25
453 405 m 25
 492.78 374.58 528.887 369.731 555 327 c 24
 564.53 311.405 533.04 308.7 519 297 c 25
 426 228 l 25
 390 252 l 25
 406.38 278.91 420.005 291.87 432 321 c 24
 444.857 352.225 444.81 372.24 453 405 c 25
828 367 m 25
 129 367 l 25
 129 417 l 25
 834 417 l 25
 849.21 426.36 857.686 450.189 873 441 c 24
 909.52 419.088 929.424 395.498 939 354 c 24
 943.314 335.302 915.21 335.7 900 324 c 25
 798 276 l 25
 828 367 l 25
132 447 m 25
 139.02 409.56 152.002 389.04 150 351 c 24
 148.366 319.955 143.912 299.003 123 276 c 24
 105.313 256.545 85.8828 247.378 60 252 c 24
 42.9941 255.037 35.9979 273.988 39 291 c 24
 44.0215 319.457 63.2028 329.179 78 354 c 24
 99.4766 390.025 110.94 410.73 132 447 c 25
687 555 m 25
 687 594 l 25
 745.5 574.11 796.741 573.194 837 543 c 0
 861 525 862.02 506.4 855 483 c 24
 848.939 462.797 830.659 448.747 810 453 c 24
 780.783 459.016 775.961 484.959 753 504 c 24
 727.96 524.765 712.74 535.11 687 555 c 25
801 738 m 25
 818.55 711.09 830.06 696.894 846 669 c 24
 853.546 655.794 855.15 647.04 861 633 c 25
 831.75 629.49 815.134 628.37 786 624 c 24
 744.912 617.837 721.95 613.02 681 606 c 25
 681 642 l 25
 705.57 654.87 722.341 657.673 744 675 c 24
 769.873 695.698 778.77 713.43 801 738 c 25
573 714 m 25
 582.36 671.88 597.784 649.141 597 606 c 24
 596.553 581.406 585.821 567.835 570 549 c 24
 559.903 536.98 549.003 526.384 534 531 c 24
 511.859 537.812 494.655 549.988 492 573 c 24
 489.816 591.921 515.513 592.485 525 609 c 24
 547.429 648.042 554.28 673.05 573 714 c 25
636 579 m 25
 636 786 l 25
 679.29 766.11 714.953 770.251 747 735 c 24
 760.745 719.881 734.19 705.72 726 687 c 25
 726 552 l 17
 714 507 695.784 501.546 672 480 c 9
 645.852 457.418 627.021 448.16 594 438 c 24
 564.839 429.027 546.42 434.34 516 432 c 25
 548.76 456.57 574.104 463.278 600 495 c 24
 622.539 522.61 621.96 546.24 636 579 c 25
339 600 m 25
 381.12 575.43 413.35 572.291 447 537 c 24
 465.216 517.896 474.819 494.074 462 471 c 24
 450.286 449.915 424.803 448.137 402 456 c 24
 382.651 462.672 386.737 484.233 375 501 c 24
 362.111 519.412 353.04 528.45 339 546 c 25
 339 600 l 25
351 612 m 25
 349.83 620.19 341.851 627.466 348 633 c 24
 391.674 672.307 423.03 686.07 471 720 c 25
 482.7 688.41 505.452 672.392 501 639 c 24
 498.786 622.396 475.38 633.51 459 630 c 25
 351 612 l 25
213 726 m 25
 227.04 695.58 244.77 681.235 249 648 c 24
 253.347 613.845 253.598 589.308 234 561 c 24
 217.906 537.753 195.844 526.086 168 531 c 24
 144.956 535.066 126.846 556.175 132 579 c 24
 138.238 606.627 175.331 599.194 189 624 c 24
 208.723 659.792 203.64 686.22 213 726 c 25
297 576 m 25
 297 792 l 25
 340.29 772.11 375.953 776.251 408 741 c 24
 421.745 725.881 395.19 711.72 387 693 c 25
 387 579 l 17
 381 540 363.463 530.513 342 504 c 24
 323.231 480.815 312.192 465.263 285 453 c 24
 250.275 437.34 226.44 442.02 189 435 c 25
 214.74 457.23 234.319 465 255 492 c 24
 277.271 521.077 280.62 543.24 297 576 c 25
EndSplineSet
EndChar
