Width: 1000
Flags: H
TeX: 117 0 0 0
Back
Image: 23 23 2 69 0 ffffffff 0 800 43.4783 43.4783 0
s8W-!s8W-!s8W-!s8W-!s8W-!s8W-!s8W-!s8W-!s8W-!s8W-!s8W-!s8W-!s8W-!s8W-!s8W-!
s8W-!s8W-!s8W-!s8W-!s8W-!s8W-!s8W-!s8W-!s8W-!s8W-!s8W-!s8W-!s8W-!s8W-!s8W-!
s8W-!s8W-!s8W-!s8W-!s8W-!s8W-!s8W-!s8W-!s8W-!s8W-!s8W-!s/N*!WiE)Zj5^1>s8W-!
s8W-!s8W-!s8W-!s8W-!s8W-!s8W-!s8W-!s8W-!s8W-!s8W-!s8W-!s8W-!s8W-!s8N'!zNfK/"
s8W-!s8W-!s8W-!s8W-!s8W-!a2c6#WiG+>j8]/Zs8W-!s8W-!s8W-!s8W-!s8W-!s8W-!s8W+!
<E0#!!-3+#s8W-!s8W-!s8W-!s8W,>a2^2#3<0$Z!!!#!WiH+!s8W-!s8W-!s8W-!s8W-!s8W-!
s8W-!s8W-!<E3$!!!'%!WrN,!s8W-!s8W-!s8W-!a2c4\3B7'>!$*(#a2c7#s8W-!s8W-!s8W-!
s8W-!s8W-!s8W-!s8W-!ruE+#!!!#!WiH+!s8W-!s8W-!s8W-!s8W-!j5]0?EcT4@a8c2>s8W-!
s8W-!s8W-!s8W-!s8W-!s8W-!j5]0[NfF)>z!!!!>*?E2@a8c2>s8W,Zj5[/>WlN0#s8W-!
s8W-!s8W-!s8W-!s8U-[a/Z/>WiE(ZNfI+><B3'"!!!!Z3B=+>WfE+"*??/@EcV3[s8W-!a2c4#
!!"#[*NH->s8W-!s8W-!s8W-!s8W+>EcM-[z!!!"!<E2%>3<0$ZNfK/"s8W-!s&E'!!!!">
EcV3[s8W-!NfK,"z!6<.#s8W-!s8W-!s8W-!j5]0[NfI+><K<*"s8W,!Wi?%!!33'!s8W-!
s8Q)!<<*"!<E3'!s8W-!s)N.#z!!##>3QK1\s8W-!s8W-!s8W-!s8W-!s8W-!s8W-!EcQ1@
*?E2@a8c2>s8W+!<E0#!!**$!s8W-!s8S+>N`B(Z*??.\3B>.#a8c2>s8W-!s8W-!s8W-!s8W-!
s8T+!WZ<*#<E3'!s8W-!s8W-!<E3$!!!$#!<WE+!s8W-!s8W-!s8W-!s8W-!s8W-!s8W-!s8W-!
s8W-!s8W-!s8W*Z3B8*#*NH->s8W-!s8V->j#K+[3B9+?a2e5[s8W-!s8W-!s8W-!s8W-!s8W-!
s8W-!s8W-!s8W-!s8W-!s5W/"!!!"!<E9)!s8W-!s8W,!Wi?%!!**$!s8W-!s8W-!s8W-!s8W-!
s8W-!s8W-!s8W-!s8W-!s8W-!s8W-!s8T+!WW3#!*??/\NfO/>s8W-!NfK,"!!$#!<WE+!s8W-!
s8W-!s8W-!s8W-!s8W-!s8W-!s8W-!s8W-!s8W-!j5]0?EcO0#3B9)[!!!#!WiG+>j#K+[!!!">
EcV3[s8W-!s8W-!s8W-!s8W-!s8W-!s8W-!s8W-!s8W-!s8W-!s,N,"!!!#!WiG+>j#K+[*??.\
3B7'>zWiE*!s8W-!s8W-!s8W-!s8W-!s8W-!s8W-!s8W-!s8W-!s8W,>a2]2@*<6'>j5]2"
s8U-[a&Q,><E3%ZNfM0#a8c2>s8W-!s8W-!s8W-!s8W-!s8W-!s8W-!s8W-!s8W-!s8W-!WiE'!
z!<<*!s8W-!s8W-!s8W-!s8W-!s8W-!s8W-!s8W-!s8W-!s8W-!s8W-!s8W-!s8W-!s8W-!
s8W-!s2W1#*??.\3B@->s8W-!s8W-!s8W-!s8W-!s8W-!s8W-!s8W-!s8W-!s8W-!s8W-!s8W-!
s8W-!s8W-!s8W-!s8W-!s8W-!s8W-!s8W-!s8W-!s8W-!s8W-!s8W-!s8W-!s8W-!s8W-!s8W-!
s8W-!s8W-!s8W-!s8W-!s8W-!s8W-!s8W-!s8W-!s8W-!s8W-!s8W-!s8W-!s8W-!s8W-!s8W-!
s8W-!s8W-!s8W-!s8W-!s8W-!s8W*!
EndImage
Fore
828 678 m 29
 863.1 660.45 891.382 661.836 918 633 c 24
 937.632 611.732 945.891 588.202 936 561 c 24
 927.953 538.872 901.329 520.554 882 534 c 24
 857.513 551.034 877.474 581.07 867 609 c 24
 856.146 637.943 843.21 651.09 828 678 c 29
747 636 m 25
 784.44 624.3 815.626 634.095 843 606 c 24
 867.18 581.184 874.399 550.952 861 519 c 24
 852.355 498.387 822.599 500.601 804 513 c 24
 785.813 525.124 798.19 547.169 789 567 c 24
 775.754 595.583 763.38 609.09 747 636 c 25
723 483 m 25
 770.97 460.77 806.484 461.125 846 426 c 24
 883.643 392.54 903.885 364.706 912 315 c 24
 915.477 293.708 891.449 276.681 870 279 c 24
 837.409 282.523 819.799 300.145 801 327 c 24
 784.552 350.498 798.827 373.345 786 399 c 24
 767.687 435.627 747.57 450.24 723 483 c 25
399 723 m 25
 441.12 706.62 480.903 717.896 507 681 c 24
 525.846 654.356 493.392 631.786 486 600 c 24
 469.988 531.151 469.809 489.905 447 423 c 24
 416.909 334.732 386.472 290.246 351 204 c 24
 326.779 145.11 316.429 110.596 294 51 c 24
 275.479 1.78516 274.6 -30.8735 246 -75 c 24
 231.699 -97.0635 214.883 -115.622 189 -111 c 24
 166.845 -107.044 159.475 -82.3631 162 -60 c 24
 168.27 -4.47363 187.48 23.8598 210 75 c 24
 243.74 151.618 272.164 190.424 306 267 c 24
 338.932 341.529 360.762 383.072 381 462 c 24
 396.181 521.205 391.795 557.024 396 618 c 24
 398.818 658.869 397.83 682.05 399 723 c 25
87 432 m 25
 113.91 429.66 129.154 423.017 156 426 c 24
 214.154 432.462 246.143 442.184 303 456 c 24
 371.404 472.621 406.934 510.802 477 504 c 24
 537.521 498.124 579.185 477.192 612 426 c 24
 644.984 374.544 633.332 330.791 627 270 c 24
 621.365 215.903 603.925 187.775 582 138 c 24
 560.47 89.1201 550.57 58.7152 516 18 c 24
 495.993 -5.56348 477.905 -21.6307 447 -21 c 24
 412.457 -20.2949 390.065 -6.38481 369 21 c 24
 340.111 58.5557 343.38 90.54 327 135 c 25
 356.25 113.94 368.025 93.0327 402 81 c 24
 427.39 72.0078 449.738 67.4632 471 84 c 24
 498.676 105.525 499.314 131.607 510 165 c 24
 527.56 219.875 538.943 251.527 543 309 c 24
 546.076 352.575 556.429 386.833 528 420 c 24
 504.091 447.895 470.806 443.226 435 435 c 24
 379.922 422.347 357.616 392.009 306 369 c 24
 260.349 348.649 235.957 325.586 186 324 c 24
 155.104 323.02 137.887 340.214 117 363 c 24
 97.1719 384.631 98.7002 405.09 87 432 c 25
EndSplineSet
EndChar
