Width: 1000
Flags: H
TeX: 117 0 0 0
Back
Image: 23 23 2 69 0 ffffffff 0 800 43.4783 43.4783 0
s8W-!s8W-!s8W-!s8W-!s8W-!s8W-!s8W-!s8W-!s8W-!s8W-!s8W-!s8W-!s8W-!s8W-!s8W-!
s8W-!s8W-!s8W-!s8W-!s8W-!s8W-!s8W-!s8W-!s8W-!s8W-!s8W-!s8W-!s8W-!s8W-!s8W-!
s8W-!s8W-!s8W-!s8W-!s8W-!s8W-!s8W-!s8W-!s8W-!s8W-!s8W-!s8W-!s8W-!s8W-!s8W-!
s8W-!s8W-!s8W-!s8W-!s8W-!s8W-!s8W-!s8W-!s8W-!s8W-!s8W-!s8W-!s8W-!s8W-!s8W-!
WiE'>*?D/[WrN,!s8W-!s8W-!s8W-!s8W-!s8W-!s8W-!s8W-!s8W-!s8W-!s8W-!s8W-!s8W-!
s8W-!s8W-!s/N*!!!!!>*?E2@a8c2>s8W-!s8W-!s8W-!s8W-!s8W-!s8W-!s8W-!s8W-!s8W-!
s8W-!s8W-!s8W-!s8W-!s8V->j#K+[!!!"!<E9)!s8W-!s8W-!s8W-!s8W-!s8W-!s8W-!s8W-!
s8W-!s8W-!s8W-!s8W-!s8W-!s8W-!s8W+!<E0#!zNfK/"s8W-!s8W-!s8W-!s8W-!s8W-!
s8W-!s8W-!s8W-!s8W-!s8W-!s8W-!s8W-!s8W-!s/N*!3B9*"<E4'[EoZ3?s8W-!s8W-!s8W-!
s8W-!s8W-!s8W-!s8W-!s8W-!s8W-!s8W-!s8W-!s8W-!s8W-!s8Q)!<N<(!s8W-!s8W-!s8W-!
s8W-!s8W-!s8W-!s8W-!s8W-!s8W-!s8W-!s8W-!s8W-!s8W-!s8W-!s8W-!s8W+!<E4'[EoZ3?
s8W-!s8W-!s8W-!s8W-!s8W-!s8W-!s8W-!s8W-!s8W-!s8W-!s8W-!s8W-!s8W-!s8W-!s8W-!
WiE'!!!'%!WrN,!s8W-!s8W-!s8W-!s8W-!s8W-!s8W-!s8W-!s8W-!s8W-!s8W-!s8W-!s8W-!
s8W-!s8W-!s8W-!NfK,?*?C0#NrT.Zs8W-!s8W-!s8W-!s8W-!s8W-!s8W-!s8W-!s8W-!s8W-!
s8W-!s8W-!s8W-!s8W-!s8U-[a)Z3@!!!!>*?C0#NcK/\<E3%ZNfN/[j8]/Zs8W-!s8W-!s8W-!
s8W-!s8W-!s8W-!s8W-!s8W-!s8W-!WiE'>*?A-[<?3)#!!!#!WiE)!WW3#!!!!"!<E9)!s8W-!
s8W-!s8W-!s8W-!s8W-!s8W-!s8W-!s8W,Zj5V.#*??.@EcQ4#s8S+>NW9%ZWiE*!s8S+>NW9%Z
!!!!Z3B<+[NrT.Zs8W-!s8W-!s8W-!s8W-!s8T+!WcE-#3B9)"!!$#!<WE+!j5]0"<E0#!!33'!
s8W,Zj5X-><<*"!!!!"!<E9)!s8W-!s8W-!s8W-!s,N,"<E3$!zz!!!!>*?A-[<B3'"z!!'%!
WrN,!s8W,>a2^2#3<0$ZEcQ4#s8W-!s8W-!s8W-!s8Q)!<<*"!!!!!Z3B:)><WE+!NfK-"<E3%!
<E3%!EcQ3\j5^1>s8W-!s8W,>a2b3[WrN,!s8W-!s8W-!s8W-!s8W+>EcM-[zWiE*!s8W-!
s8W-!s8W-!s8W-!s8W-!s8W-!s8W-!s8W-!s8W-!s8W-!s8W-!s8W-!s8W-!s8W-!a2c5#<E4'[
EoZ3?s8W-!s8W-!s8W-!s8W-!s8W-!s8W-!s8W-!s8W-!s8W-!s8W-!s8W-!s8W-!s8W-!s8W-!
s8W-!s8W-!s8W-!s8W-!s8W-!s8W-!s8W-!s8W-!s8W-!s8W-!s8W-!s8W-!s8W-!s8W-!s8W-!
s8W-!s8W-!s8W-!s8W-!s8W-!s8W-!s8W-!s8W-!s8W-!s8W-!s8W-!s8W-!s8W-!s8W-!s8W-!
s8W-!s8W-!s8W-!s8W-!s8W-!s8W-!s8W-!s8W-!s8W-!s8W-!s8W-!s8W-!s8W-!s8W-!s8W-!
s8W-!s8W-!s8W-!s8W-!s8W*!
EndImage
Fore
168 0 m 24
 152.677 32.1797 146.04 51.2402 132 84 c 25
 210.39 108.57 257.492 114.64 333 147 c 24
 397.56 174.669 425.474 207.035 489 237 c 24
 549.936 265.743 583.63 297.695 651 297 c 24
 706.986 296.423 732.741 264.023 780 234 c 24
 832.749 200.489 878.052 190.896 906 135 c 24
 919.503 107.993 889.644 81.5481 861 72 c 24
 835.641 63.5469 818.188 81.4782 798 99 c 24
 754.775 136.516 744.868 172.078 702 210 c 24
 682.78 227.002 667.386 240.745 642 237 c 24
 590.172 229.354 566.459 205.189 519 183 c 24
 476.341 163.056 451.018 153.822 411 129 c 24
 358.294 96.3086 330.884 74.1697 282 36 c 24
 245.391 7.41406 236.292 -28.013 192 -42 c 24
 174.01 -47.6807 176.111 -17.0333 168 0 c 24
495 678 m 25
 531.27 658.11 557.507 654.952 588 627 c 24
 615.518 601.775 645.613 582.739 639 546 c 24
 631.805 506.028 594.993 499.226 561 477 c 24
 533.354 458.924 513.42 456.87 483 444 c 25
 501.72 413.58 514.6 397.731 531 366 c 24
 568.485 293.474 598.05 255.348 621 177 c 24
 632.846 136.562 631.564 108.894 618 69 c 24
 609.993 45.4492 593.813 34.1888 570 27 c 24
 528.497 14.4707 499.764 6.24078 459 21 c 24
 424.737 33.4053 420.57 63.0898 396 90 c 25
 422.91 90 438.115 88.8311 465 90 c 24
 491.986 91.1729 511.18 81.5473 534 96 c 24
 552.172 107.509 557.466 125.632 555 147 c 24
 549.993 190.396 535.749 213.035 516 252 c 24
 492.227 298.904 459.835 315.856 444 366 c 24
 430.611 408.396 426.578 439.096 444 480 c 24
 456.846 510.159 490.987 503.71 513 528 c 24
 526.426 542.814 532.247 556.046 531 576 c 24
 529.694 596.889 513.966 604.264 507 624 c 24
 499.82 644.344 499.68 656.94 495 678 c 25
EndSplineSet
EndChar
