Width: 1000
Flags: H
TeX: 117 0 0 0
Back
Image: 23 23 2 69 0 ffffffff 0 800 43.4783 43.4783 0
s8W-!s8W-!s8W-!s8W-!s8W-!s8W-!s8W-!s8W-!s8W-!s8W-!s8W-!s8W-!s8W-!s8W-!s8W-!
s8W-!s8W-!s8W-!s8W-!s8W-!s8W-!s8W-!s8W-!s8W-!s8W-!s8W-!s8W-!s8W-!s8W-!s8W-!
s8W-!s8W-!s8W-!s8W-!s8W-!s8W-!s8W-!s8W-!s8W-!s8W-!s8W-!s8W-!s8W-!s8W-!s8W-!
s8W,>a2b3[WiE)!WiE)Zj5^1>s8W-!s8W-!s8W-!s8W-!s8W-!s8W-!s8W-!s8W-!s8W-!s8W-!
a2c6#WiB'!<E3%!*??.#z!'*&"a2c7#s8W-!s8W-!s8W-!s8W-!s8W-!s8W-!s8U-[a)Z3@
<E3$>*?>+[!'*&"*??.#!!"#[*E?*>NfK.?a2e5[s8W-!s8W-!s8W-!s8W-!s8W-!s8W-!s)N.#
<E3$>*?>+[!$*(#NfK."WiF+[a#Q.?*??0#WiH+!s8W-!s8W-!s8W-!s8W-!s8W-!s8W-!s8W-!
s8W,>a2\/[z!!!!Z3B=+>WrN,!s8W+>EcN0@*QQ4@s8W-!s8U-[a,Z1?NfK-"<E3%!<WE+!
s8W-!s8W-!s8W-!WiE'!!!"#[*NH->s8W-!s8W-!s/N*!!!!"!<E9)!s8W-!s8W,Zj5X-><<*"!
z!!*'!s8W-!s8W-!s8W-!s5W/"WiE)>a2e5[s8W-!s8W-!s8S+>NW9%Z<E3'!s8W-!s8W-!
s8W,>a2\/[!-3+#WiE*!s8W-!s8W-!s8W-!s8W-!s8W-!s8W-!s8W-!s8W-!s8W+!<E0#!!**$!
s8W-!s8W-!s8W-!s8W,!WiG+>j8]/Zs8W-!s8W-!s8W-!s8W-!s8W-!s8W-!s8W-!s8W-!s8W-!
<E3$Z3B>.#a8c2>s8W-!s8W-!s8W-!s8W-!s8W-!s8W-!s8W-!s8W-!s8W-!s8W-!s8W-!s8W-!
s8W-!s8W-!s&E'!<E3'!s8W-!s8W-!s8W-!s8W-!s8W-!s8W-!s8W-!s8W-!s8W-!s8W-!s8W-!
s8W-!s8W-!s8W-!s8W-!s8Q)!<E3%!s8W-!s8W-!s8W-!s8W-!s8W-!s8W-!s8W-!s8W-!s8W-!
s8W-!s8W-!s8W-!s8W-!s8W-!s8W-!s8W+!<E3%!<WE+!s8W-!s8W-!s8W-!s8W-!s8W-!s8W-!
s8W-!s8W-!s8W-!s8W-!s8W-!s8W-!s8W-!s8W-!s8W-!<E3%!<E9)!s8W-!s8W-!s8W-!s8W-!
s8W-!s8W-!s8W-!s8W-!s8W-!s8W-!s8W-!s8W-!s8W-!s8W-!s8W-!s&E'!3B9+?a2e5[s8W-!
s8W-!s8W-!s8W-!s8W-!s8W-!s8W-!s8W-!s8W-!s8W-!s8W-!s8W-!s8W-!s8W-!s8Q)!<<*"!
!!!!Z3B<+[NiK+Za2c7#s8W-!s8W-!s8W-!s8W-!s8W-!s8W-!s8W-!s8W-!s8W-!s8W-!s8W-!
s8W+ZNfF)>zzz!$*(#WiE*!s8W-!s8W-!s8W-!s8W-!s8W-!s8W-!s8W-!s8W-!s8W-!s8W-!
s8W-!j5]0?EcO0#3<0$Zzz!$*(#s8W-!s8W-!s8W-!s8W-!s8W-!s8W-!s8W-!s8W-!s8W-!
s8W-!s8W-!s8W-!s8W-!s8V->j/T,Z3B9)"!!"#[*WQ0>s8W-!s8W-!s8W-!s8W-!s8W-!s8W-!
s8W-!s8W-!s8W-!s8W-!s8W-!s8W-!s8W-!s8W-!s5W/"WiE)>a2e5[s8W-!s8W-!s8W-!s8W-!
s8W-!s8W-!s8W-!s8W-!s8W-!s8W-!s8W-!s8W-!s8W-!s8W-!s8W-!s8W-!s8W-!s8W-!s8W-!
s8W-!s8W-!s8W-!s8W-!s8W-!s8W-!s8W-!s8W-!s8W-!s8W-!s8W-!s8W-!s8W-!s8W-!s8W-!
s8W-!s8W-!s8W-!s8W*!
EndImage
Fore
816 573 m 25
 845.25 557.79 867.688 557.312 891 534 c 24
 912.093 512.907 927.526 494.62 924 465 c 24
 920.564 436.142 905.062 408 876 408 c 24
 851.88 408 856.969 441.397 852 465 c 24
 847.42 486.753 859.03 500.91 852 522 c 24
 844.301 545.097 830.04 553.11 816 573 c 25
711 546 m 25
 742.59 537.81 767.513 546.572 792 525 c 24
 821.446 499.06 833.365 474.074 837 435 c 24
 838.846 415.161 823.738 398.722 804 396 c 24
 780.675 392.783 761.766 402.605 750 423 c 24
 739.907 440.494 765.104 454.748 759 474 c 24
 748.8 506.17 729.72 517.92 711 546 c 25
510 600 m 25
 588 606 l 25
 580.98 566.22 581.347 542.768 570 504 c 24
 553.152 446.436 528.522 418.657 516 360 c 24
 505.981 313.073 504.755 284.27 513 237 c 24
 522.602 181.952 519.964 139.928 561 102 c 24
 606.107 60.3105 656.967 83.2073 711 54 c 24
 745.935 35.1162 772.894 20.4037 783 -18 c 24
 788.896 -40.4023 764.037 -57.575 741 -60 c 24
 690.107 -65.3574 658.528 -57.3021 612 -36 c 24
 558.81 -11.6475 530.018 9.53833 492 54 c 24
 459.014 92.5771 446.067 121.464 435 171 c 24
 420.961 233.844 420.419 272.182 429 336 c 24
 439.365 413.092 460.184 453.636 483 528 c 24
 491.797 556.67 499.47 571.92 510 600 c 25
135 558 m 25
 161.91 554.49 177.552 542.92 204 549 c 24
 281.546 566.826 319.457 596.266 396 618 c 24
 509.297 650.171 573.037 673.192 690 687 c 24
 743.901 693.363 796.167 712.961 828 669 c 24
 851.312 636.809 789.903 614.761 753 600 c 24
 692.458 575.783 651.584 587.451 588 573 c 24
 496.941 552.305 444.903 541.512 357 510 c 24
 319.977 496.728 304.527 477.833 270 459 c 24
 252.998 449.727 243.373 431.876 225 438 c 24
 196.745 447.418 188.87 468.174 171 492 c 24
 153.408 515.456 149.04 532.26 135 558 c 25
EndSplineSet
EndChar
