Width: 1000
Flags: H
TeX: 117 0 0 0
Back
Image: 23 23 2 69 0 ffffffff 0 800 43.4783 43.4783 0
s8W-!s8W-!s8W-!s8W-!s8W-!s8W-!s8W-!s8W-!s8W-!s8W-!s8W-!s8W-!s8W-!s8W-!s8W-!
s8W-!s8W-!s8W-!s8W-!s8W-!s8W-!s8W-!s8V->j/T,Zs8W-!s8W-!s8W-!s8W-!s8W-!s8W-!
s8W-!s8W-!s8W-!s8W-!s8W-!s8W-!s8W-!s8W-!s8W-!s8W,>a2]2@*NH->s8W-!s8W-!s8W-!
s8W-!s8W-!s8W-!s8W-!s8W-!s8W-!s8W-!s8W-!s8W-!s8W-!s8W-!s8W-!s8W+ZNfF)>!-3+#
s8W-!s8W-!s8W-!s8W-!s8W-!s8W-!s8W-!s8W-!s8W-!s8W-!s8W-!s8W-!s8W-!s8W-!s8W-!
WiE'!!!$#!<WE+!s8W-!s8W-!s8W-!s8W-!s8W-!s8W-!s8W-!s8W-!s8W-!s8W-!s8W-!s8W-!
s8W-!s8W-!s/N*!!!!">EcV3[s8W-!s8W-!s8W-!s8W-!s8W-!s8W-!s8W-!s8W-!s8W-!s8W-!
s8W-!s8V->j,T.[*??.#zzEcQ4#s8W-!s2W1#<E3$!!!"#[*E?*>a2c7#s8W-!s8W-!s8W-!
s8W-!s8W-!s8W+ZNfG,#*E?*><E3$>*?>+[!'*&"NfK-"<E2%>3E9'Z<E3$>*?>+[!$*(#a2c7#
s8W-!s8W-!s8W-!s8W-!s8W-!<E3%!<E9)!s8W-!<E3$!zz3B9+"WiH+!s8W-!WiE'>*?>+[
!**$!j5]2"s8W-!s8W-!s8W-!s8W-!s)N.#<E3'!s8T+!WW3#!!!!">EcV3[s8W-!s8W-!s8W-!
s8W-!s8W*!z!**$!s8W-!s8W-!s8W-!s8W-!s8U-[a)Z3@s8W,!Wi?%!!$*(#a2c7#s8W-!
s8W-!s8W-!s8W-!s8W-!*??.#!!##>3WK-Zs8W-!s8W-!s8W-!s8W-!s8S+>N`B(Z3B9)"!!$#!
<WE+!s8W-!s8W-!s8W-!s8W-!s8W-!s&E'!z!!*'!s8W-!s8W-!s8W-!s8W-!s8W-!s8Q)!
<<*"!!!!"!<E9)!s8W-!s8W-!s8W-!s8W-!s8W-!s8Q)!<<*"!!!!$!s8W-!s8W-!s8W-!s8W-!
s8W-!s8W+!<E0#!z<E3'!s8W-!s8W-!s8W-!s8W-!s8W-!s8W*Z3B7'>!'*&"s8W-!s8W-!
s8W-!s8W-!s8V->j,T.[*??.#z!**$!s8W-!s8W-!s8W-!s8W-!s8W-!s8W-!z!!&%>NrT.Z
s8W-!s8W-!s8W-!s8W,!Wi?%!z3B9)"!!$#!<WE+!s8W-!s8W-!s8W-!s8W-!s8U-[`uQ0@
WiE*!s8W-!s8W-!s8W-!s8W-!s8W-!WiE'!z!33'!!!!!Z3B?-[j8]/Zs8W-!s8W-!s5W/"
EcQ1@*?B0@ErZ1>s8W-!s8W-!s8W-!s8W-!s8W-!s2W1#<E3%>EcT4@`uQ0@!!!#!WiH+!s8W-!
s8W,Zj5X-><<*"!*??0\j5^1>s8W-!s8W-!s8W-!s8W-!s8W-!s8W-!s8W-!s8W-!s8Q)!<<*"!
WiE*!s8S+>N]B*[!!!!>*?D/[WrN,!s8W-!s8W-!s8W-!s8W-!s8W-!s8W-!s8W-!s8W-!s8W-!
s8W+>EcN0@*QQ4@s8W+!<E4'[EiQ.>a2c7#s8W-!s8W-!s8W-!s8W-!s8W-!s8W-!s8W-!s8W-!
s8W-!s8W-!s8W-!s8W-!s8W-!s8W-!s8W-!s8W-!s8W-!s8W-!s8W-!s8W-!s8W-!s8W-!s8W-!
s8W-!s8W-!s8W-!s8W-!s8W-!s8W-!s8W-!s8W-!s8W-!s8W-!s8W-!s8W-!s8W-!s8W-!s8W-!
s8W-!s8W-!s8W-!s8W-!s8W-!s8W-!s8W-!s8W-!s8W-!s8W-!s8W-!s8W-!s8W-!s8W-!s8W-!
s8W-!s8W-!s8W-!s8W*!
EndImage
Fore
384 270 m 25
 357.09 210.33 349.078 172.887 315 117 c 24
 289.96 75.9336 281.412 32.0947 234 24 c 24
 201.955 18.5293 186.456 63.9679 192 96 c 24
 199.23 137.774 235.563 146.084 261 180 c 24
 309.311 244.414 329.281 286.29 381 348 c 24
 432.55 409.509 458.327 450.329 525 495 c 24
 578.486 530.836 616.649 547.01 681 549 c 24
 736.472 550.716 772.606 538.598 816 504 c 24
 864.209 465.563 885.901 431.237 903 372 c 24
 920.201 312.412 917.129 272.609 900 213 c 24
 886.552 166.201 860.602 147.168 828 111 c 24
 785.315 63.6475 761.371 34.8688 708 0 c 24
 671.759 -23.6777 645.148 -26.1216 603 -36 c 24
 569.789 -43.7842 549.93 -41.4902 516 -45 c 25
 553.44 -20.4297 575.097 -7.37066 612 18 c 24
 668.712 56.9893 707.703 70.9712 756 120 c 24
 786.864 151.332 800.459 176.067 810 219 c 24
 822.183 273.822 829.353 310.28 810 363 c 24
 792.885 409.624 768.056 435.104 723 456 c 24
 680.53 475.696 648.626 469.482 603 459 c 24
 559.132 448.922 537.009 432.007 501 405 c 24
 461.289 375.217 443.51 352.511 411 315 c 24
 397.596 299.533 394.53 287.55 384 270 c 25
333 384 m 24
 333 413.829 344.876 446.06 318 459 c 24
 291.582 471.72 261.862 450.612 252 423 c 24
 239.878 389.057 251.216 361.715 273 333 c 24
 283.631 318.987 304.598 324.609 318 336 c 24
 332.943 348.702 333 364.388 333 384 c 24
387 171 m 25
 339.03 206.1 305.086 218.046 264 261 c 24
 226.535 300.167 209.554 327.848 189 378 c 24
 179.239 401.817 175.89 421.849 189 444 c 24
 212.611 483.896 236.06 501.464 276 525 c 24
 303.88 541.43 324.87 546.856 357 543 c 24
 387.137 539.384 423.56 537.254 426 507 c 24
 436.604 375.507 402.21 302.04 387 171 c 25
336 753 m 25
 367.59 728.43 392.546 721.68 417 690 c 24
 445.463 653.128 462.101 628.205 468 582 c 24
 476.625 514.437 459.358 475.815 453 408 c 24
 445.317 326.051 433.247 280.299 432 198 c 24
 430.897 125.232 452.582 84.5611 447 12 c 24
 444.184 -24.6123 447.436 -70.4455 411 -75 c 24
 373.831 -79.6465 364.335 -35.0045 351 0 c 24
 335.085 41.7773 337.711 69.313 339 114 c 24
 341.239 191.621 351.047 234.865 360 312 c 24
 366.258 365.914 377.04 395.732 378 450 c 24
 379.39 528.518 376.782 573.215 366 651 c 24
 360.307 692.072 347.7 713.22 336 753 c 25
EndSplineSet
EndChar
