Width: 1000
Flags: H
TeX: 117 0 0 0
Back
Image: 23 23 2 69 0 ffffffff 0 800 43.4783 43.4783 0
s8W-!s8W-!s8W-!s8W-!s8W-!s8W-!s8W-!s8W-!s8W-!s8W-!s8W-!s8W-!s8W-!s8W-!s8W-!
s8W-!s8W-!s8W-!s8W-!s8W-!s8W-!s8W-!s8W-!s8W-!s8W-!s8W-!s8W-!s8W-!s8W-!s8W-!
s8W-!s8W-!s8W-!s8W-!s8W-!s8W-!s8W-!s8W-!s8W-!s8W,>a2`4@EcQ2@s8W-!s8W-!s8W-!
s8W-!s8W-!s8W-!s8W-!s8W-!s8W-!s8W-!s8W-!s8W-!s8W-!s8W-!s8W-!NfK,?*?>+[!<<*!
s8W-!s8W-!s8W-!s8W-!s8W-!s8W-!WiE(!<E5'>NrT.Zs8W-!s8W-!s8W-!s8W-!s8W-!s8W-!
<E3$!!!*'!s8W-!s8W-!s8W-!s8W-!s8W-!s8Q)!<?3)#!!!"!<E9)!s8W-!s8W-!s8W-!s8W-!
s8W-!s8W-!s&E'!!!!$!s8W-!s8W-!s8W-!s8W-!s8W-!s8W*Z3B7'>!$*(#NfK/"s8W-!s8W-!
s8W-!s8W-!s8W-!s8W,!Wi?%!z!!!#!WiH+!s8W-!s8W-!s8W-!s8W-!s8W,>a2c6@a8c2>
s8W-!s8W-!s8W-!s8W-!s8V->j/T,Z<E3$!zzWiE)>a2b3[WcE-#<E3%ZNfL->WrN,!s8W-!
s8W-!s8W-!s8W-!s8S+>N`B(Zzzz!!!!>*?D/[WrN,!<E3$!zzz!!'%!WrN,!s8W-!s8W-!
s8W-!s8W+>EcM-[!$*(#<E3%!<E1%[*B?,?a2c7#s8W-!s2W1#WiE)!Wi?%!z!!!#!WiH+!
s8W-!s8W-!s8W-!s8W-!j5]0?EcR2#NrT.Zs8W+!<E3%!<WE+!s8W-!s8W-!s8W-!s8W*!!!##>
3E9'Zj5]2"s8W-!s8W-!s8W-!s8W-!s8W-!s8W-!s8W-!s/N*!!!!"ZNfO/>s8W-!s8W-!s8W-!
s8W-!s8W-!s8W-!s8W-!s8W-!s8W-!s8W-!s8W-!s8W-!s8W-!s8W,Zj5W-[3B9)[j5]2"s8W-!
s8W-!s8W-!s8W-!s8W-!s8W-!s8W-!s8W-!s8W-!s8W-!s8W-!s8W-!s8W-!s8W-!WiE'!!!$#!
<WE+!s8W-!s8W-!s8W-!s8W-!s8W-!s8W-!s8W-!s8W-!s8W-!s8W-!s8W-!s8W-!s8W-!s8W-!
s/N*!!!!"!<E9)!s8W-!s8W-!s8W-!s8W-!s8W-!s8W-!s8W-!s8W-!s8W-!s8W-!s8W-!s8W-!
s8W-!s8W,Zj5Y0#EW?(>NfK/"s8W-!s8W-!s8W-!s8W-!s8W-!s8W-!s8W-!s8W-!s8W-!s8W-!
s8W-!s8W-!s8W-!s8W-!WiE'!z!<<*!s8W-!s8W-!s8W-!s8W-!s8W-!s8W-!s8W-!s8W-!
s8W-!s8W-!s8W-!s8W-!s8W-!s8W-!s&E'!!!!!Z3B@->s8W-!s8W-!s8R+[E]H-?WiE)!WiE)!
WiE)!WiE)Zj5^1>s8W-!s8W-!s8W-!s8W-!s8W-!s8P)>3<0$Z<E3'!s8W-!s8W-!s8W,!Wi?%!
zzzzWiE*!s8W-!s8W-!s8W-!s8W-!s8W-!s8W*!z!03)"s8W-!s8W-!s8W-!j5]0[NfG,#*<6'>
zz!33'!s8W-!s8W-!s8W-!s8W-!s8W-!s8W-!<E3%!<E7)[a8c2>s8W-!s8W-!s8W-!s8W,Z
j5Y0#E`H+><E3%!<E8)>j8]/Zs8W-!s8W-!s8W-!s8W-!s8W-!s8W-!s8W-!s8W-!s8W-!s8W-!
s8W-!s8W-!s8W-!s8W-!s8W-!s8W-!s8W-!s8W-!s8W-!s8W-!s8W-!s8W-!s8W-!s8W-!s8W-!
s8W-!s8W-!s8W-!s8W-!s8W-!s8W-!s8W-!s8W-!s8W-!s8W-!s8W-!s8W*!
EndImage
Fore
858 687 m 25
 883.74 670.62 901.535 665.644 924 645 c 24
 945.537 625.209 968.086 614.236 969 585 c 24
 969.674 563.437 948.407 546.324 927 549 c 24
 906.07 551.616 906.433 575.134 897 594 c 24
 879.411 629.178 873.21 650.73 858 687 c 25
777 636 m 25
 813.27 620.79 843.355 625.929 870 597 c 24
 890.068 575.212 893.001 549.503 882 522 c 24
 874.716 503.79 851.218 497.608 834 507 c 24
 815.483 517.101 824.525 538.707 816 558 c 24
 802.254 589.109 792.21 605.58 777 636 c 25
486 48 m 25
 512.91 39.8096 527.296 31.871 555 27 c 24
 634.041 13.1025 681.688 21.5298 759 0 c 24
 778.194 -5.34473 798.92 -20.3159 792 -39 c 24
 781.744 -66.6914 758.242 -76.8878 729 -81 c 24
 678.845 -88.0527 648.914 -79.1411 600 -66 c 24
 569.159 -57.7139 550.581 -49.5813 528 -27 c 24
 504.295 -3.29492 502.38 18.75 486 48 c 25
519 447 m 25
 568.14 455.19 595.269 470.925 645 468 c 24
 697.143 464.933 733.213 464.629 774 432 c 24
 792.477 417.219 780.72 389.685 765 372 c 24
 747.794 352.643 726.173 360.297 702 351 c 24
 680.49 342.727 669.06 336.36 648 327 c 25
 650.34 355.08 676.542 382.094 654 399 c 24
 625.78 420.165 597.236 378.183 564 390 c 24
 537.314 399.488 536.55 424.77 519 447 c 25
93 432 m 25
 123.42 428.49 140.986 416.93 171 423 c 24
 247.155 438.402 287.427 458.251 360 486 c 24
 406.941 503.948 426.788 542.092 477 540 c 24
 502.638 538.932 516.782 502.25 504 480 c 24
 477.773 434.347 444.442 419.624 396 399 c 24
 323.938 368.32 278.084 364.858 201 351 c 24
 173.363 346.031 151.464 334.152 129 351 c 24
 101.345 371.742 107.04 400.41 93 432 c 25
330 720 m 25
 370.95 695.43 419.707 702.24 435 657 c 24
 454.181 600.255 414.761 565.523 402 507 c 24
 380.831 409.914 370.886 354.695 348 258 c 24
 324.078 156.933 311.844 99.4804 282 0 c 24
 269.639 -41.2061 276.423 -79.1056 240 -102 c 24
 216.041 -117.06 181.117 -93.9971 177 -66 c 24
 167.285 0.0615234 189.668 38.3983 210 102 c 24
 235.541 181.898 271.453 219.205 294 300 c 24
 327.925 421.563 343.222 492.253 354 618 c 24
 357.49 658.717 339.36 680.22 330 720 c 25
EndSplineSet
EndChar
