Width: 1000
Flags: H
TeX: 117 0 0 0
Back
Image: 23 23 2 69 0 ffffffff 0 800 43.4783 43.4783 0
s8W-!s8W-!s8W-!s8W-!s8W-!s8W-!s8W-!s8W-!s8W-!s8W-!s8W-!s8W-!s8W-!s8W-!s8W-!
s8W-!s8W-!s8W-!s8W-!s8W-!s8W-!s8W-!s8W-!s8W-!s8W-!s8W-!s8W-!s8W-!s8W-!s8W-!
s8W-!s8W-!s8W-!s8W-!s8W-!s8W-!s8W-!s8W-!s8W-!s8W-!s8W-!s8W-!s8W-!s8W-!s8W-!
NfK-"<E4'[ErZ1>s8W+ZNfI+><H<,#s8W-!s8W-!s8W-!s8W-!s8W-!s8W-!s8W-!s8U-[a/Z/>
j5]2"s8W-!s&E'!z!!*'!s8W-!<E3$!z!<<*!s8W-!s8W-!s8W-!s8W-!s8W-!s8W-!NfK,?
*?>+[!'*&"WiE*!s8S+>NW9%Z3B9,"s8W-!s&E'!!!!!>*?G1[s8W-!s8W-!s8W-!s8W-!s8W-!
s8Q)!<<*"!z!!'%!WrN,!s8W,!Wi?%!!**$!s8W-!s8U-[a/Z/>j5]2"s8W-!s8W-!s8W-!
s8W-!s8W-!s8W+!<E0#!z!!!$!s8W-!s8W-!WiE'!!!$#!<WE+!s8W-!s8W-!s8W-!s8W-!
s8W-!s8W-!s8W-!s8W-!s8W-!<E3$Z3B<+[NiK+Zs8W-!s8W-!s/N*!!!!!>*?G1[s8W-!s8W-!
s8W-!s8W-!s8W-!s8W-!s8W-!s8W-!s8U-[a#Q.?a2c7#s8W-!s8W-!s8W-!s8T+!WW3#!!!!"!
<E8)>j8]/Zs8W-!s8W-!s8W-!s8W-!s8W-!s8W-!s8W+!<E0#!!<<*!s8W-!s8W-!s8W-!s8W,!
Wi?%!!$*(#!!!#!WiH+!s8W-!s8W-!s8W-!s8W-!s8W-!s8W-!s2W1#*??.\3B@->s8W-!s8W-!
s8W-!s8W-!NfK,"!!%%[EZH/@EcQ3@a2e5[s8W-!s8W-!s8W-!s8W-!s8W-!s8Q)!<<*"!<E3'!
s8W-!s8W-!s8W-!s8W-!s&E'!!!!#!WiE)!WZ<*#!!!"!<E8)>j8]/Zs8W-!s8W-!s8W-!s8W+!
<E2%>3QK1\s8W-!s8W-!s8W-!s8W-!s8P)>3<0$ZWiE*!s8S+>NW9%Z!!!#!WiH+!s8W-!s8W-!
s8W-!s8W-!<E3%!<E9)!s8W-!s8W-!s8W-!s8W-!s8W*!!!##>3QK1\s8W-!s8T+!W`<&!a2c7#
s8W-!s8W-!s8W-!s8W-!s&E'!<E3'!s8W-!s8W-!s8W-!s8W-!s8W-!!!!#!WiH+!s8W-!s8W-!
s8W-!s8W-!s8W-!s8W-!s8W-!s8W-!s8Q)!<B3'"a2c7#s8W-!s8W-!s8W-!s8U-[`uQ0@a2c7#
s8W-!s8W-!s8W-!s8W-!s8W-!s8W-!s8W-!s8W-!s8W+!<E0#!!$*(#s8W-!s8W-!s8W-!<E3$!
!!'%!WrN,!s8W-!s8W-!s8W-!s8W-!s8W-!s8W-!s8W-!s8W-!s8W-!NfK,"z!**$!NfK."
WiB'!<?3)#<E3'!s8W-!s8W-!s8W-!s8W-!s8W-!s8W-!s8W-!s8W-!s8W-!s8W-!s5W/"NfK,?
*?>+[zz!!$#!<TE-"s8W-!s8W-!s8W-!s8W-!s8W-!s8W-!s8W-!s8W-!s8W-!s8W-!s8W-!
s8W-!j5]0[NfI+><E3%!a2c7#s8W-!s8W-!s8W-!s8W-!s8W-!s8W-!s8W-!s8W-!s8W-!s8W-!
s8W-!s8W-!s8W-!s8W-!s8W-!s8W-!s8W-!s8W-!s8W-!s8W-!s8W-!s8W-!s8W-!s8W-!s8W-!
s8W-!s8W-!s8W-!s8W-!s8W-!s8W-!s8W-!s8W-!s8W-!s8W-!s8W-!s8W-!s8W-!s8W-!s8W-!
s8W-!s8W-!s8W-!s8W-!s8W-!s8W-!s8W-!s8W-!s8W-!s8W-!s8W-!s8W-!s8W-!s8W-!s8W-!
s8W-!s8W-!s8W-!s8W-!s8W*!
EndImage
Fore
846 642 m 0
 846 623.784 862.128 609 882 609 c 0
 901.872 609 918 623.784 918 642 c 0
 918 660.216 901.872 675 882 675 c 0
 862.128 675 846 660.216 846 642 c 0
810 636 m 0
 810 680.712 840.912 717 879 717 c 0
 917.088 717 948 680.712 948 636 c 0
 948 591.288 917.088 555 879 555 c 0
 840.912 555 810 591.288 810 636 c 0
225 576 m 25
 278.82 585.36 312.486 579.2 363 600 c 24
 395.166 613.245 394.308 657.43 429 660 c 24
 470.745 663.092 514.395 652.494 525 612 c 24
 534.907 574.173 488.401 562.845 462 534 c 24
 425.135 493.721 391.253 481.726 363 435 c 24
 328.915 378.629 321.822 339.946 306 276 c 24
 293.556 225.705 281.668 194.964 291 144 c 24
 297.838 106.654 310.217 78.2175 345 63 c 24
 394.319 41.4229 431.548 44.1685 483 60 c 24
 528.41 73.9727 553.09 95.1752 579 135 c 24
 618.58 195.836 636.701 236.898 645 309 c 24
 655.867 403.406 630.624 457.04 627 552 c 24
 624.769 610.469 605.48 648.874 630 702 c 24
 641.319 726.525 682.063 729.042 699 708 c 24
 731.387 667.762 718.661 629.607 729 579 c 24
 740.898 520.763 727.896 481.376 756 429 c 24
 782.234 380.108 820.459 370.883 861 333 c 24
 891.835 304.188 925.956 298.135 939 258 c 24
 946.178 235.913 923.218 212.506 900 213 c 24
 856.045 213.936 830.735 231.652 798 261 c 24
 760.309 294.792 754.08 326.88 726 369 c 25
 724.83 323.37 734.542 296.161 723 252 c 24
 707.109 191.199 693.582 156.099 657 105 c 24
 618.461 51.167 590.292 22.8476 534 -12 c 24
 489.311 -39.665 457.5 -53.4706 405 -51 c 24
 352.046 -48.5078 318.281 -35.5988 279 0 c 24
 238.661 36.5576 221.076 69.1628 213 123 c 24
 202.688 191.745 214.513 233.273 234 300 c 24
 253.657 367.311 280.316 399.445 312 462 c 24
 325.967 489.576 335.79 504.09 351 531 c 25
 312.39 526.32 288.627 505.919 252 519 c 24
 228.835 527.273 235.53 553.77 225 576 c 25
EndSplineSet
EndChar
