Width: 1000
Flags: H
TeX: 117 0 0 0
Back
Image: 23 23 2 69 0 ffffffff 0 800 43.4783 43.4783 0
s8W-!s8W-!s8W-!s8W-!s8W-!s8W-!s8W-!s8W-!s8W-!s8W-!s8W-!s8W-!s8W-!s8W-!s8W-!
s8W-!s8W-!s8W-!s8W-!s8W-!s8W-!s8W-!s8U-[a8c2>s8W-!s8W-!s8W-!s8W-!s8W-!s8W-!
s8W-!s8W-!s8W-!s8W-!s8W-!s8W-!s8W-!s8W-!s8W-!s8W+!<E1%[*HH1@a2c7#s8W-!s8W-!
s8W-!s8W-!s8W-!s8W-!s8W-!s8W-!s8W-!s8W-!s8W-!s8W-!s8W-!s8W-!WiE'!z!$*(#
a2c7#s8W-!s8W-!s8W-!s8W-!s8W-!s8W-!s8W-!s8W-!s8W-!s8W-!s8W-!s8W-!s8W-!s8W-!
3B9)"z!$*(#EcQ3@a2e5[s8W-!WiE(ZNfI+><H<,#a2c7#s8W-!s8W-!s8W-!s8W-!s8W-!
s8W-!s8W-!s&E'!zzz<E3'!s8T+!WW3#!zz!**$!s8W-!s8W-!s8W-!s8W-!s8W-!s&E'!<E3%!
<E1%[*<6'>!!!!Z3B<+[NlT2\s8W,Zj5X-><<*"!3B9+"WiF+[a8c2>s8W-!s8W-!s8W-!s8W-!
s8N'!zz!!##>3NB*Zs8W-!s8W-!s8W-!s8W-!s8W-!s8W-!s8W-!s8W-!s8W-!s8W-!s8W-!
s8W-!s8W,!WiE)!W`<&!!!!#!WiH+!s8W-!s8W-!s8W-!s8W-!s8W-!s8W-!s8W-!s8W-!s8W-!
s8W-!s8W-!s8W-!s8W-!s8W-!s8T+!WZ<*#a2c7#s8W-!s8W-!s8W-!s8W-!s8W-!s8W-!s8W-!
s8W-!s8W-!s8W-!s8W-!s8W-!s8W-!s8W-!s8W+ZNfI+><WE+!s8W-!s8V->j/T,ZWiE)>a2e5[
s8W-!s8W-!s8W-!s8W-!s8W-!s8W-!s8W-!s8W-!s8W-!s8W-!<E3%!<E9)!s8W-!j5]0"<E0#!
z*??/\NfN/[j8]/Zs8W-!s8W-!s8W-!s8W-!s8W-!s8W-!s8W-!s8W-!s&E'!<E3'!s8V->
j&K)Z!!!#!WiA'>3<0$Z!!!#!WiH+!s8W-!s8W-!s8W-!s8W-!s8W-!s8W-!s8W-!s8W,!Wi?%!
!**$!j5]0"<E1%[*QQ4@s8W-!s8V->irB&Z3B9+[j5^1>s8W-!s8W-!s8W-!s8W-!s8W-!s8W-!
s8W-!a2c4@*?@.#3E9'Z!!!#!WiH+!s8W-!s8W-!s8N'!z<E3'!s8W-!s8W-!s8W-!s8W-!
s8W-!s8W-!s8W-!s8W-!<E3$!zzs8W-!s8W-!s8W-!s8W*!zzs8W-!s8W-!s8W-!s8W-!s8W-!
s8W-!s8W-!s8W-!s,N,"z!!##>3WK-Zs8W-!s8W-!s2W1#z!!%%[ErZ1>s8W-!s8W-!s8W-!
s8W-!s8W-!s8W-!s8W-!s8V->iuK-\!!!"!<E9)!s8W-!s8W,Zj5X-><<*"!!!!#!WiH+!s8W-!
s8W-!s8W-!s8W-!s8W-!s8W-!s8W-!s8W-!s8U-[a/Z/>a2c7#s8W-!s8W-!NfK,"z!**$!
j5]2"s8W-!s8W-!s8W-!s8W-!s8W-!s8W-!s8W-!s8W-!s8W-!s8W-!s8W-!j5]1"WiB'!<<*"!
*??/#<E7)[a8c2>s8W-!s8W-!s8W-!s8W-!s8W-!s8W-!s8W-!s8W-!s8W-!s8W-!s8S+>N]B*[
z!!$#!<QE/#s8W-!s8W-!s8W-!s8W-!s8W-!s8W-!s8W-!s8W-!s8W-!s8W-!s8W-!s8W-!
s8W+!<E2%>3E9'ZEcQ3\j5^1>s8W-!s8W-!s8W-!s8W-!s8W-!s8W-!s8W-!s8W-!s8W-!s8W-!
s8W-!s8W-!s8W-!s8W-!s8W-!s8W-!s8W-!s8W-!s8W-!s8W-!s8W-!s8W-!s8W*!
EndImage
Fore
786 639 m 29
 819.93 621.45 845.249 620.251 873 594 c 28
 891.309 576.681 906.098 557.503 897 534 c 28
 887.359 509.095 862.043 491.725 837 501 c 28
 812.713 509.995 824.978 539.707 816 564 c 28
 805.079 593.55 797.7 609.75 786 639 c 29
669 615 m 25
 705.27 604.47 734.635 614.03 762 588 c 24
 788.808 562.5 805.741 532.352 792 498 c 24
 782.44 474.101 747.417 483.722 726 498 c 24
 707.813 510.124 720.573 532.351 711 552 c 24
 698.067 578.547 685.38 590.43 669 615 c 25
210 537 m 25
 247.44 532.32 268.63 519.786 306 525 c 24
 371.263 534.106 406.975 548.138 468 573 c 24
 502.571 587.085 511.746 626.378 549 624 c 24
 582.025 621.892 605.443 596.901 609 564 c 24
 611.936 536.845 585.877 524.277 561 513 c 24
 495.571 483.339 453.609 479.757 384 462 c 24
 338.865 450.486 309.776 419.562 267 438 c 24
 226.087 455.635 232.23 498.39 210 537 c 25
333 741 m 25
 372.78 711.75 397.881 698.561 435 666 c 24
 464.879 639.79 499.839 630.527 504 591 c 24
 508.438 548.838 475.279 531.07 453 495 c 24
 426.053 451.371 396.842 434.693 378 387 c 24
 358.422 337.443 350.391 304.872 357 252 c 24
 362.646 206.827 388.11 187.95 408 147 c 25
 433.74 194.97 432.74 234.485 474 270 c 24
 529.928 318.141 572.231 363.256 645 351 c 24
 711.208 339.85 725.899 280.413 759 222 c 24
 787.129 172.361 809.448 136.895 798 81 c 24
 786.999 27.2871 748.177 10.3076 708 -27 c 24
 665.641 -66.334 641.069 -91.0839 588 -114 c 24
 535.543 -136.651 500.16 -130.47 444 -141 c 25
 498.99 -110.58 535.273 -101.425 585 -63 c 24
 639.339 -21.0107 681.443 -0.328637 708 63 c 24
 731.094 118.069 733.511 165.275 702 216 c 24
 676.202 257.528 632.673 271.835 585 261 c 24
 538.952 250.534 529.828 210.533 504 171 c 24
 471.946 121.938 478.083 78.755 438 36 c 24
 419.439 16.2021 390.103 9.93769 369 27 c 24
 325.776 61.9473 309.731 95.8935 297 150 c 24
 280.653 219.473 283.847 262.852 297 333 c 24
 312.346 414.842 344.626 454.38 369 534 c 24
 379.813 569.325 393.33 590.604 387 627 c 24
 378.57 675.468 354.06 696.54 333 741 c 25
EndSplineSet
EndChar
