Width: 1000
Flags: H
TeX: 117 0 0 0
Back
Image: 23 23 2 69 0 ffffffff 0 800 43.4783 43.4783 0
s8W-!s8W-!s8W-!s8W-!s8W-!s8W-!s8W-!s8V->j/T,Zj5]2"s8W-!s8W-!s8W-!s8W-!s8W-!
s8W-!s8W-!s8W-!s8W-!s8W-!s8W-!s8W-!s8W-!s8W-!s8W,!Wi?%!!-3+#s8W-!s8W-!s8W-!
s8W-!s8W-!s8W-!s8W-!s8W-!s8W-!s8W-!s8W-!s8W-!s8W-!s8W-!s8W-!s8W*Z3B7'>!-3+#
s8W-!s8W-!s8W-!s8W-!s8W-!s8W-!s8W-!s8W-!s8W-!s8W-!s8W-!s8W-!s8W-!s8W-!s8W-!
<E3$!!!$#!<WE+!s8W-!s8W-!s8W-!s8W-!s8W-!s8W-!s8W-!s8W-!s8W-!s8W-!s8W-!s8W-!
s8W-!s8W-!s&E'!!!!"!<E9)!s8W-!s8W-!s8W-!s8W-!s8W-!s8W-!s8W-!s8W-!s8W-!s8W-!
s8W-!s8W-!s2W1#NfK-"<E1%[*<6'><E3'!s8W-!s8W-!s8W-!s8W-!s8W-!s8W-!s8W-!s8W-!
s8W-!s8W-!s8W-!s8W-!s8R+[EW?(>zz!$*(#j5]2"s8W-!s8W-!s8W-!s8W-!s8W-!s8W-!
s8W-!s8W-!s8W-!s8W-!s8W-!s8W,>a2_1[<E3%!*??.@*?A-[<?3)#NfK."WiH+!s8W-!s8W-!
s8W-!s8W-!s8W-!s8W-!s8W-!s8W-!s8W-!s8W-!s8W-!s8W-!s&E'!<E3'!s8N'!z!!!$!
s8W-!s8W-!s8W-!s8W-!s8W-!s8W-!s8W-!s8W-!s8W-!s8W-!s8W-!s8W-!s8Q)!<?3)#<E3$!
zzs8W-!s8W-!s8W-!s8W-!s8W-!s8W-!s8W-!s8W-!s/N*!zzzzzz!!!"!<E8)>j8]/Zs8W-!
s8W-!s8W-!s8W-!s8W-!s8W-!s8W-!s8V->j)T0\*??.#zz!!!!Z3B=+>WiE)!j5]2"s8W-!
s8W-!s8W-!s8W-!s8W-!s8W-!s8W-!s8W-!s8W-!s8W-!s2W1#WiE)!WiE)!WZ<*#<E3'!s8W-!
s8W-!s8W-!s8W-!s8W-!s8W-!s8W-!s8W-!s8W-!s8W-!s8W-!s8W-!s8W-!s8W-!s8W-!s8Q)!
<E3%!s8W-!s8W-!s8W-!s8W-!s8W-!s8W-!s8W-!s8W-!s8W-!s8W-!s8W-!s8W-!s8W-!s8W-!
s8W-!s8W+!<E3%!<WE+!s8W-!s8W-!s8W-!s8W-!s8W-!s8W-!s8W-!s8W-!s8W-!s8W-!s8W-!
s8W-!a2c5@EcP/[<QE/#<E3$>*?C0#NrT.Zs8W-!s8W-!s8W-!s8W-!s8W-!s8W-!s8W-!s8W-!
s8W-!s8W,Zj5W-[3<0$Z*??.\3B7'>z!!!!Z3B>.#a8c2>s8W-!s8W-!s8W-!s8W-!s8W-!
s8W-!s8W-!s8W-!s8W-!WiE'!!!"#[*NH->j5]0"<E0#!z!!!!>*?B0@EiQ.>s8W-!s8W-!
s8W-!s8W-!s8W-!s8W-!s8W-!s8W-!s2W1#*??.\3B=+>WiE)!EcQ1#!!"#[*B?,?zz!6<.#
s8W-!s8W-!s8W-!s8W-!s8W-!s8W-!s8W-!s8W-!s,N,"3B9)"zz*??/\NfO/>s&E'!*??.#
!!$#!<WE+!s8W-!s8W-!s8W-!s8W-!s8W-!s8W-!s8W-!s8W-!s5W/"NfK-"<E3%!<QE/#s8W-!
s8W-!s/N*!<E3&!WiH+!s8W-!s8W-!s8W-!s8W-!s8W-!s8W-!s8W-!s8W-!s8W-!s8W-!s8W-!
s8W-!s8W-!s8W-!s8W-!s8W-!s8W-!s8W-!s8W-!s8W-!s8W-!s8W-!s8W-!s8W-!s8W-!s8W-!
s8W-!s8W-!s8W-!s8W-!s8W-!s8W-!s8W-!s8W-!s8W-!s8W-!s8W-!s8W*!
EndImage
Fore
468 774 m 29
 520.65 743.58 561.666 740.597 603 696 c 24
 616.165 681.796 585.67 670.016 582 651 c 24
 572.646 602.532 574.68 574.14 570 525 c 25
 570 45 l 25
 548.94 -0.629883 549.698 -34.7169 516 -72 c 24
 491.067 -99.585 466.183 -111 429 -111 c 24
 382.01 -111 351.577 -101.498 315 -72 c 24
 274.834 -39.6084 246.322 -12.4925 243 39 c 24
 240.588 76.3809 270.7 95.0302 303 114 c 24
 348.039 140.451 379.782 148.813 432 150 c 24
 485.92 151.226 516.843 139.83 567 120 c 24
 618.691 99.5645 646.596 82.7231 690 48 c 24
 729.455 16.4355 770.259 2.07563 777 -48 c 24
 781.641 -82.4756 745.736 -109.878 711 -108 c 24
 679.892 -106.318 688.524 -63.5228 666 -42 c 24
 635.023 -12.4004 613.428 0.14731 576 21 c 24
 531.168 45.9775 506.115 63.9452 456 75 c 24
 423.826 82.0977 402.591 78.2363 372 66 c 24
 352.781 58.3125 332.597 47.4178 336 27 c 24
 340.624 -0.746094 360.376 -14.9238 387 -24 c 24
 416.982 -34.2217 444.455 -39.1904 468 -18 c 24
 499.656 10.4902 504.638 41.4767 507 84 c 24
 519.98 317.64 507 450 507 684 c 25
 468 774 l 29
240 360 m 25
 321.9 360 368.553 351.392 450 360 c 24
 513.494 366.711 553.307 367.778 609 399 c 24
 636.856 414.616 617.208 462.532 648 471 c 24
 681.806 480.297 716.254 464.662 729 432 c 24
 741.796 399.211 723.437 370.047 696 348 c 24
 652.128 312.746 615.019 312.798 561 297 c 24
 490.719 276.446 451.188 252.639 378 255 c 24
 335.627 256.367 315.74 280.329 282 306 c 24
 260.768 322.155 256.38 338.94 240 360 c 25
333 573 m 25
 363.42 564.81 379.524 550.688 411 552 c 24
 466.029 554.293 493.944 583.551 549 582 c 24
 581.433 581.086 602.96 570.699 624 546 c 24
 635.481 532.521 632.873 510.605 618 501 c 24
 570.132 470.085 536.554 459.982 480 453 c 24
 438.766 447.909 407.185 444.726 375 471 c 24
 341.674 498.205 349.38 533.22 333 573 c 25
EndSplineSet
EndChar
