Width: 1000
Flags: H
TeX: 117 0 0 0
Back
Image: 23 23 2 69 0 ffffffff 0 800 43.4783 43.4783 0
s8W-!s8W-!s8W-!s8W-!s8W-!s8W-!s8W-!s8W-!s8W-!s8W-!s8W-!s8W-!s8W-!s8W-!s8W-!
s8W-!s8W-!s8W-!s8W-!s8W-!s8W-!s8W-!s8W-!s8W-!s8W-!s8W-!s8W-!s8W-!s8W-!s8W-!
s8W-!s8W-!s8W-!s8W-!s8W-!s8W-!s8W-!s8W-!s8W-!<E3$>*?E2@a8c2>s8W-!s8W-!s8W-!
s8W-!s8W-!s8W-!s8W-!s8W-!s8W-!s8W-!s8W-!s8W-!s8W-!s8W-!s2W1#*??/@EcV3[s8W-!
s8W-!s8W-!s8W-!s8W-!s8W-!s8W-!s8W-!s8W-!s8W-!s8W-!s8W-!s8W-!s8W-!s8W-!s&E'!
<E3'!s8W-!s8W-!j5]1"WiE)!WoN."s8W-!s8W-!s8W-!s8W-!s8W-!s8W-!s8W-!s8W-!s8W-!
s8W-!s8Q)!<K<*"s8W-!s8T+!WZ<*#3B9)[3B8*#*NH->s8W-!s8W-!s8W-!s8W-!s8W-!s8W-!
s8W-!s8W-!s8W-!j5]/[3B=+>WrN,!NfK,[3B:)><QE/#a2c4@*??.@*QQ4@s8W-!s8W-!s8W-!
s8W-!s8W-!s8W-!s8W+ZNfI+><B3'"!!!"ZNfO/>rr<$!<E3'!s8W-!s8W-!NfK,"!!'%!WrN,!
s8W-!s8W-!s8W-!s8W-!s8W-!s8W-!<E3&!WiA'>3<0$Z!!!">EcS1[WoN."s8W-!s8W-!s#E)"
!!!#!WiH+!s8W-!s8W-!s8W-!s8W-!s8W-!s8W-!s/N*!s8W+!<E0#!z<E3'!s8W-!s8W-!
s8W-!s8N'!zWiE*!s8W-!s8W-!s8W-!s8W-!s8W-!s8W-!s8S+>NrT.Z<E3$!!!##>3NB*Z
s8W-!s8W-!s8W-!j5]/"!!"#[*QQ4@s8W-!s8W-!s8W-!s8W-!s8W-!s8W-!s8W+!<E5'>NZB,\
*??0@a2e5[s8W-!s8W-!s8W-!s,N,"!!!">EcV3[s8W-!s8W-!s8W-!s8W-!s8W-!s8W-!s8W-!
NfK,"z!**$!s8W-!s8W-!s8W-!s8W-!s8Q)!<<*"!WiE*!s8W-!s8W-!s8W-!s8W-!s8W-!
s8W-!s8W-!s,N,"z!!$#!<WE+!s8W-!s8W-!s8W-!s8W+!<E0#!!33'!s8W-!s8W-!s8W-!
s8W-!s8W-!s8W-!s8W-!s8P)>3<0$Z!!!"!<E9)!s8W-!s8W-!s8W-!s8W-!<E3$!!!'%!WrN,!
s8W-!s8W-!s2W1#s8W-!s8W-!s8W-!a2c4#zz<E3'!s8W-!s8W-!s8W-!s8W-!s&E'!!!!#!
WiH+!s8W-!a2c5@EcP/[<WE+!s8W-!s8W-!s,N,"*??.\3B7'>!**$!s8W-!s8W-!s8W-!s8W-!
s8R+[EW?(>3B9*"<E3%!<?3)#*??0\j5^1>s8W-!s8W-!s8W-!s2W1#WiE'!!!$#!<WE+!s8W-!
s8W-!s8W-!s8W,Zj5V.#*<6'>z!!"#[*NH->s8W-!s8W-!s8W-!s8W-!s8W-!s/N*!!!!!Z
3B?-[j8]/Zs8W-!s8W-!s8W-!s8W,!WiB'!<E3%!EcQ3@a2e5[s8W-!s8W-!s8W-!s8W-!s8W-!
s8T+!WW3#!!!!#!WiH+!s8W-!s8W-!s8W-!s8W-!s8W-!s8W-!s8W-!s8W-!s8W-!s8W-!s8W-!
s8W-!s8W-!s8W,Zj5Y0#EcQ2@j5]2"s8W-!s8W-!s8W-!s8W-!s8W-!s8W-!s8W-!s8W-!s8W-!
s8W-!s8W-!s8W-!s8W-!s8W-!s8W-!s8W-!s8W-!s8W-!s8W-!s8W-!s8W-!s8W-!s8W-!s8W-!
s8W-!s8W-!s8W-!s8W-!s8W-!s8W-!s8W-!s8W-!s8W-!s8W-!s8W-!s8W-!s8W-!s8W-!s8W-!
s8W-!s8W-!s8W-!s8W-!s8W-!s8W*!
EndImage
Fore
273 117 m 25
 229.71 86.5801 212.645 54.3114 162 39 c 24
 145.965 34.1523 141.922 61.3777 144 78 c 24
 148.23 111.848 157.439 131.055 177 159 c 24
 239.977 248.967 286.831 291.118 354 378 c 24
 394.513 430.402 407.76 467.619 453 516 c 24
 492.811 558.576 521.501 576.667 570 609 c 24
 585.393 619.262 598.227 631.802 615 624 c 24
 654.821 605.479 672.366 583.92 699 549 c 24
 725.972 513.637 745.755 491.272 750 447 c 24
 754.496 400.109 730.162 375.997 720 330 c 24
 707.922 275.329 695.268 244.943 693 189 c 24
 691.689 156.666 688.118 130.882 711 108 c 24
 737.948 81.0518 766.165 73.4337 804 78 c 24
 841.062 82.4727 852.99 109.794 885 129 c 24
 911.506 144.903 927.09 152.79 954 168 c 25
 925.92 130.56 910.914 108.8 882 72 c 24
 859.417 43.2588 850.972 22.2863 822 0 c 24
 803.522 -14.2139 787.995 -21.8325 765 -18 c 24
 727.836 -11.8057 705.773 -1.45899 678 24 c 24
 647.373 52.0742 630.12 73.4661 621 114 c 24
 608.156 171.085 614.153 206.323 624 264 c 24
 630.801 303.835 653.778 320.654 663 360 c 24
 671.561 396.523 673.559 418.765 669 456 c 24
 666.328 477.819 658.403 489.576 645 507 c 24
 634.3 520.91 626.335 536.737 609 534 c 24
 574.311 528.522 558.096 511.342 531 489 c 24
 490.781 455.838 472.036 432.482 438 393 c 24
 413.399 364.463 401.776 346.431 381 315 c 24
 356.104 277.337 342.619 255.635 321 216 c 24
 300.453 178.33 291.72 155.61 273 117 c 25
243 327 m 24
 263.166 332.602 265.694 354.111 267 375 c 24
 268.247 394.954 268.263 428.351 249 423 c 24
 221.733 415.426 214.765 388.244 213 360 c 24
 211.915 342.641 226.241 322.345 243 327 c 24
285 186 m 25
 254.58 219.93 228.741 232.951 207 273 c 24
 183.154 316.927 171 346.018 171 396 c 24
 171 429.504 180.9 452.993 207 474 c 24
 234.191 495.886 262.052 509.057 294 495 c 24
 332.345 478.129 358.22 449.874 357 408 c 24
 354.35 317.019 313.08 272.58 285 186 c 25
267 720 m 25
 304.44 702.45 336.201 706.489 363 675 c 24
 388.013 645.61 383.75 617.456 387 579 c 24
 390.848 533.473 386.003 507.415 381 462 c 24
 370.78 369.239 360.777 317.443 348 225 c 24
 340.887 173.533 331.712 144.929 330 93 c 24
 328.185 37.9277 344.308 6.8459 339 -48 c 24
 337.028 -68.3711 332.45 -92.182 312 -93 c 24
 287.146 -93.9941 275.298 -73.1606 264 -51 c 24
 243.633 -11.0488 232 15.2013 234 60 c 24
 237.991 149.398 265.269 196.572 279 285 c 24
 294.543 385.099 301.361 441.99 309 543 c 24
 311.913 581.518 314.918 604.416 306 642 c 24
 298.147 675.092 282.21 689.58 267 720 c 25
EndSplineSet
EndChar
