Width: 1000
Flags: H
TeX: 117 0 0 0
Back
Image: 23 23 2 69 0 ffffffff 0 800 43.4783 43.4783 0
s8W-!s8W-!s8W-!s8W-!s8W-!s8W-!s8W-!s8W-!s8W-!s8W-!s8W-!s8W-!s8W-!s8W-!s8W-!
s8W-!s8W-!s8W-!s8W-!s8W-!s8W-!s8W-!s8U-[a/Z/>j5]2"s8W-!s8W-!s8W-!s8W-!s8W-!
s8W-!s8W-!s8W-!s8W-!s8W-!s8W-!s8W-!s8W-!s8W-!s8W+ZNfG,#*HH1@j5]2"s8W-!s8W-!
s8W-!s8W-!s8W-!s8W-!s8W-!s8W-!s8W-!s8W-!s8W-!s8W-!s8W-!s8W-!s8W+!<E0#!!'*&"
EcQ3\j5^1>s8W-!s8W-!s8W-!s8W-!s8W-!s8W-!s8W-!s8W-!s8W-!s2W1#a2c7#s8W-!s8W-!
<E3$!zzWiE*!s8W-!s8W-!s8W-!s8W-!s8W-!s8W-!s8W-!s8W-!s8W-!s8T+!W]<("<E3%!
<E3%!<?3)#z!!"#[*QQ4@s8W-!s8V->j,T.[<E3&>a2e5[s8W-!s8W-!s8W-!s8W-!s8W,Z
j5V.#*<6'>zz!$*(#EcQ3@a2e5[s8W-!s8W*Z3B7'>z*??/@EcU4#j8]/Zs8W-!s8W-!s8W-!
s8W,Zj5[/>WiE)!3B9)[3B@->s8W-!s8W-!s8W-!s8W-!3B9+"WiE)!W]<("!!!"!<E9)!s8W-!
s8W-!s8W-!s8W-!s8W-!s8V->j#K+[<E3'!s8W-!s8W-!s8W-!s8W-!s&E'!s8W-!s8Q)!<<*"!
<E3'!s8W-!s8W-!s8W-!s8W-!s8W-!NfK,[3B7'>!$*(#s8W-!s8W-!s8W-!s8W-!s8P)>3NB*Z
NfK,?*?>+[!**$!s8W-!s8W-!s8W-!s8W-!s8Q)!<?3)#3B9)"z!<<*!s8W-!s8W-!s8W-!
s8W+!<E7)[a&Q,><E3%!<E5'>NrT.Zs8W-!s8W-!s8W-!s8W*!!!&%>NiK+Zz!!*'!s8W-!
s8W-!s8W-!s8W-!<E3'!s8W-!s8W-!s8W-!s8W-!s8W-!s8W-!s8W-!s8W-!!!!#!WiC)[EW?(>
3B9,"s8W-!s8W-!s8W-!s8W-!s&E'!s8W-!s8W-!s8W-!s8W-!s8W-!s8W-!s8W-!s8W-!rr<$!
EcQ1\3B7'>!**$!s8W-!s8W-!s8W-!s8W-!s8O)[*QQ4@s8W-!s8W-!s8W-!s8W-!s8W-!s8W-!
s8W-!s8R+[EW?(>!!!!Z3B>.#a8c2>s8W-!s8W-!s8W-!s8W*!!!%%[EoZ3?s8W-!s8W-!s8W-!
s8W-!s8W-!s8W-!s8W-!s8R+[EW?(>EcQ4#s8W-!s8W-!s8W-!s8W-!s8W-!z!!'%!WrN,!
s8W-!s8W-!s8W-!s8W-!s8W-!s8W-!s8W,!Wi?%!!03)"s8W-!s8W-!s8W-!s8W-!s8T+!WW3#!
!!!#!WiH+!s8W-!s8W-!s8W-!s8W-!s8W-!s8W-!s8W-!a2c4@*?@.#3NB*ZWiE)Zj5]1[j/T,Z
NfK,?*?>+[zWiE*!s8W-!s8W-!s8W-!s8W-!s8W-!s8W-!s8W-!s8W-!NfK,"zzzzzz!!$#!
<TE-"s8W-!s8W-!s8W-!s8W-!s8W-!s8W-!s8W-!s8W-!s5W/"WiE(>EcM-[z!!!!>*?A-[
<K<*"WiE)Zj5^1>s8W-!s8W-!s8W-!s8W-!s8W-!s8W-!s8W-!s8W-!s8W-!s8W-!s8W,!WiE)!
WiE)!a2c7#s8W-!s8W-!s8W-!s8W-!s8W-!s8W-!s8W-!s8W-!s8W-!s8W-!s8W-!s8W-!s8W-!
s8W-!s8W-!s8W-!s8W-!s8W-!s8W-!s8W-!s8W-!s8W-!s8W-!s8W-!s8W-!s8W-!s8W-!s8W-!
s8W-!s8W-!s8W-!s8W-!s8W-!s8W-!s8W-!s8W-!s8W-!s8W-!s8W-!s8W-!s8W-!s8W*!
EndImage
Fore
666 585 m 25
 709.29 577.98 737.23 585.484 777 567 c 24
 823.064 545.59 850.125 527.793 879 486 c 24
 897.811 458.773 899.822 433.895 891 402 c 24
 883.048 373.25 867.625 356.255 840 345 c 24
 799.778 328.613 772.29 339.51 729 336 c 25
 741.87 350.04 748.249 358.822 762 372 c 24
 776.385 385.786 795.026 385.992 801 405 c 24
 809.448 431.881 809.984 453.137 795 477 c 24
 775.464 508.113 748.17 510.416 720 534 c 24
 697.789 552.596 687.06 565.11 666 585 c 25
228 327 m 24
 216.667 307.876 215.835 288.605 228 270 c 24
 239.771 251.997 258.441 242.674 279 249 c 24
 298.562 255.019 306.602 273.542 306 294 c 24
 305.261 319.111 299.136 341.212 276 351 c 24
 256.725 359.155 238.67 345.005 228 327 c 24
327 750 m 25
 360.93 734.79 393.934 742.304 414 711 c 24
 430.609 685.089 404.628 663.665 402 633 c 24
 394.091 540.724 398.487 487.899 387 396 c 24
 378.547 328.374 368.267 290.929 351 225 c 24
 342.465 192.412 324.527 177.502 321 144 c 24
 317.293 108.784 313.789 83.746 333 54 c 24
 353.598 22.1064 377.056 8.74991 414 0 c 24
 469.787 -13.2129 506.331 -17.2639 561 0 c 24
 601.304 12.7275 621.247 35.1799 642 72 c 24
 659.957 103.858 649.961 128.654 654 165 c 24
 659.322 212.903 661.32 240.03 666 288 c 25
 678.87 229.5 678.948 194.443 699 138 c 24
 710.957 104.343 743.14 95.5092 747 60 c 24
 749.886 33.4502 734.182 17.4907 714 0 c 24
 679.563 -29.8447 655.636 -43.8624 612 -57 c 24
 545.137 -77.1309 504.644 -89.0782 435 -84 c 24
 387.961 -80.5703 363.038 -62.4665 324 -36 c 24
 292.471 -14.624 273.851 1.36205 258 36 c 24
 240.787 73.6143 259.733 103.169 243 141 c 24
 231.282 167.492 206.16 168.662 189 192 c 24
 176.258 209.33 167.629 221.493 168 243 c 24
 168.843 291.867 165.049 325.228 192 366 c 24
 215.128 400.988 243.949 411.408 285 420 c 24
 302.178 423.596 306.96 403.53 321 393 c 25
 330.36 450.33 339.913 482.134 345 540 c 24
 349.304 588.951 349.197 617.04 345 666 c 24
 342.139 699.381 334.02 717.24 327 750 c 25
153 603 m 25
 176.4 592.47 187.538 579.183 213 576 c 24
 273.37 568.454 310.258 560.16 369 576 c 24
 418.82 589.435 428.99 640.219 480 648 c 24
 510.798 652.698 538.444 633.224 546 603 c 24
 553.009 574.966 529.706 557.875 507 540 c 24
 472.455 512.806 447.769 502.183 405 492 c 24
 347.909 478.407 313.097 471.7 255 480 c 24
 219.226 485.11 197.068 497.183 174 525 c 24
 153.891 549.25 161.19 572.58 153 603 c 25
EndSplineSet
EndChar
