Width: 1000
Flags: H
TeX: 117 0 0 0
Back
Image: 23 23 2 69 0 ffffffff 0 800 43.4783 43.4783 0
s8W-!s8W-!s8W-!s8W-!s8W-!s8W-!s8W-!s8W-!s8W-!s8W-!s8W-!s8W-!s8W-!s8W-!s8W-!
s8W-!s8W-!s8W-!s8W-!s8W-!s8W-!s8W-!s8W-!s8W-!s8W-!s8W-!s8W-!s8W-!s8W-!s8W-!
s8W-!s8W-!s8W-!s8W-!s8W-!s8W-!s8W-!s8W-!s8W-!s8W-!s8W-!s8W-!s8W-!s8W-!s8W-!
s8W+ZNfI+><E3%!NfK.[j5^1>s8W-!s8W-!s8W-!s8W-!s8W-!s8W-!s8W-!s8W-!s8W-!s8W-!
s8W-!s8W-!s8W-!NfK,"zzWiE*!s8W-!s8W-!s8W-!s8W-!s8W-!s8W-!s8S+>NfK-[a2c7#
s8W-!s8W-!a2c5#<E3%!<H<,#3B9)"z!33'!s8W-!s8W-!s8W-!s8W-!s8W-!s8W-!s8W*!
z!$*(#WiE*!s8W-!s5W/"<E3$!z!$*(#EcQ3#WiG+>j8]/Zs8W-!s8W-!s8W-!s8W-!s8W-!
s8W-!<E3$!z!**$!s8W-!s8W-!s5W/"EcQ1@*?A-[<WE+!s8W-!s8W-!s8W-!s8W-!s8W-!
s8W-!s8W-!s8W-!s8W-!NfK,"!!$#!<WE+!s8W-!s8W-!s8W-!s8W-!s8W-!s8W-!s8W-!s8W-!
s8W-!s8W-!s8W-!s8W-!s8W-!s8W-!s5W/"EcQ3#WiH+!s8W-!s8W-!s8W-!s8W-!s8W-!s8W-!
s8W-!s8W-!s8W-!s8W-!s8W-!s8W-!s8W-!j5]2"s8W-!s8W-!s8W-!s8W-!s8W-!s8W-!s8W-!
s8W-!s8W-!s8W-!s8W-!s8W-!s8W-!s8W-!s8W-!s8W-!s&E'!!!!"!<E9)!s8W-!s8W-!s8W-!
s8W-!s8W-!s8W-!s5W/"s8W-!s8W-!s8W-!s8W-!s8W-!s8W-!s8W-!s8S+>NW9%Z!!!"ZNfO/>
s8W-!s8W-!s8W-!s8W-!s8W,!WiE)!WrN,!s8W-!s8W-!s8W-!s8W-!s8W-!s8W-!s8W-!s8Q)!
<<*"!NfK/"s8W-!s8W-!s8W-!s8U-[a&Q,>*??0@a2e5[s8W-!s8W-!s8W-!s8W-!s8W-!s8W-!
s8W-!s8W,Zj5[/>WrN,!s8W-!s8W-!s8W-!j5]/?*?>+[!**$!s8W-!s8W-!s8W-!s8W-!s8W-!
s8W-!s8W-!s8W-!s8W-!s8W-!s8W-!s8W-!s8W-!s8V->j&K)Z!!!!>*?D/[WrN,!s8W-!s8W-!
s8W-!s8W-!s8W-!s8W-!s8W-!s8W-!s8W-!s8W-!s8W-!s8W-!<E3$!!!"#[*TQ2?s8W-!s8W-!
s8W-!s8W-!s8W-!s8W-!s8W-!s8W-!s8W-!s8W-!s8W-!s8W-!s8W,>a2`4@EW?(>*??0#WiH+!
s8W-!s8W-!s8W-!s8W-!s8W-!s8W-!s8W-!s8W-!s8W-!s8W-!a2c6\j5^1>s/N*!*??.#z!-3+#
s8W-!s8W-!s8W-!s8W-!s8W-!s8W-!s8W-!s8W-!s8W-!s8W-!s8W-!s&E'!zzz!!!#!WiH+!
s8W-!s8W-!s8W-!s8W-!s8W-!s8W-!s8W-!s8W-!s8W-!s8W-!s8W-!s8Q)!<<*"!z!!##>
3HB.\s8W-!s8W-!s8W-!s8W-!s8W-!s8W-!s8W-!s8W-!s8W-!s8W-!s8W-!s8W-!s8W,>a2_1[
<E3%!WiE)Zj5^1>s8W-!s8W-!s8W-!s8W-!s8W-!s8W-!s8W-!s8W-!s8W-!s8W-!s8W-!s8W-!
s8W-!s8W-!s8W-!s8W-!s8W-!s8W-!s8W-!s8W-!s8W-!s8W-!s8W-!s8W-!s8W-!s8W-!s8W-!
s8W-!s8W-!s8W-!s8W-!s8W-!s8W-!s8W-!s8W-!s8W-!s8W-!s8W-!s8W-!s8W-!s8W-!s8W-!
s8W-!s8W*!
EndImage
Fore
228 18 m 25
 300.54 29.7002 346.304 19.4309 414 48 c 24
 477.817 74.9316 502.077 111.31 555 156 c 24
 607.498 200.332 633.27 229.654 684 276 c 24
 728.045 316.239 753.54 338.22 798 378 c 25
 760.56 311.31 746.688 269.067 702 207 c 24
 661.852 151.238 632.991 124.057 582 78 c 24
 523.82 25.4502 485.053 2.91411 423 -45 c 24
 392.623 -68.4561 383.061 -100.066 345 -105 c 24
 309.181 -109.644 285.893 -92.17 261 -66 c 24
 236.741 -40.4971 240.87 -14.7598 228 18 c 25
678 708 m 25
 728.31 697.47 768.213 714.728 807 681 c 24
 834.497 657.089 830.354 621.493 816 588 c 24
 807.502 568.171 779.507 563.395 762 576 c 24
 740.079 591.783 755.502 619.211 741 642 c 24
 721.896 672.021 702.57 682.26 678 708 c 25
567 627 m 25
 603.27 619.98 629.262 629.492 660 609 c 24
 690.241 588.839 704.416 566.744 711 531 c 24
 714.311 513.026 699.23 496.302 681 495 c 24
 656.97 493.283 644.035 507.965 627 525 c 24
 613.306 538.694 615.819 553.307 606 570 c 24
 592.343 593.217 582.21 604.77 567 627 c 25
228 372 m 25
 265.44 359.13 291.923 362.205 324 339 c 24
 350.03 320.17 369 302.127 369 270 c 24
 369 240.75 351.158 220.863 324 210 c 24
 305.532 202.613 289.923 217.378 279 234 c 24
 260.906 261.534 266.421 284.095 255 315 c 24
 246.474 338.072 238.53 349.77 228 372 c 25
261 612 m 25
 298.44 600.3 326.591 606.777 357 582 c 24
 393.732 552.071 415.514 526.787 423 480 c 24
 426.93 455.438 405.862 432.777 381 432 c 24
 353.6 431.144 342.375 454.304 327 477 c 24
 316.318 492.769 326.365 507.889 318 525 c 24
 300.184 561.441 283.23 578.07 261 612 c 25
EndSplineSet
EndChar
