Width: 1000
Flags: H
TeX: 117 0 0 0
Back
Image: 23 23 2 69 0 ffffffff 0 800 43.4783 43.4783 0
s8W-!s8W-!s8W-!s8W-!s8W-!s8W-!s8W,Zj5]1[j8]/Zs8W-!s8W-!s8W-!s8W-!s8W-!s8W-!
s8W-!s8W-!s8W-!s8W-!s8W-!s8W-!s8W-!s8W-!s8W-!<E3$>*?C0#NrT.Zs8W-!s8W-!s8W-!
s8W-!s8W-!s8W-!s8W-!s8W-!s8W-!s8W-!s8W-!s8W-!s8W-!s8W-!s2W1#3B9)"!!'%!WrN,!
s8W-!s8W-!s8W-!s8W-!s8W-!s8W-!s8W-!s8W-!s8W-!s8W-!s8W-!s8W-!s8W-!s8W-!s/N*!
!!!"!<E9)!s8W-!s8W-!s8W-!s8W-!s8W-!s8W-!s8W-!s8W-!s8W-!s8W-!s8W-!s8W-!s8W-!
s8W-!s8P)>3<0$ZEcQ4#s8W-!s8W-!s8W-!s8W-!s8W-!s8W-!s8W-!s8W-!s8W-!s8W-!s8W-!
s8W-!s8W-!s8W-!s8W*!!!"#[*TQ2?s8W-!s8W-!s8W-!s8W-!s8W-!s8W-!s8W-!s8W-!s8W-!
s8W-!s8W-!s8W-!s8W-!s8V->j/T,Z!!!"!<E9)!s8W-!s8W-!s8W-!s8W-!s8W-!s8W-!s8W-!
s8W-!s8W-!s8W-!s8W-!s8W-!s8W-!<E3$!zz3B9+?a2e5[s8W-!s8W-!s8W-!s8W-!s8W-!
s8W-!s8W-!s8W-!s8W-!s8W-!s8W-!s8W-!s/N*!*??.#zz<E3'!s8W-!s8W-!s8W-!s8W-!
s8W-!s8W-!s8W-!s8W-!s8W-!s8W-!s8W-!s8W-!s8W-!s2W1#3B9)"z!**$!s8W-!s8W-!
s8W-!s8W-!s8W-!s8W-!s8W-!s8W-!s8W-!s8W-!s8W-!s8W-!s8W-!s8V->j#K+[<E3%!<E1%[
*KH/?s8W-!s8W-!s8W-!s8W-!s8W-!s8W-!s8W-!s8W-!s8W-!s8W-!s8W-!s8W-!j5]0"<E0#!
!<<*!s8W+>EcO0#3QK1\s8W-!s8W-!s8W-!s8W-!s8W-!s8W-!s8W-!s8W-!s8W-!s8W-!s8W-!
s)N.#z!!*'!s2W1#WiE(!<E1%[*KH/?j5]2"s8W-!s8W-!s8W-!s8W-!s8W-!s8W-!s8W-!
s8W-!s8W-!s8S+>NW9%ZzzzNfK-"<E0#!!-3+#s8W-!s8W-!s8W-!s8W-!s8W-!s8W-!s8W-!
s8W-!s8W-!s8W,Zj5W-[3<0$Z<E3%!<E4'[EoZ3?j5]/"!!##>3TK/[s8W-!s8W-!s8W-!s8W-!
s8W-!s8W-!s8W-!s8W-!s8W-!s8W+!<E2%>3WK-Zs8W-!s8W-!s8W-!3B9)"!!"#[*WQ0>s8W-!
s8W-!s8W-!s8W-!s8W-!s8W-!s8W-!s8W-!s8W-!<E3$>*?G1[s8W-!s8W-!s8W-!s/N*!z!!*'!
s8W-!s8W-!s8W-!s8W-!s8W-!s8W-!s8W-!s8W-!s8W-!s,N,"*??0@a2e5[s8W-!s8W-!s8T+!
WW3#!!!!$!s8W-!s8W-!s8W-!s8W-!s8W-!s8W-!s8W-!s8W-!s8W-!s8W-!s&E'!!!!"!<E9)!
s8W-!WiE'!zzs8W-!s8W-!s8W-!s8W-!s8W-!s8W-!s8W-!s8W-!s8W-!s8W-!s8S+>NW9%Z
!!!"!<E3%!<?3)#z!!%%[ErZ1>s8W-!s8W-!s8W-!s8W-!s8W-!s8W-!s8W-!s8W-!s8W-!
s8W,Zj5U+>zzzz*??0@a2e5[s8W-!s8W-!s8W-!s8W-!s8W-!s8W-!s8W-!s8W-!s8W-!s8W-!
s8W-!s8W-!s2W1#WiE)>a2e5[s8W-!s8W-!s8W-!s8W-!s8W-!s8W-!s8W-!s8W-!s8W-!s8W-!
s8W-!s8W-!s8W-!s8W-!s8W-!s8W-!s8W-!s8W-!s8W-!s8W-!s8W-!s8W-!s8W*!
EndImage
Fore
297 279 m 25
 319.23 270.81 331.154 264.271 354 258 c 24
 390.958 247.854 411.895 241.104 450 237 c 24
 488.388 232.866 515.034 255.36 549 237 c 24
 569.993 225.652 576.048 195.521 561 177 c 24
 537.161 147.66 508.549 145.381 471 141 c 24
 435.655 136.877 413.865 142.358 381 156 c 24
 350.094 168.829 330.872 179.366 312 207 c 24
 295.824 230.687 302.85 250.92 297 279 c 25
318 498 m 25
 348.42 493.32 365.501 490.135 396 486 c 24
 434.54 480.774 458.346 487.006 495 474 c 24
 532.636 460.646 569.372 457.885 582 420 c 24
 590.314 395.057 551.277 384.922 525 384 c 24
 479.055 382.388 455.127 401.101 411 414 c 24
 379.039 423.343 354.711 418.68 330 441 c 24
 313.142 456.228 322.68 475.77 318 498 c 25
399 771 m 25
 437.61 755.79 467.409 760.041 498 732 c 24
 527.702 704.773 538.359 679.024 543 639 c 24
 548.207 594.093 534.491 568.448 522 525 c 24
 507.471 474.462 492.206 448.332 474 399 c 24
 455.935 350.047 437.497 324.483 429 273 c 24
 417.371 202.545 413.664 160.796 423 90 c 24
 428.063 51.5986 442.298 31.3828 465 0 c 24
 483 -24.8828 494.863 -45.0907 525 -51 c 24
 561.488 -58.1543 585.608 -48.2572 618 -30 c 24
 652.595 -10.501 676.429 4.67964 690 42 c 24
 702.498 76.3691 690.895 100.779 678 135 c 24
 659.885 183.074 639.122 205.369 612 249 c 24
 585.275 291.992 568.08 314.88 540 357 c 25
 573.93 327.75 593.73 311.998 627 282 c 24
 665.115 247.634 691.264 232.331 723 192 c 24
 748.24 159.924 763.104 139.044 771 99 c 24
 780.065 53.0264 780.233 23.3132 765 -21 c 24
 753.117 -55.5664 735.747 -73.2341 705 -93 c 24
 667.653 -117.009 640.776 -121.592 597 -129 c 24
 563.525 -134.665 542.035 -137.24 510 -126 c 24
 472.643 -112.893 451.168 -99.561 426 -69 c 24
 400.021 -37.4541 397.632 -11.5259 384 27 c 24
 370.65 64.7275 361.083 86.1883 357 126 c 24
 351.627 178.388 351.102 209.094 360 261 c 24
 365.399 292.497 383.341 305.538 393 336 c 24
 413.843 401.735 426.466 439.01 438 507 c 24
 448.791 570.611 459.429 608.173 450 672 c 24
 443.652 714.966 418.89 732.39 399 771 c 25
EndSplineSet
EndChar
