Width: 1000
Flags: H
TeX: 117 0
LayerCount: 2
Fore
SplineSet
363 301 m 1
 471 301 l 1
 471 251 l 1
 363 251 l 1
 363 301 l 1
441 441 m 25
 484 421 520 425 552 390 c 24
 566 375 539 361 531 342 c 25
 531 279 l 17
 523 250 517 228 486 225 c 1
 462 227 451 251 441 279 c 9
 441 441 l 25
699 310 m 1
 849 310 l 1
 849 260 l 1
 699 260 l 1
 699 310 l 1
684 441 m 25
 727.29 421.11 762.953 425.251 795 390 c 24
 808.745 374.881 782.19 360.72 774 342 c 25
 774 270 l 17
 766 241 760 219 729 216 c 1
 705 218 694 242 684 270 c 9
 684 441 l 25
744 47 m 1
 867 47 l 1
 867 -3 l 1
 744 -3 l 1
 744 47 l 1
693 84 m 25
 736.29 64.1104 771.953 68.2512 804 33 c 24
 817.745 17.8809 791.19 3.71973 783 -15 c 25
 783 -114 l 17
 775 -143 769 -165 738 -168 c 1
 714 -166 703 -142 693 -114 c 9
 693 84 l 25
363 48 m 25
 432 48 l 25
 448.38 60.8701 453.89 86.435 474 81 c 24
 509.178 71.4922 526.287 50.3809 543 18 c 24
 549.55 5.30859 530.19 -0.299805 522 -12 c 25
 522 -114 l 17
 514 -143 508 -165 477 -168 c 1
 453 -166 442 -142 432 -114 c 9
 432 -2 l 25
 363 -2 l 25
 363 48 l 25
363 188 m 1
 870 188 l 1
 870 138 l 1
 363 138 l 1
 363 188 l 1
819 438 m 25
 862.29 418.11 897.953 422.251 930 387 c 24
 943.745 371.881 917.19 357.72 909 339 c 25
 909 -111 l 17
 901 -140 895 -162 864 -165 c 1
 840 -163 829 -139 819 -111 c 9
 819 438 l 25
321 66 m 25
 321 435 l 25
 364.29 415.11 399.953 419.251 432 384 c 24
 445.745 368.881 419.19 354.72 411 336 c 25
 411 117 l 25
 406.32 71.3701 413.189 43.6192 399 0 c 24
 381.03 -55.2402 370.717 -90.5691 330 -132 c 24
 299.846 -162.684 267.78 -157.62 228 -174 c 25
 254.91 -131.88 278.94 -112.605 297 -66 c 24
 315.906 -17.2109 311.64 14.5195 321 66 c 25
354 491 m 1
 819 491 l 1
 819 441 l 1
 354 441 l 1
 354 491 l 1
309 588 m 25
 864 588 l 25
 864 588 881 624 906 633 c 1
 932 629 941 600 972 567 c 1
 980 549 963 538 945 538 c 9
 309 538 l 25
 309 588 l 25
558 789 m 25
 601 769 637 773 669 738 c 24
 683 723 656 709 648 690 c 25
 648 -135 l 17
 640 -164 634 -186 603 -189 c 1
 579 -187 568 -163 558 -135 c 9
 558 789 l 25
342 684 m 25
 762 684 l 25
 778.38 696.87 783.891 722.435 804 717 c 24
 839.178 707.492 856.287 686.381 873 654 c 24
 879.55 641.309 860.19 635.7 852 624 c 25
 852 480 l 17
 844 451 838 429 807 426 c 1
 783 428 772 452 762 480 c 9
 762 634 l 25
 342 634 l 25
 342 684 l 25
96 228 m 1
 246 228 l 1
 246 178 l 1
 96 178 l 1
 96 228 l 1
96 635 m 25
 201 635 l 25
 217 648 223 673 243 668 c 24
 278 658 295 637 312 605 c 24
 319 592 299 587 291 575 c 25
 291 179 l 17
 283 150 277 128 246 125 c 1
 222 127 211 151 201 179 c 9
 201 585 l 25
 96 585 l 25
 96 635 l 25
54 677 m 25
 97.29 657.11 132.953 661.251 165 626 c 24
 178.745 610.881 152.19 596.72 144 578 c 25
 144 101 l 17
 136 72 130 50 99 47 c 1
 75 49 64 73 54 101 c 9
 54 677 l 25
EndSplineSet
EndChar
