Width: 1000
Flags: H
TeX: 117 0
LayerCount: 2
Fore
SplineSet
855 309 m 25
 891 281 922 275 948 237 c 24
 971 204 981 178 975 138 c 24
 971 114 951 100 927 99 c 24
 908 98 901 117 894 135 c 24
 884 161 891 179 885 207 c 24
 876 247 867 269 855 309 c 25
786 -66 m 25
 786 432 l 25
 876 432 l 25
 876 -102 l 17
 867 -126 852 -154 822 -156 c 24
 796 -158 794 -125 774 -108 c 24
 753 -90 739 -82 717 -66 c 25
 786 -66 l 25
609 324 m 25
 642 306 666 305 693 279 c 24
 701 271 688 263 684 252 c 25
 662 208 658 177 627 138 c 24
 601 106 576 100 543 75 c 25
 559 116 574 137 585 180 c 24
 600 235 600 268 609 324 c 25
660 99 m 9
 660 432 l 25
 750 432 l 25
 750 93 l 17
 747 51 738 27 720 -12 c 24
 704 -47 695 -68 666 -93 c 24
 634 -121 607 -124 570 -144 c 25
 593 -101 613 -79 630 -33 c 24
 648 17 660 51 660 99 c 9
510 336 m 25
 537 317 558 313 579 288 c 24
 600 262 610 243 612 210 c 24
 613 190 606 173 588 165 c 24
 572 158 555 167 546 183 c 24
 527 217 534 242 525 279 c 24
 520 301 516 314 510 336 c 25
441 -60 m 25
 441 429 l 25
 531 429 l 25
 531 -96 l 17
 522 -120 501 -156 468 -156 c 0
 445 -156 451 -124 435 -108 c 24
 414 -86 398 -79 375 -60 c 25
 441 -60 l 25
264 336 m 25
 299 322 324 323 354 300 c 24
 363 293 350 282 348 270 c 25
 333 228 329 202 309 162 c 24
 288 121 272 99 243 63 c 24
 230 46 217 41 201 27 c 25
 216 89 227 123 240 186 c 24
 252 244 255 278 264 336 c 25
330 138 m 25
 330 429 l 25
 420 429 l 25
 420 156 l 17
 420 105 405 64 378 12 c 24
 355 -34 334 -57 294 -90 c 24
 255 -122 231 -132 180 -150 c 9
 210 -111 231 -92 258 -51 c 24
 284 -12 298 10 315 54 c 24
 327 85 324 105 330 138 c 25
600 468 m 25
 892 468 l 25
 892 468 914 499 938 508 c 1
 957 501 981 473 1000 447 c 1
 1008 429 992 418 974 418 c 9
 600 418 l 25
 600 468 l 25
714 432 m 25
 714 759 l 25
 757 739 793 743 825 708 c 24
 839 693 812 679 804 660 c 25
 804 432 l 25
 714 432 l 25
606 618 m 25
 813 618 l 25
 813 618 835 649 859 658 c 1
 878 651 902 623 921 597 c 1
 929 579 913 568 895 568 c 9
 606 568 l 25
 606 618 l 25
249 462 m 25
 516 462 l 25
 516 462 538 493 562 502 c 1
 581 495 605 467 624 441 c 1
 632 423 616 412 598 412 c 9
 249 412 l 25
 249 462 l 25
390 420 m 25
 390 756 l 25
 433 736 469 740 501 705 c 24
 515 690 488 676 480 657 c 25
 480 420 l 25
 390 420 l 25
291 618 m 25
 486 618 l 25
 486 618 508 649 532 658 c 1
 551 651 575 623 594 597 c 1
 602 579 586 568 568 568 c 9
 291 568 l 25
 291 618 l 25
66 249 m 1
 234 249 l 1
 234 199 l 1
 66 199 l 1
 66 249 l 1
54 611 m 25
 168 611 l 25
 184 624 190 649 210 644 c 24
 245 634 262 613 279 581 c 24
 286 568 266 563 258 551 c 25
 258 197 l 17
 250 168 244 146 213 143 c 1
 189 145 178 169 168 197 c 9
 168 561 l 25
 54 561 l 25
 54 611 l 25
21 642 m 25
 64 622 100 626 132 591 c 24
 146 576 119 562 111 543 c 25
 111 119 l 17
 103 90 97 68 66 65 c 1
 42 67 31 91 21 119 c 9
 21 642 l 25
EndSplineSet
EndChar
