Width: 1000
Flags: HW
LayerCount: 2
Fore
SplineSet
66 251 m 1
 228 251 l 1
 228 201 l 1
 66 201 l 1
 66 251 l 1
69 660 m 25
 195 660 l 25
 211 673 217 698 237 693 c 24
 272 683 289 662 306 630 c 24
 313 617 293 612 285 600 c 25
 285 207 l 17
 277 178 271 156 240 153 c 1
 216 155 205 179 195 207 c 9
 195 610 l 25
 69 610 l 25
 69 660 l 25
48 693 m 25
 91 673 127 677 159 642 c 24
 173 627 146 613 138 594 c 25
 138 174 l 17
 130 145 124 123 93 120 c 1
 69 122 58 146 48 174 c 9
 48 693 l 25
729 -45 m 24
 711.586 -33.3906 699.72 -30.3604 681 -21 c 25
 681 24 l 25
 725.46 9.95996 754.035 10.2635 795 -12 c 24
 810.691 -20.5283 822.503 -33.4872 819 -51 c 24
 814.94 -71.2979 800.653 -88.3769 780 -87 c 24
 754.29 -85.2861 750.439 -59.293 729 -45 c 24
669 75 m 25
 698.25 58.6201 724.412 60.2061 744 33 c 24
 752.913 20.6201 731.19 12.8701 723 0 c 25
 699.6 -26.9102 691.84 -48.0254 663 -69 c 24
 638.746 -86.6387 619.08 -85.4697 591 -96 c 25
 607.38 -66.75 619.087 -51.501 633 -21 c 24
 649.595 15.3799 654.96 37.5596 669 75 c 25
495 -18 m 25
 495 24 l 17
 513 18 541.786 20.8994 563 3 c 24
 582.736 -13.6523 593.538 -31.3027 591 -57 c 24
 589.402 -73.1758 570.059 -84.1172 555 -78 c 24
 524.341 -65.5449 518.4 -41.4004 495 -18 c 25
486 78 m 25
 515.25 67.4697 536.13 69.6525 561 51 c 24
 568.311 45.5176 551.85 40.0195 546 33 c 25
 533.13 6.08984 528.423 -17.4923 513 -36 c 0
 498 -54 487.383 -62.2072 468 -75 c 24
 448.057 -88.1621 434.45 -91.4697 413 -102 c 25
 427.43 -69.2402 436.547 -51.1727 450 -18 c 24
 465.027 19.0547 471.96 40.5596 486 78 c 25
699 198 m 25
 736.05 181.62 760.635 178.973 794 156 c 24
 810.039 144.957 818.083 133.253 821 114 c 24
 822.719 102.659 814.716 94.0915 804 90 c 24
 790.111 84.6973 779.411 86.586 766 93 c 24
 750.822 100.259 747.774 112.051 735 123 c 24
 717.703 137.825 706.94 144.96 689 159 c 25
 699 198 l 25
671 231 m 25
 702.98 221.64 725.339 225.579 753 207 c 24
 761.355 201.389 743.85 194.19 738 186 c 25
 713.43 157.92 705.208 135.901 675 114 c 24
 656.39 100.508 640.23 104.85 618 99 c 25
 632.04 130.59 641.119 147.92 654 180 c 24
 661.812 199.456 664.37 211.11 671 231 c 25
474 204 m 25
 511.83 189.96 538.619 192.078 571 168 c 24
 588.145 155.252 593.717 138.191 591 117 c 24
 588.998 101.387 576.435 86.9129 561 90 c 24
 537.46 94.708 535.347 117.786 516 132 c 24
 496.859 146.062 483.67 150.3 463 162 c 25
 474 204 l 25
450 237 m 25
 480.42 222.96 502.473 222.698 528 201 c 24
 534.963 195.082 517.02 191.85 510 186 c 25
 492.45 162.6 487.786 144.34 465 126 c 24
 438.505 104.675 417.42 102.21 387 87 c 25
 450 237 l 25
353 106 m 1
 894 106 l 1
 894 56 l 1
 353 56 l 1
 353 106 l 1
345 -101 m 1
 891 -101 l 1
 891 -151 l 1
 345 -151 l 1
 345 -101 l 1
914 231 m 25
 914 -129 l 17
 906 -158 900 -180 869 -183 c 1
 845 -181 834 -157 824 -129 c 9
 824 231 l 25
 914 231 l 25
378 228 m 25
 378 -126 l 17
 370 -155 364 -177 333 -180 c 1
 309 -178 298 -154 288 -126 c 9
 288 228 l 25
 378 228 l 25
636 363 m 25
 806 363 l 25
 806 363 829 399 854 408 c 1
 880 404 868 375 899 342 c 1
 907 324 890 313 872 313 c 9
 636 313 l 25
 636 363 l 25
611 231 m 25
 611 450 l 25
 654 430 690 434 722 399 c 24
 736 384 709 370 701 351 c 25
 701 231 l 25
 611 231 l 25
702 663 m 25
 786 663 l 25
 772.35 611.52 774.025 579.024 751 531 c 24
 732.172 491.731 715.006 471.205 681 444 c 24
 654.646 422.916 632.2 423.87 601 411 c 25
 624.01 449.61 643.279 468.279 660 510 c 24
 683.02 567.436 685.62 603.33 702 663 c 25
851 480 m 25
 851 637 l 25
 638 637 l 25
 638 687 l 25
 851 687 l 25
 867.38 699.87 872.891 725.435 893 720 c 24
 928.178 710.492 945.287 689.381 962 657 c 24
 968.55 644.309 949.19 638.7 941 627 c 25
 941 480 l 17
 927 450 926.033 424.254 897 411 c 24
 877.461 402.08 867.46 427.02 849 438 c 24
 822.21 453.936 807.52 463.62 781 480 c 25
 851 480 l 25
240 261 m 25
 827 261 l 25
 856 289 865 321 890 330 c 1
 916 326 958 273 989 240 c 1
 997 222 980 211 962 211 c 9
 240 211 l 25
 240 261 l 25
436 222 m 25
 436 399 l 25
 479 379 515 383 547 348 c 24
 561 333 534 319 526 300 c 25
 526 222 l 25
 436 222 l 25
327 396 m 24
 319.379 394.126 312.894 380.186 309 387 c 24
 290.092 420.089 290.7 443.73 279 480 c 25
 618 489 l 25
 578.22 471.45 556.575 459.623 516 444 c 24
 483.541 431.502 464.712 425.562 431 417 c 24
 390.895 406.814 367.182 405.881 327 396 c 24
399 462 m 25
 399 780 l 25
 442.29 760.11 477.953 764.251 510 729 c 24
 523.745 713.881 497.19 699.72 489 681 c 25
 489 462 l 25
 399 462 l 25
323 591 m 25
 510 591 l 25
 510 591 533 627 558 636 c 1
 584 632 572 603 603 570 c 1
 611 552 594 541 576 541 c 9
 323 541 l 25
 323 591 l 25
275 690 m 25
 545 690 l 25
 545 690 568 726 593 735 c 1
 619 731 607 702 638 669 c 1
 646 651 629 640 611 640 c 9
 275 640 l 25
 275 690 l 25
EndSplineSet
EndChar
