Width: 1000
Flags: H
TeX: 117 0
LayerCount: 2
Fore
SplineSet
555 -73 m 1
 834 -73 l 1
 834 -123 l 1
 555 -123 l 1
 555 -73 l 1
552 131 m 25
 771 131 l 25
 787.38 143.87 792.891 169.435 813 164 c 24
 848.178 154.492 865.287 133.381 882 101 c 24
 888.55 88.3086 869.19 82.7002 861 71 c 25
 861 -111 l 17
 853 -140 847 -162 816 -165 c 1
 792 -163 781 -139 771 -111 c 9
 771 81 l 25
 552 81 l 25
 552 131 l 25
522 170 m 25
 565.29 150.11 600.953 154.251 633 119 c 24
 646.745 103.881 620.19 89.7197 612 71 c 25
 612 -105 l 17
 604 -134 598 -156 567 -159 c 1
 543 -157 532 -133 522 -105 c 9
 522 170 l 25
189 -68 m 1
 405 -68 l 1
 405 -118 l 1
 189 -118 l 1
 189 -68 l 1
189 135 m 25
 366 135 l 25
 382.38 147.87 387.89 173.435 408 168 c 24
 443.178 158.492 460.287 137.381 477 105 c 24
 483.55 92.3086 464.19 86.7002 456 75 c 25
 456 -99 l 17
 448 -128 442 -150 411 -153 c 1
 387 -151 376 -127 366 -99 c 9
 366 85 l 25
 189 85 l 25
 189 135 l 25
144 171 m 25
 187.29 151.11 222.953 155.251 255 120 c 24
 268.745 104.881 242.19 90.7197 234 72 c 25
 234 -135 l 17
 226 -164 220 -186 189 -189 c 1
 165 -187 154 -163 144 -135 c 9
 144 171 l 25
465 378 m 1
 555 378 l 1
 555 219 l 1
 465 219 l 1
 465 378 l 1
39 267 m 25
 804 267 l 25
 833 295 842 327 867 336 c 1
 893 332 935 279 966 246 c 1
 974 228 957 217 939 217 c 9
 39 217 l 25
 39 267 l 25
159 423 m 25
 759 423 l 25
 788 451 797 483 822 492 c 1
 848 488 890 435 921 402 c 1
 929 384 912 373 894 373 c 9
 159 373 l 25
 159 423 l 25
576 568 m 1
 825 568 l 1
 825 518 l 1
 576 518 l 1
 576 568 l 1
579 723 m 25
 771 723 l 25
 787 736 793 761 813 756 c 24
 848 746 865 725 882 693 c 24
 889 680 869 675 861 663 c 25
 861 534 l 17
 853 505 847 483 816 480 c 1
 792 482 781 506 771 534 c 9
 771 673 l 25
 579 673 l 25
 579 723 l 25
540 762 m 25
 583.29 742.11 618.953 746.251 651 711 c 24
 664.745 695.881 638.19 681.72 630 663 c 25
 630 525 l 17
 622 496 616 474 585 471 c 1
 561 473 550 497 540 525 c 9
 540 762 l 25
192 568 m 1
 444 568 l 1
 444 518 l 1
 192 518 l 1
 192 568 l 1
195 726 m 25
 381 726 l 25
 397.38 738.87 402.89 764.435 423 759 c 24
 458.178 749.492 475.287 728.381 492 696 c 24
 498.55 683.309 479.19 677.7 471 666 c 25
 471 519 l 17
 463 490 457 468 426 465 c 1
 402 467 391 491 381 519 c 9
 381 676 l 25
 195 676 l 25
 195 726 l 25
153 762 m 25
 196.29 742.11 231.953 746.251 264 711 c 24
 277.745 695.881 251.19 681.72 243 663 c 25
 243 522 l 17
 235 493 229 471 198 468 c 1
 174 470 163 494 153 522 c 9
 153 762 l 25
EndSplineSet
EndChar
