Width: 1000
Flags: HW
LayerCount: 2
Fore
SplineSet
657 249 m 25
 729 249 l 25
 754 190 755 151 792 99 c 24
 817 63 847 59 882 33 c 25
 860 20 844 17 825 0 c 24
 807 -15 807 -63 789 -48 c 24
 738 -3 733 43 705 105 c 24
 681 159 676 193 657 249 c 25
636 216 m 25
 616 172 611 143 585 102 c 24
 560 64 544 42 507 15 c 24
 465 -16 434 -22 387 -45 c 25
 421 3 442 29 474 78 c 24
 499 117 514 138 534 180 c 24
 549 211 552 231 564 264 c 25
 636 264 l 25
 636 216 l 25
672 261 m 25
 696.57 324.18 711.484 359.42 735 423 c 24
 743.087 444.864 745.98 457.77 753 480 c 25
 785.76 463.62 814.514 466.911 837 438 c 24
 847.605 424.364 824.19 414.21 816 399 c 25
 793.77 365.07 788.286 340.066 759 312 c 24
 730.604 284.787 705.93 280.89 672 261 c 25
450 495 m 25
 479 481 502 482 525 459 c 24
 551 433 561 411 570 375 c 24
 577 345 579 323 564 297 c 24
 556 284 538 289 525 297 c 24
 507 307 500 320 492 339 c 24
 485 358 494 371 489 390 c 24
 478 432 465 454 450 495 c 25
593 501 m 25
 636 481 672 485 704 450 c 24
 718 435 691 421 683 402 c 25
 683 -48 l 17
 675 -77 669 -99 638 -102 c 1
 614 -100 603 -76 593 -48 c 9
 593 501 l 25
840 513 m 25
 883 493 919 497 951 462 c 24
 965 447 938 433 930 414 c 25
 930 -108 l 17
 922 -137 916 -159 885 -162 c 1
 861 -160 850 -136 840 -108 c 9
 840 513 l 25
384 287 m 1
 891 287 l 1
 891 237 l 1
 384 237 l 1
 384 287 l 1
375 -76 m 1
 897 -76 l 1
 897 -126 l 1
 375 -126 l 1
 375 -76 l 1
627 681 m 25
 804 681 l 25
 804 681 827 717 852 726 c 1
 878 722 866 693 897 660 c 1
 905 642 888 631 870 631 c 9
 627 631 l 25
 627 681 l 25
405 534 m 25
 405 750 l 25
 448.29 730.11 483.953 734.251 516 699 c 24
 529.745 683.881 503.19 669.72 495 651 c 25
 495 534 l 25
 405 534 l 25
306 555 m 25
 810 555 l 25
 810 555 848 615 873 624 c 1
 899 620 941 567 972 534 c 1
 980 516 963 505 945 505 c 9
 306 505 l 25
 306 555 l 25
333 510 m 25
 376 490 412 494 444 459 c 24
 458 444 431 430 423 411 c 25
 423 -129 l 17
 415 -158 409 -180 378 -183 c 1
 354 -181 343 -157 333 -129 c 9
 333 510 l 25
588 537 m 25
 588 798 l 25
 631.29 778.11 666.953 782.251 699 747 c 24
 712.745 731.881 686.19 717.72 678 699 c 25
 678 537 l 25
 588 537 l 25
75 195 m 1
 267 195 l 1
 267 145 l 1
 75 145 l 1
 75 195 l 1
66 649 m 25
 210 649 l 25
 226 662 232 687 252 682 c 24
 287 672 304 651 321 619 c 24
 328 606 308 601 300 589 c 25
 300 121 l 17
 292 92 286 70 255 67 c 1
 231 69 220 93 210 121 c 9
 210 599 l 25
 66 599 l 25
 66 649 l 25
30 688 m 25
 73 668 109 672 141 637 c 24
 155 622 128 608 120 589 c 25
 120 73 l 17
 112 44 106 22 75 19 c 1
 51 21 40 45 30 73 c 9
 30 688 l 25
EndSplineSet
EndChar
