Width: 1000
Flags: HW
LayerCount: 2
Fore
SplineSet
64 201 m 1
 212 201 l 1
 212 151 l 1
 64 151 l 1
 64 201 l 1
69 616 m 25
 183 616 l 25
 199 629 205 654 225 649 c 24
 260 639 277 618 294 586 c 24
 301 573 281 568 273 556 c 25
 273 286 l 2
 273 265 286 181 280 148 c 0
 272 106 237 94 217 94 c 0
 197 94 179 101 178 123 c 0
 177 143 183 235 183 271 c 2
 183 566 l 25
 69 566 l 25
 69 616 l 25
30 655 m 25
 30 655 109 639 141 604 c 24
 155 589 128 575 120 556 c 25
 120 240 l 2
 120 219 129 135 123 102 c 0
 115 60 80 48 60 48 c 0
 40 48 22 55 21 77 c 0
 20 97 30 189 30 225 c 2
 30 655 l 25
899 741 m 25
 925 701 953 685 966 639 c 24
 970 625 944 634 930 630 c 25
 703 588 l 25
 689 624 l 25
 899 741 l 25
486 618 m 9
 576 618 l 17
 568 573 562 548 549 504 c 24
 538 466 530 444 513 408 c 9
 464 408 l 17
 475 446 482 481 485 525 c 0
 487 553 489 585 486 618 c 9
315 624 m 1
 352 600 379 582 406 543 c 24
 427 512 435 489 435 452 c 24
 435 435 422 426 407 417 c 24
 397 411 388 413 378 418 c 24
 367 424 362 432 358 444 c 24
 348 477 351 498 343 531 c 24
 334 568 328 586 315 624 c 1
882 435 m 25
 882 31 l 2
 882 10 895 -74 889 -107 c 0
 881 -149 846 -161 826 -161 c 0
 806 -161 788 -154 787 -132 c 0
 786 -112 792 -20 792 16 c 2
 792 435 l 25
 882 435 l 25
703 468 m 25
 886 468 l 25
 886 468 908 499 932 508 c 1
 951 501 975 473 994 447 c 1
 1002 429 986 418 968 418 c 9
 703 418 l 25
 703 468 l 25
633 342 m 10
 633 675 l 25
 633 675 712 659 744 624 c 24
 758 609 731 595 723 576 c 25
 723 342 l 26
 723 208 719 102 691 0 c 0
 681 -38 661 -71 628 -105 c 24
 604 -130 585 -136 550 -147 c 1
 584 -87 600 -49 616 30 c 0
 631 105 633 282 633 342 c 10
479 195 m 17
 518 183 539 174 567 147 c 24
 594 122 613 103 616 66 c 24
 618 43 598 18 576 24 c 24
 543 33 539 63 521 93 c 0
 503 123 491 143 469 177 c 9
 479 195 l 17
389 246 m 9
 423 246 l 25
 423 108 l 17
 398 57 373 32 330 -6 c 24
 297 -34 278 -41 232 -57 c 1
 271 -6 287 23 315 78 c 24
 348 142 364 177 389 246 c 9
277 279 m 25
 521 279 l 25
 521 279 543 310 567 319 c 1
 586 312 610 284 629 258 c 1
 637 240 621 229 603 229 c 9
 277 229 l 25
 277 279 l 25
496 396 m 25
 496 30 l 2
 496 9 505 -75 499 -108 c 0
 491 -150 456 -162 436 -162 c 0
 416 -162 398 -155 397 -133 c 0
 396 -113 406 -21 406 15 c 2
 406 396 l 25
 496 396 l 25
258 432 m 25
 540 432 l 25
 540 432 562 463 586 472 c 1
 605 465 629 437 648 411 c 1
 656 393 640 382 622 382 c 9
 258 382 l 25
 258 432 l 25
411 621 m 25
 411 795 l 25
 411 795 490 779 522 744 c 24
 536 729 509 715 501 696 c 25
 501 621 l 25
 411 621 l 25
281 651 m 25
 528 651 l 25
 528 651 550 682 574 691 c 1
 593 684 617 656 636 630 c 1
 644 612 628 601 610 601 c 9
 281 601 l 25
 281 651 l 25
EndSplineSet
EndChar
