Width: 1000
Flags: H
TeX: 117 0
LayerCount: 2
Fore
SplineSet
384 675 m 25
 421.44 653.94 453.307 654.656 480 621 c 24
 490.333 607.972 463.53 600.87 453 588 c 25
 431.94 558.75 425.824 537.073 399 513 c 24
 378.746 494.824 360.57 494.7 336 483 c 25
 348.87 525.12 358.318 548.272 369 591 c 24
 377.071 623.284 378.15 642.24 384 675 c 25
660 126 m 25
 693.93 101.43 721.527 96.257 747 63 c 24
 766.156 37.9902 773.43 16.0313 768 -15 c 24
 764.007 -37.8184 748.715 -52.457 726 -57 c 24
 709.694 -60.2607 699.844 -45.1551 693 -30 c 24
 682.308 -6.32422 689.376 10.5841 684 36 c 24
 676.482 71.54 669.36 90.9004 660 126 c 25
786 -96 m 25
 786 321 l 25
 829.29 301.11 864.953 305.251 897 270 c 24
 910.745 254.881 884.19 240.72 876 222 c 25
 876 -129 l 17
 864 -165 843.703 -188.708 807 -195 c 24
 783.937 -198.954 787.791 -163.298 771 -147 c 24
 747.657 -124.344 730.74 -115.89 705 -96 c 25
 786 -96 l 25
633 219 m 25
 907 219 l 25
 907 219 930 255 955 264 c 1
 981 260 969 231 1000 198 c 1
 1008 180 991 169 973 169 c 9
 633 169 l 25
 633 219 l 25
405 -78 m 25
 558 -78 l 25
 558 -78 581 -42 606 -33 c 1
 632 -37 620 -66 651 -99 c 1
 659 -117 642 -128 624 -128 c 9
 405 -128 l 25
 405 -78 l 25
402 24 m 25
 531 24 l 25
 531 24 554 60 579 69 c 1
 605 65 593 36 624 3 c 1
 632 -15 615 -26 597 -26 c 9
 402 -26 l 25
 402 24 l 25
405 130 m 1
 588 130 l 1
 588 80 l 1
 405 80 l 1
 405 130 l 1
402 210 m 1
 585 210 l 1
 585 160 l 1
 402 160 l 1
 402 210 l 1
411 291 m 25
 546 291 l 25
 562.38 303.87 567.891 329.435 588 324 c 24
 623.178 314.492 640.287 293.381 657 261 c 24
 663.55 248.309 644.19 242.7 636 231 c 25
 636 117 l 17
 628 88 622 66 591 63 c 1
 567 65 556 89 546 117 c 9
 546 241 l 25
 411 241 l 25
 411 291 l 25
378 327 m 25
 421.29 307.11 456.953 311.251 489 276 c 24
 502.745 260.881 476.19 246.72 468 228 c 25
 468 -129 l 17
 460 -158 454 -180 423 -183 c 1
 399 -181 388 -157 378 -129 c 9
 378 327 l 25
675 462 m 1
 765 462 l 1
 765 357 l 1
 675 357 l 1
 675 462 l 1
510 462 m 1
 600 462 l 1
 600 351 l 1
 510 351 l 1
 510 462 l 1
408 380 m 1
 846 380 l 1
 846 330 l 1
 408 330 l 1
 408 380 l 1
390 480 m 25
 813 480 l 25
 829.38 492.87 834.891 518.435 855 513 c 24
 890.178 503.492 907.287 482.381 924 450 c 24
 930.55 437.309 911.19 431.7 903 420 c 25
 903 357 l 17
 895 328 889 306 858 303 c 1
 834 305 823 329 813 357 c 9
 813 430 l 25
 390 430 l 25
 390 480 l 25
375 507 m 25
 418.29 487.11 453.953 491.251 486 456 c 24
 499.745 440.881 473.19 426.72 465 408 c 25
 465 369 l 17
 457 340 451 318 420 315 c 1
 396 317 385 341 375 369 c 9
 375 507 l 25
756 678 m 25
 812.16 654.6 850.395 653.226 900 618 c 24
 934.155 593.744 953.297 571.753 963 531 c 24
 967.615 511.617 949.848 490.249 930 492 c 24
 897.346 494.881 884.557 517.203 861 540 c 24
 847.443 553.119 848.424 566.986 837 582 c 24
 807.338 620.985 787.59 640.56 756 678 c 25
582 675 m 25
 611.25 648.09 633.704 638.203 657 606 c 24
 674.577 581.702 689.433 563.493 684 534 c 24
 679.494 509.537 660.815 493.711 636 492 c 24
 615.35 490.576 606.257 509.486 597 528 c 24
 586.418 549.164 590.402 564.461 588 588 c 24
 584.548 621.835 584.34 641.07 582 675 c 25
588 696 m 24
 632.62 709.521 657.508 718.063 702 732 c 24
 754.618 748.482 784.35 757.62 837 774 c 25
 859.23 738.9 885.379 724.643 894 684 c 24
 897.003 669.843 872.04 678.51 858 675 c 25
 405 642 l 25
 476.37 663.06 516.785 674.42 588 696 c 24
75 178 m 1
 231 178 l 1
 231 128 l 1
 75 128 l 1
 75 178 l 1
93 612 m 25
 204 612 l 25
 220 625 226 650 246 645 c 24
 281 635 298 614 315 582 c 24
 322 569 302 564 294 552 c 25
 294 123 l 17
 286 94 280 72 249 69 c 1
 225 71 214 95 204 123 c 9
 204 562 l 25
 93 562 l 25
 93 612 l 25
45 642 m 25
 88 622 124 626 156 591 c 24
 170 576 143 562 135 543 c 25
 135 66 l 17
 127 37 121 15 90 12 c 1
 66 14 55 38 45 66 c 9
 45 642 l 25
EndSplineSet
EndChar
