Width: 1000
Flags: H
TeX: 117 0
LayerCount: 2
Fore
SplineSet
744 156 m 25
 782.61 136.11 809.085 132.132 843 105 c 24
 858.123 92.9014 864 79.3672 864 60 c 24
 864 43.7461 858.275 29.5547 843 24 c 24
 825.931 17.793 809.961 22.3308 798 36 c 24
 781.912 54.3857 790.025 73.7216 780 96 c 24
 768.802 120.886 758.04 132.6 744 156 c 25
669 147 m 25
 698.25 129.45 722.612 128.573 744 102 c 24
 763.956 77.2061 769.589 55.7881 768 24 c 24
 766.995 3.89551 757.097 -11.6345 738 -18 c 24
 721.094 -23.6357 702.96 -16.4053 696 0 c 24
 683.662 29.0811 701.707 49.9296 696 81 c 24
 690.976 108.353 679.53 121.26 669 147 c 25
585 126 m 25
 614.25 102.6 641.416 98.5228 660 66 c 24
 676.924 36.3828 679.787 11.3604 669 -21 c 24
 662.876 -39.373 643.314 -43.4307 624 -42 c 24
 606.498 -40.7031 593.37 -31.7079 588 -15 c 24
 581.113 6.42578 597.479 19.5 597 42 c 24
 596.296 75.085 589.68 93.2402 585 126 c 25
525 129 m 25
 539.04 84.54 562.479 61.6006 561 15 c 24
 559.937 -18.5068 548.79 -44.6244 519 -60 c 24
 499.001 -70.3223 472.296 -55.0918 468 -33 c 24
 461.57 0.0673828 486.819 16.2227 498 48 c 24
 509.052 79.4111 514.47 97.4102 525 129 c 25
843 -33 m 9
 843 139 l 25
 588 139 l 25
 588 189 l 25
 843 189 l 25
 859.38 201.87 864.891 227.435 885 222 c 24
 920.178 212.492 937.287 191.381 954 159 c 24
 960.55 146.309 941.19 140.7 933 129 c 25
 933 -69 l 17
 924 -102 899.524 -121.36 870 -147 c 24
 853.759 -161.104 838.51 -177.058 819 -168 c 24
 794.777 -156.754 804.6 -127.163 786 -108 c 24
 764.751 -86.1064 745.74 -82.3799 720 -66 c 25
 816 -66 l 17
 828.202 -51 843 -51 843 -33 c 9
666 783 m 25
 709.29 767.79 741.17 772.664 777 744 c 24
 788.912 734.471 764.19 723.87 756 711 c 25
 708 609 l 25
 666 609 l 25
 666 783 l 25
597 321 m 25
 816 321 l 25
 816 321 839 357 864 366 c 1
 890 362 878 333 909 300 c 1
 917 282 900 271 882 271 c 9
 597 271 l 25
 597 321 l 25
591 431 m 1
 810 431 l 1
 810 381 l 1
 591 381 l 1
 591 431 l 1
588 536 m 1
 819 536 l 1
 819 486 l 1
 588 486 l 1
 588 536 l 1
582 639 m 25
 774 639 l 25
 790.38 651.87 795.891 677.435 816 672 c 24
 851.178 662.492 868.287 641.381 885 609 c 24
 891.55 596.309 872.19 590.7 864 579 c 25
 864 426 l 17
 856 397 850 375 819 372 c 1
 795 374 784 398 774 426 c 9
 774 589 l 25
 582 589 l 25
 582 639 l 25
552 678 m 25
 595.29 658.11 630.953 662.251 663 627 c 24
 676.745 611.881 650.19 597.72 642 579 c 25
 642 174 l 17
 634 145 628 123 597 120 c 1
 573 122 562 146 552 174 c 9
 552 678 l 25
192 70 m 1
 372 70 l 1
 372 20 l 1
 192 20 l 1
 192 70 l 1
186 178 m 1
 372 178 l 1
 372 128 l 1
 186 128 l 1
 186 178 l 1
336 -72 m 25
 336 241 l 25
 201 241 l 25
 201 291 l 25
 336 291 l 25
 352.38 303.87 357.89 329.435 378 324 c 24
 413.178 314.492 430.287 293.381 447 261 c 24
 453.55 248.309 434.19 242.7 426 231 c 25
 426 -105 l 17
 414 -129 404.568 -164.262 372 -171 c 24
 349.754 -175.603 354.814 -139.309 339 -123 c 24
 316.994 -100.306 300.57 -91.8896 276 -72 c 25
 336 -72 l 25
162 327 m 25
 205.29 307.11 240.953 311.251 273 276 c 24
 286.745 260.881 260.19 246.72 252 228 c 25
 252 -114 l 17
 244 -143 238 -165 207 -168 c 1
 183 -166 172 -142 162 -114 c 9
 162 327 l 25
333 540 m 25
 423 540 l 25
 423 540 446 576 471 585 c 1
 497 581 485 552 516 519 c 1
 524 501 507 490 489 490 c 9
 333 490 l 25
 333 540 l 25
330 660 m 25
 432 660 l 25
 432 660 455 696 480 705 c 1
 506 701 494 672 525 639 c 1
 533 621 516 610 498 610 c 9
 330 610 l 25
 330 660 l 25
249 486 m 25
 281.76 474.3 300.643 468.773 333 456 c 24
 389.591 433.661 426.945 430.583 477 396 c 24
 495.591 383.155 500.803 364.422 498 342 c 24
 495.416 321.33 485.831 300 465 300 c 24
 437.387 300 430.739 326.335 408 342 c 24
 378.069 362.619 361.373 374.65 330 393 c 24
 299.284 410.966 280.59 418.62 249 435 c 25
 249 486 l 25
222 492 m 9
 222 750 l 25
 265.29 730.11 300.953 734.251 333 699 c 24
 346.745 683.881 320.19 669.72 312 651 c 25
 312 453 l 25
 295.62 424.92 290.856 405.936 270 381 c 24
 236.558 341.015 219.675 313.121 174 288 c 24
 123.019 259.96 86.1602 264.21 30 249 c 25
 67.4404 285.27 93.6831 301.099 126 342 c 24
 169.06 396.497 207 426 222 492 c 9
24 519 m 25
 99 519 l 25
 99 519 122 555 147 564 c 1
 173 560 161 531 192 498 c 1
 200 480 183 469 165 469 c 9
 24 469 l 25
 24 519 l 25
18 651 m 25
 99 651 l 25
 99 651 122 687 147 696 c 1
 173 692 161 663 192 630 c 1
 200 612 183 601 165 601 c 9
 18 601 l 25
 18 651 l 25
EndSplineSet
EndChar
