Width: 1000
Flags: H
TeX: 117 0
LayerCount: 2
Fore
SplineSet
764 142 m 25
 794.03 112.75 818.563 102.411 841 67 c 24
 852.756 48.4453 852.801 32.1855 847 11 c 24
 842.848 -4.16309 833.223 -13.0713 818 -17 c 24
 804.74 -20.4219 791.691 -16.9482 785 -5 c 24
 772.873 16.6553 779.51 33.4297 776 58 c 24
 771.32 90.7598 768.68 109.24 764 142 c 25
686 116 m 25
 707.06 101.96 723.333 99.0485 740 80 c 24
 757.228 60.3115 767.397 46.0323 770 20 c 24
 772.431 -4.30859 770.695 -24.2728 752 -40 c 24
 738.409 -51.4336 716.367 -48.0906 707 -33 c 24
 690.442 -6.32422 702.382 15.9101 698 47 c 24
 694.188 74.0469 690.68 89.0898 686 116 c 25
603 111 m 25
 633.42 74.7305 660.139 60.494 681 18 c 24
 693.385 -7.22852 693.316 -27.4843 684 -54 c 24
 676.59 -75.0889 664.335 -92.1066 642 -93 c 24
 622.969 -93.7617 613.283 -75.5587 609 -57 c 24
 601.877 -26.1348 616.131 -7.65626 615 24 c 24
 613.777 58.2295 607.68 77.0703 603 111 c 25
543 87 m 25
 561.72 63.5996 583.608 56.0411 591 27 c 24
 601.118 -12.749 598.893 -39.408 585 -78 c 24
 579.21 -94.083 562.436 -102.696 546 -98 c 24
 529.146 -93.1846 525 -84 522 -60 c 0
 519.984 -43.8721 535.8 -15.4033 540 14 c 24
 544.029 42.208 541.83 58.5303 543 87 c 25
852 -21 m 25
 852 136 l 25
 573 136 l 25
 573 186 l 25
 852 186 l 25
 868.38 198.87 873.891 224.435 894 219 c 24
 929.178 209.492 946.287 188.381 963 156 c 24
 969.55 143.309 950.19 137.7 942 126 c 25
 942 -63 l 25
 919.77 -93.4199 914.187 -117.174 885 -141 c 24
 854.994 -165.494 833.734 -183 795 -183 c 24
 778.62 -183 804.95 -154.012 795 -141 c 24
 771.687 -110.514 747.42 -104.4 717 -81 c 25
 819 -81 l 25
 830.7 -71.6396 841.779 -70.1288 849 -57 c 24
 855.79 -44.6553 850.83 -35.04 852 -21 c 25
561 315 m 25
 846 315 l 25
 846 315 869 351 894 360 c 1
 920 356 908 327 939 294 c 1
 947 276 930 265 912 265 c 9
 561 265 l 25
 561 315 l 25
555 427 m 1
 819 427 l 1
 819 377 l 1
 555 377 l 1
 555 427 l 1
561 544 m 1
 825 544 l 1
 825 494 l 1
 561 494 l 1
 561 544 l 1
636 771 m 25
 676.95 755.79 706.458 758.742 741 732 c 24
 751.828 723.616 733.68 711.87 729 699 c 25
 690 615 l 25
 636 615 l 25
 636 771 l 25
537 645 m 25
 771 645 l 25
 787.38 657.87 792.891 683.435 813 678 c 24
 848.178 668.492 865.287 647.381 882 615 c 24
 888.55 602.309 869.19 596.7 861 585 c 25
 861 420 l 17
 853 391 847 369 816 366 c 1
 792 368 781 392 771 420 c 9
 771 595 l 25
 537 595 l 25
 537 645 l 25
519 681 m 9
 562.29 661.11 597.953 665.251 630 630 c 24
 643.745 614.881 617.19 600.72 609 582 c 25
 609 171 l 17
 601 142 595 120 564 117 c 1
 540 119 529 143 519 171 c 1
 519 681 l 9
18 24 m 25
 387 63 l 25
 355.41 45.4502 339.252 32.1497 306 18 c 24
 229.012 -14.7607 183.66 -28.4857 105 -57 c 24
 90.0391 -62.4238 77.6472 -79.844 66 -69 c 24
 36.127 -41.1875 36.7197 -12.2695 18 24 c 25
63 0 m 25
 63 333 l 25
 106 313 142 317 174 282 c 24
 188 267 161 253 153 234 c 25
 153 0 l 25
 63 0 l 25
207 255 m 25
 246 255 l 25
 246 255 269 291 294 300 c 1
 320 296 308 267 339 234 c 1
 347 216 330 205 312 205 c 9
 207 205 l 25
 207 255 l 25
177 21 m 25
 177 459 l 25
 220 439 256 443 288 408 c 24
 302 393 275 379 267 360 c 25
 267 21 l 25
 177 21 l 25
411 711 m 25
 440.25 687.6 465.709 682.486 486 651 c 24
 502.046 626.101 508.857 603.561 498 576 c 24
 489.943 555.548 468.967 551.187 447 552 c 24
 431.271 552.583 421.324 563.865 417 579 c 24
 410.859 600.493 424.015 613.67 423 636 c 24
 421.655 665.592 415.68 681.75 411 711 c 25
306 393 m 25
 306 753 l 25
 349.29 733.11 384.953 737.251 417 702 c 24
 430.745 686.881 404.19 672.72 396 654 c 25
 396 399 l 25
 398.34 345.18 395.867 314.521 402 261 c 24
 408.767 201.946 411.857 167.914 429 111 c 24
 441.375 69.9141 453 42 477 12 c 9
 543 63 l 25
 535.98 25.5596 523.27 5.05273 525 -33 c 24
 525.767 -49.8564 550.122 -52.1631 549 -69 c 24
 547.397 -93.0381 540.696 -112.526 519 -123 c 24
 498.542 -132.876 479.778 -125.142 462 -111 c 24
 425.535 -81.9932 410.176 -58.4229 387 -18 c 24
 359.335 30.2529 346.49 60.0391 333 114 c 24
 316.985 178.059 318.36 216.277 312 282 c 24
 307.824 325.151 308.34 349.71 306 393 c 25
87 639 m 25
 180 639 l 25
 180 639 203 675 228 684 c 1
 254 680 242 651 273 618 c 1
 281 600 264 589 246 589 c 9
 87 589 l 25
 87 639 l 25
33 507 m 25
 426 507 l 25
 426 507 449 543 474 552 c 1
 500 548 488 519 519 486 c 1
 527 468 510 457 492 457 c 9
 33 457 l 25
 33 507 l 25
EndSplineSet
EndChar
