Width: 1000
Flags: H
TeX: 117 0
LayerCount: 2
Fore
SplineSet
693 297 m 25
 713 240 718 205 744 150 c 24
 768 100 785 72 822 30 c 24
 856 -9 883 -25 924 -57 c 24
 941 -71 953 -75 972 -87 c 25
 945 -101 928 -106 903 -123 c 24
 887 -134 886 -166 867 -159 c 24
 819 -142 800 -114 768 -75 c 24
 727 -24 711 10 684 69 c 24
 660 123 657 157 639 213 c 25
 630 297 l 25
 693 297 l 25
423 333 m 25
 838 333 l 25
 867 361 876 393 901 402 c 1
 927 398 969 345 1000 312 c 1
 1008 294 991 283 973 283 c 9
 423 283 l 25
 423 333 l 25
588 300 m 25
 588 789 l 25
 631 769 667 773 699 738 c 24
 713 723 686 709 678 690 c 25
 678 291 l 25
 663 222 668 178 639 114 c 24
 600 28 567 -16 507 -90 c 24
 481 -122 456 -128 423 -153 c 25
 457 -89 481 -55 510 12 c 24
 536 71 547 106 564 168 c 24
 578 219 579 249 588 300 c 25
768 306 m 25
 768 562 l 25
 447 562 l 25
 447 612 l 25
 768 612 l 25
 784 625 790 650 810 645 c 24
 845 635 862 614 879 582 c 24
 886 569 866 564 858 552 c 25
 858 306 l 25
 768 306 l 25
237 147 m 25
 266 127 293 126 312 96 c 24
 329 70 333 46 321 18 c 24
 314 2 288 3 276 15 c 24
 256 35 263 57 255 84 c 24
 248 109 244 122 237 147 c 25
186 123 m 25
 211 103 236 101 249 72 c 24
 263 41 263 14 246 -15 c 24
 237 -31 209 -30 198 -15 c 24
 181 9 195 31 192 60 c 24
 190 85 188 98 186 123 c 25
117 111 m 25
 132 96 148 92 156 72 c 24
 170 39 178 17 171 -18 c 24
 167 -37 151 -46 132 -48 c 24
 117 -49 105 -39 102 -24 c 24
 96 6 108 24 111 54 c 24
 113 76 115 89 117 111 c 25
51 102 m 25
 65 73 81 59 87 27 c 24
 92 -4 95 -27 78 -54 c 24
 66 -73 43 -84 24 -72 c 24
 5 -60 12 -37 15 -15 c 24
 17 5 30 13 36 33 c 24
 44 59 45 75 51 102 c 25
327 0 m 25
 327 144 l 25
 132 144 l 25
 132 194 l 25
 327 194 l 25
 343 207 349 232 369 227 c 24
 404 217 421 196 438 164 c 24
 445 151 425 146 417 134 c 25
 417 0 l 25
 408 -33 411 -55 393 -84 c 24
 371 -120 353 -138 318 -162 c 24
 297 -177 279 -190 255 -180 c 24
 234 -171 245 -145 231 -126 c 24
 221 -112 209 -110 195 -99 c 25
 267 -99 l 25
 281 -87 294 -85 303 -69 c 24
 318 -45 318 -27 327 0 c 25
108 291 m 25
 306 291 l 25
 306 291 329 327 354 336 c 1
 380 332 368 303 399 270 c 1
 407 252 390 241 372 241 c 9
 108 241 l 25
 108 291 l 25
108 396 m 1
 366 396 l 1
 366 346 l 1
 108 346 l 1
 108 396 l 1
96 507 m 1
 366 507 l 1
 366 457 l 1
 96 457 l 1
 96 507 l 1
102 612 m 25
 300 612 l 25
 316 625 322 650 342 645 c 24
 377 635 394 614 411 582 c 24
 418 569 398 564 390 552 c 25
 390 385 l 17
 382 356 376 334 345 331 c 1
 321 333 310 357 300 385 c 9
 300 562 l 25
 102 562 l 25
 102 612 l 25
75 651 m 25
 118 631 154 635 186 600 c 24
 200 585 173 571 165 552 c 25
 165 159 l 17
 157 130 151 108 120 105 c 1
 96 107 85 131 75 159 c 9
 75 651 l 25
201 756 m 25
 242 744 273 752 306 726 c 24
 319 716 293 704 285 690 c 24
 266 654 256 633 237 597 c 25
 180 597 l 25
 201 756 l 25
EndSplineSet
EndChar
