Width: 1000
Flags: H
TeX: 117 0
LayerCount: 2
Fore
SplineSet
702 144 m 25
 736 125 763 124 789 96 c 24
 812 71 822 49 822 15 c 24
 822 -10 812 -30 789 -39 c 24
 770 -46 755 -32 744 -15 c 24
 730 6 738 24 732 48 c 24
 722 86 714 107 702 144 c 25
606 120 m 25
 634 100 657 96 678 69 c 24
 696 47 701 28 702 0 c 24
 703 -20 702 -39 684 -48 c 24
 665 -58 644 -53 632 -36 c 24
 611 -7 618 19 612 54 c 24
 608 79 608 94 606 120 c 25
525 117 m 17
 552 84 571 69 582 30 c 24
 591 -2 586 -24 573 -54 c 24
 567 -69 553 -77 537 -75 c 24
 517 -73 500 -64 495 -45 c 24
 486 -12 501 8 507 42 c 24
 512 72 518 88 525 117 c 17
414 126 m 25
 428 89 446 70 450 30 c 24
 454 -8 455 -36 432 -66 c 24
 418 -85 394 -81 372 -72 c 24
 356 -65 350 -50 351 -33 c 24
 353 -3 367 11 378 39 c 24
 392 73 400 92 414 126 c 25
636 792 m 25
 677 778 706 782 741 756 c 24
 752 748 732 738 726 726 c 25
 678 639 l 25
 624 639 l 25
 636 792 l 25
570 420 m 1
 831 420 l 1
 831 370 l 1
 570 370 l 1
 570 420 l 1
570 544 m 1
 810 544 l 1
 810 494 l 1
 570 494 l 1
 570 544 l 1
558 663 m 25
 771 663 l 25
 787 676 793 701 813 696 c 24
 848 686 865 665 882 633 c 24
 889 620 869 615 861 603 c 25
 861 397 l 17
 853 368 847 346 816 343 c 1
 792 345 781 369 771 397 c 9
 771 613 l 25
 558 613 l 25
 558 663 l 25
564 297 m 25
 819 297 l 25
 819 297 841 328 865 337 c 1
 884 330 908 302 927 276 c 1
 935 258 919 247 901 247 c 9
 564 247 l 25
 564 297 l 25
855 124 m 25
 564 124 l 25
 564 174 l 25
 858 174 l 25
 872 187 876 212 894 207 c 24
 929 198 946 178 966 147 c 24
 973 136 957 129 951 117 c 25
 942 66 942 35 927 -15 c 24
 914 -57 907 -83 879 -117 c 24
 854 -147 836 -174 797 -174 c 24
 770 -174 774 -137 756 -117 c 24
 736 -95 721 -86 699 -66 c 25
 804 -66 l 17
 837 -33 833 -13 843 24 c 24
 853 62 850 85 855 124 c 25
525 686 m 25
 568 666 604 670 636 635 c 24
 650 620 623 606 615 587 c 25
 615 153 l 17
 607 124 601 102 570 99 c 1
 546 101 535 125 525 153 c 9
 525 686 l 25
306 147 m 24
 292 142 279 124 270 135 c 24
 240 171 243 203 225 246 c 25
 288 247 324 246 387 249 c 24
 450 252 486 256 549 261 c 25
 513 236 495 218 456 198 c 24
 424 182 403 180 369 168 c 24
 344 160 331 155 306 147 c 24
336 591 m 1
 426 591 l 1
 426 189 l 1
 336 189 l 1
 336 591 l 1
246 609 m 25
 417 609 l 25
 417 609 439 640 463 649 c 1
 482 642 506 614 525 588 c 1
 533 570 517 559 499 559 c 9
 246 559 l 25
 246 609 l 25
27 84 m 25
 107 126 l 25
 124 176 134 205 150 255 c 24
 173 325 183 365 207 435 c 24
 227 493 242 525 264 582 c 25
 249 465 240 399 225 282 c 24
 216 212 201 102 201 102 c 1
 201 102 231 8 228 -54 c 24
 227 -82 220 -112 192 -117 c 24
 164 -122 147 -98 135 -72 c 24
 113 -23 120 10 110 63 c 25
 27 84 l 25
27 519 m 17
 84 507 105 503 141 471 c 24
 167 449 177 424 174 390 c 24
 172 368 154 355 132 354 c 24
 111 353 100 367 87 384 c 24
 69 407 69 426 57 453 c 24
 46 479 39 493 27 519 c 17
132 759 m 17
 198 744 209 751 246 723 c 24
 273 703 289 679 285 645 c 24
 282 621 257 605 234 612 c 24
 200 623 194 652 174 681 c 24
 154 709 148 729 132 759 c 17
EndSplineSet
EndChar
