Width: 1000
Flags: H
TeX: 117 0
LayerCount: 2
Fore
SplineSet
93 429 m 1
 411 429 l 1
 411 379 l 1
 93 379 l 1
 93 429 l 1
741 168 m 25
 785 147 821 149 855 114 c 24
 874 95 871 70 861 45 c 24
 854 27 838 23 819 21 c 24
 807 20 800 28 795 39 c 24
 785 59 792 75 783 96 c 24
 770 126 757 140 741 168 c 25
669 141 m 25
 706 115 739 113 765 75 c 24
 781 51 777 26 765 0 c 24
 756 -19 738 -27 717 -27 c 24
 703 -27 697 -14 693 0 c 24
 689 15 702 24 699 39 c 24
 692 80 681 101 669 141 c 25
585 129 m 25
 608 96 629 82 645 45 c 24
 658 15 665 -7 657 -39 c 24
 652 -58 635 -71 615 -69 c 24
 595 -67 585 -52 579 -33 c 24
 572 -13 584 -0 585 21 c 24
 587 63 585 87 585 129 c 25
513 117 m 25
 527 71 540 47 549 0 c 24
 556 -38 565 -62 555 -99 c 24
 550 -118 533 -129 513 -129 c 24
 488 -129 472 -115 459 -93 c 24
 450 -77 458 -63 465 -45 c 24
 473 -25 489 -20 495 0 c 24
 508 44 506 71 513 117 c 25
789 -117 m 24
 764 -95 743 -91 714 -75 c 25
 813 -75 l 25
 825 -61 836 -56 843 -39 c 24
 849 -25 845 -15 846 0 c 25
 846 163 l 25
 573 163 l 25
 573 213 l 25
 846 213 l 25
 862 226 868 251 888 246 c 24
 923 236 940 215 957 183 c 24
 964 170 944 165 936 153 c 25
 936 -81 l 25
 923 -107 922 -126 903 -147 c 24
 884 -168 868 -193 840 -186 c 24
 808 -177 814 -139 789 -117 c 24
585 330 m 25
 840 330 l 25
 840 330 863 366 888 375 c 1
 914 371 902 342 933 309 c 1
 941 291 924 280 906 280 c 9
 585 280 l 25
 585 330 l 25
633 789 m 25
 679 768 712 768 750 735 c 24
 761 726 734 720 723 711 c 25
 663 627 l 25
 609 627 l 25
 633 789 l 25
585 448 m 1
 843 448 l 1
 843 398 l 1
 585 398 l 1
 585 448 l 1
564 550 m 1
 834 550 l 1
 834 500 l 1
 564 500 l 1
 564 550 l 1
567 645 m 25
 771 645 l 25
 787 658 793 683 813 678 c 24
 848 668 865 647 882 615 c 24
 889 602 869 597 861 585 c 25
 861 429 l 17
 853 400 847 378 816 375 c 1
 792 377 781 401 771 429 c 9
 771 595 l 25
 567 595 l 25
 567 645 l 25
525 675 m 25
 568 655 604 659 636 624 c 24
 650 609 623 595 615 576 c 25
 615 201 l 17
 607 172 601 150 570 147 c 1
 546 149 535 173 525 201 c 9
 525 675 l 25
285 165 m 25
 271 132 266 112 249 81 c 24
 233 53 224 38 201 15 c 24
 174 -12 158 -29 123 -45 c 24
 78 -65 48 -63 0 -75 c 25
 39 -46 66 -35 99 0 c 24
 138 41 157 67 183 117 c 24
 206 161 209 190 225 237 c 25
 285 237 l 25
 285 165 l 25
309 549 m 25
 309 -129 l 17
 301 -158 295 -180 264 -183 c 1
 240 -181 229 -157 219 -129 c 9
 219 549 l 25
 309 549 l 25
384 202 m 25
 123 202 l 25
 123 252 l 25
 384 252 l 25
 400 265 406 290 426 285 c 24
 461 275 478 254 495 222 c 24
 502 209 482 204 474 192 c 25
 474 57 l 25
 462 35 461 18 444 0 c 24
 428 -16 415 -32 393 -27 c 24
 376 -23 386 1 375 15 c 24
 355 39 338 48 315 69 c 25
 384 69 l 25
 384 202 l 25
81 452 m 25
 124 432 160 436 192 401 c 24
 206 386 179 372 171 353 c 25
 171 201 l 17
 163 172 157 150 126 147 c 1
 102 149 91 173 81 201 c 9
 81 452 l 25
351 789 m 25
 385 766 412 761 438 729 c 24
 446 719 429 711 423 699 c 25
 400 659 387 636 363 597 c 24
 352 580 345 571 333 555 c 25
 285 555 l 25
 299 598 309 622 321 666 c 24
 334 714 339 741 351 789 c 25
123 765 m 25
 167 745 203 749 237 714 c 24
 263 687 264 658 261 621 c 24
 259 590 250 568 225 549 c 24
 211 539 192 546 183 561 c 24
 171 581 186 598 183 621 c 24
 181 641 179 653 171 672 c 24
 155 710 142 729 123 765 c 25
51 579 m 25
 369 579 l 25
 385 592 391 617 411 612 c 24
 446 602 463 581 480 549 c 24
 487 536 467 531 459 519 c 25
 459 380 l 17
 451 351 445 329 414 326 c 1
 390 328 379 352 369 380 c 9
 369 529 l 25
 51 529 l 25
 51 579 l 25
EndSplineSet
EndChar
