Width: 1000
Flags: HW
LayerCount: 2
Fore
SplineSet
672 436 m 24
 642.05 420.252 625.757 409.683 594 398 c 24
 550.209 381.891 524.911 373.325 479 365 c 24
 453.289 360.338 438.13 365 412 365 c 25
 469.72 389.57 503.639 400.457 560 428 c 24
 590.049 442.685 605.322 454.225 633 473 c 24
 672.058 499.495 694.146 514.516 731 544 c 24
 748.875 558.3 756.62 569.01 773 585 c 25
 803.81 563.94 836.591 564.99 852 531 c 24
 859.996 513.361 824.127 519.039 807 510 c 24
 753.9 481.976 725.143 463.943 672 436 c 24
696 780 m 25
 734.61 768.3 761.937 773.119 795 750 c 24
 817.881 734.001 829.962 714.903 829 687 c 24
 828.407 669.811 809.122 664.631 792 663 c 24
 772.725 661.164 759.917 666.655 745 679 c 24
 734.833 687.414 739.76 699.127 734 711 c 24
 720.591 738.64 710.82 753.09 696 780 c 25
887 356 m 24
 885.518 343.957 876.828 336.708 865 334 c 24
 841.782 328.685 826.847 330.265 804 337 c 24
 758.417 350.438 733.542 361.921 692 385 c 24
 652.368 407.018 627.423 418.386 597 452 c 24
 570.075 481.749 557 509 549 543 c 9
 549 783 l 25
 592.29 763.11 627.953 767.251 660 732 c 24
 673.745 716.881 647.19 702.72 639 684 c 25
 639 554 l 25
 650.7 530.99 649.392 511.789 669 495 c 24
 711.223 458.849 739.955 442.517 792 423 c 24
 808.758 416.716 819.45 428.49 837 432 c 25
 910 463 l 25
 895.57 438.04 873 399 873 399 c 1
 873 399 889.154 373.504 887 356 c 24
398 508 m 24
 308.745 483.681 257.396 473.794 168 450 c 24
 154.766 446.478 145.594 429.321 135 438 c 24
 106.539 461.317 104.5 486.8 85 518 c 25
 137.26 520.73 166.791 521.422 219 525 c 24
 291.993 530.003 333.025 534.736 406 540 c 24
 451.981 543.316 477.98 544.27 524 547 c 25
 474.86 531.79 447.631 521.523 398 508 c 24
274 402 m 25
 274 721 l 25
 364 721 l 25
 364 365 l 25
 352.3 351.74 351.188 335.161 334 331 c 24
 309.012 324.95 293.13 333.125 269 342 c 24
 257.868 346.095 257.455 357.399 247 363 c 24
 213.28 381.064 192.1 386.79 157 402 c 25
 274 402 l 25
71 632 m 25
 742 632 l 25
 771 660 780 692 805 701 c 1
 831 697 873 644 904 611 c 1
 912 593 895 582 877 582 c 9
 71 582 l 25
 71 632 l 25
169 687 m 24
 128.504 683.996 105.56 683.95 65 682 c 25
 109.85 693.31 135.127 699.782 180 711 c 24
 225.607 722.401 251.849 726.91 297 740 c 24
 344.736 753.84 370.81 764.4 418 780 c 25
 446.86 756.6 474.077 752.545 492 720 c 24
 498.981 707.323 470.397 712.471 456 711 c 24
 344.261 699.584 281.013 695.308 169 687 c 24
555 -6 m 25
 587.76 -21.21 611.774 -21.2646 639 -45 c 24
 659.907 -63.2266 673.539 -80.3057 672 -108 c 24
 670.712 -131.188 655.708 -148.134 633 -153 c 24
 612.987 -157.288 599.83 -142.701 588 -126 c 24
 577.766 -111.552 586.694 -98.0713 582 -81 c 24
 573.757 -51.0254 565.53 -35.25 555 -6 c 25
441 -15 m 25
 478.44 -39.5703 509.86 -42.379 537 -78 c 24
 551.891 -97.5439 546.769 -118.456 537 -141 c 24
 529.645 -157.975 516.445 -166.581 498 -168 c 28
 480.776 -169.325 466.952 -162.336 459 -147 c 24
 448.215 -126.2 459.166 -110.215 456 -87 c 24
 452.125 -58.5801 446.85 -43.0801 441 -15 c 25
288 0 m 25
 316 -22 339 -28 360 -57 c 24
 378 -82 387 -101 384 -132 c 24
 382 -153 368 -167 348 -171 c 24
 327 -175 305 -170 297 -150 c 24
 288 -125 315 -111 315 -84 c 24
 315 -50 299 -33 288 0 c 25
141 15 m 25
 170 -21 200 -34 216 -78 c 24
 227 -109 220 -133 204 -162 c 24
 193 -182 176 -192 153 -192 c 24
 127 -192 104 -179 99 -153 c 24
 94 -128 129 -124 135 -99 c 24
 146 -56 141 -29 141 15 c 25
729 -114 m 25
 729 -23 l 25
 252 -23 l 25
 252 27 l 25
 729 27 l 25
 745.38 39.8701 750.891 65.435 771 60 c 24
 806.178 50.4922 823.287 29.3809 840 -3 c 24
 846.55 -15.6914 827.19 -21.2998 819 -33 c 25
 819 -138 l 25
 807.3 -150.87 802.786 -160.395 789 -171 c 24
 771.976 -184.096 762.469 -198.651 741 -198 c 24
 717.935 -197.301 708.577 -181.688 690 -168 c 24
 663.948 -148.804 651.57 -135.06 627 -114 c 25
 729 -114 l 25
255 99 m 25
 660 99 l 25
 660 99 683 135 708 144 c 1
 734 140 722 111 753 78 c 1
 761 60 744 49 726 49 c 9
 255 49 l 25
 255 99 l 25
246 255 m 1
 696 255 l 1
 696 205 l 1
 246 205 l 1
 246 255 l 1
252 184 m 1
 669 184 l 1
 669 134 l 1
 252 134 l 1
 252 184 l 1
252 327 m 25
 636 327 l 25
 652.38 339.87 657.891 365.435 678 360 c 24
 713.178 350.492 730.287 329.381 747 297 c 24
 753.55 284.309 734.19 278.7 726 267 c 25
 726 165 l 17
 718 136 712 114 681 111 c 1
 657 113 646 137 636 165 c 9
 636 277 l 25
 252 277 l 25
 252 327 l 25
222 357 m 25
 265.29 337.11 300.953 341.251 333 306 c 24
 346.745 290.881 320.19 276.72 312 258 c 25
 312 18 l 17
 304 -11 298 -33 267 -36 c 1
 243 -34 232 -10 222 18 c 9
 222 357 l 25
390 420 m 25
 424.71 398.55 451.965 395.561 479 365 c 24
 486.876 356.097 466.8 350.97 459 342 c 25
 408 285 l 25
 357 285 l 25
 390 420 l 25
EndSplineSet
EndChar
