Width: 1000
Flags: H
TeX: 117 0
LayerCount: 2
Fore
SplineSet
546 129 m 25
 600 129 l 25
 635.1 96.2402 650.205 71.8618 690 45 c 24
 744.651 8.11035 777.775 -11.1893 840 -33 c 24
 892.641 -51.4512 926.01 -47.6396 981 -57 c 25
 958.77 -78.0596 943.21 -87.1533 924 -111 c 24
 908.887 -129.762 918.071 -163.997 894 -165 c 24
 845.802 -167.008 819.283 -145 780 -117 c 24
 707.836 -65.5635 673.078 -28.2101 612 36 c 24
 581.347 68.2246 571.74 92.7305 546 129 c 25
768 94 m 25
 477 94 l 25
 477 144 l 25
 768 144 l 25
 793.74 156.87 806.761 186.286 834 177 c 24
 871.717 164.142 889.053 137.315 900 99 c 24
 904.821 82.125 878.04 82.5303 864 72 c 25
 807.84 25.2002 780.916 -7.58469 720 -48 c 24
 658.517 -88.792 622.385 -112.863 552 -135 c 24
 475.289 -159.127 427.56 -153.3 348 -165 c 25
 404.16 -139.26 437.319 -127.75 492 -99 c 24
 550.965 -67.998 584.405 -50.1768 639 -12 c 24
 692.363 25.3154 717.69 52.6602 768 94 c 25
714 362 m 1
 804 362 l 1
 804 229 l 1
 714 229 l 1
 714 362 l 1
591 365 m 1
 681 365 l 1
 681 226 l 1
 591 226 l 1
 591 365 l 1
495 258 m 1
 897 258 l 1
 897 208 l 1
 495 208 l 1
 495 258 l 1
501 398 m 25
 837 398 l 25
 853.38 410.87 858.891 436.435 879 431 c 24
 914.178 421.492 931.287 400.381 948 368 c 24
 954.55 355.309 935.19 349.7 927 338 c 25
 927 241 l 17
 919 212 913 190 882 187 c 1
 858 189 847 213 837 241 c 9
 837 348 l 25
 501 348 l 25
 501 398 l 25
480 437 m 25
 523.29 417.11 558.953 421.251 591 386 c 24
 604.745 370.881 578.19 356.72 570 338 c 25
 570 232 l 17
 562 203 556 181 525 178 c 1
 501 180 490 204 480 232 c 9
 480 437 l 25
545 514 m 1
 842 514 l 1
 842 464 l 1
 545 464 l 1
 545 514 l 1
548 611 m 1
 824 611 l 1
 824 561 l 1
 548 561 l 1
 548 611 l 1
533 723 m 25
 770 723 l 25
 786 736 792 761 812 756 c 24
 847 746 864 725 881 693 c 24
 888 680 868 675 860 663 c 25
 860 486 l 17
 852 457 846 435 815 432 c 1
 791 434 780 458 770 486 c 9
 770 673 l 25
 533 673 l 25
 533 723 l 25
503 765 m 25
 546.29 745.11 581.953 749.251 614 714 c 24
 627.745 698.881 601.19 684.72 593 666 c 25
 593 471 l 17
 585 442 579 420 548 417 c 1
 524 419 513 443 503 471 c 9
 503 765 l 25
390 120 m 25
 419.25 102.45 442.181 100.354 465 75 c 24
 486.378 51.2471 501.964 31.709 498 0 c 24
 494.817 -25.4619 475.66 -45 450 -45 c 24
 426.776 -45 420.309 -21.2764 411 0 c 24
 403.014 18.2539 411.435 31.374 408 51 c 24
 403.206 78.3945 397.02 93.0898 390 120 c 25
288 117 m 25
 318.42 85.4102 343.858 73.8554 366 36 c 24
 381.64 9.26074 387.966 -11.816 381 -42 c 24
 375.974 -63.7803 361.093 -77.6011 339 -81 c 24
 321.654 -83.6689 308.388 -70.7027 303 -54 c 24
 295.065 -29.4023 309 -13.7475 309 12 c 24
 309 53.6016 296.19 76.0498 288 117 c 25
189 108 m 25
 218.25 71.7305 241.997 56.0722 264 15 c 24
 278.086 -11.2939 284.85 -30.7501 279 -60 c 24
 274.445 -82.7725 262.708 -100.134 240 -105 c 24
 219.987 -109.288 200.097 -97.8222 195 -78 c 24
 187.225 -47.7637 214.007 -31.2031 213 0 c 24
 211.608 43.125 198.36 65.8799 189 108 c 25
102 105 m 25
 119.55 64.0498 138.263 43.6875 147 0 c 24
 153.899 -34.4951 155.056 -57.7528 141 -90 c 24
 132.822 -108.762 116.013 -121.288 96 -117 c 24
 73.292 -112.134 61.4131 -94.8008 57 -72 c 24
 53.1172 -51.9395 72.9654 -43.8029 78 -24 c 24
 90.6094 25.5957 92.6396 54.6904 102 105 c 25
216 438 m 1
 306 438 l 1
 306 183 l 1
 216 183 l 1
 216 438 l 1
126 197 m 1
 405 197 l 1
 405 147 l 1
 126 147 l 1
 126 197 l 1
138 332 m 1
 396 332 l 1
 396 282 l 1
 138 282 l 1
 138 332 l 1
111 453 m 25
 357 453 l 25
 373.38 465.87 378.89 491.435 399 486 c 24
 434.178 476.492 451.287 455.381 468 423 c 24
 474.55 410.309 455.19 404.7 447 393 c 25
 447 165 l 17
 439 136 433 114 402 111 c 1
 378 113 367 137 357 165 c 9
 357 403 l 25
 111 403 l 25
 111 453 l 25
81 486 m 25
 124.29 466.11 159.953 470.251 192 435 c 24
 205.745 419.881 179.19 405.72 171 387 c 25
 171 153 l 17
 163 124 157 102 126 99 c 1
 102 101 91 125 81 153 c 9
 81 486 l 25
273 559 m 25
 150 559 l 25
 150 609 l 25
 270 609 l 25
 286.38 621.87 291.854 647.302 312 642 c 24
 348.083 632.504 365.604 611.462 384 579 c 24
 390.577 567.394 371.19 562.53 363 552 c 25
 276 423 l 25
 213 423 l 25
 273 559 l 25
156 747 m 25
 198.12 730.62 230.883 735.752 264 705 c 24
 276.365 693.518 249.36 683.04 240 669 c 25
 222.45 640.92 211.312 625.817 195 597 c 24
 176.183 563.756 171.906 541.295 150 510 c 24
 122.417 470.597 106.559 447.047 69 417 c 24
 46.4355 398.948 26.9102 400.53 0 390 c 25
 19.8896 420.42 33.7687 435.999 51 468 c 24
 74.8262 512.248 87.2986 537.965 105 585 c 24
 128.33 646.992 136.11 683.82 156 747 c 25
EndSplineSet
EndChar
