Width: 1000
Flags: H
TeX: 117 0
LayerCount: 2
Fore
SplineSet
743 -12 m 24
 716 12 712 36 692 66 c 25
 721 78 738 85 767 96 c 24
 802 109 822 116 857 129 c 17
 827 72 806 48 767 0 c 24
 760 -8 751 -19 743 -12 c 24
707 291 m 25
 744 276 772 278 803 252 c 24
 825 233 839 212 833 183 c 24
 828 159 803 142 780 150 c 24
 753 160 757 190 744 216 c 24
 729 245 721 262 707 291 c 25
518 -27 m 24
 486 -8 455 45 455 45 c 1
 455 45 502 72 533 87 c 24
 564 102 582 107 614 120 c 25
 584 72 567 45 536 -3 c 24
 530 -13 528 -33 518 -27 c 24
455 276 m 17
 498 261 521 261 548 231 c 24
 569 208 578 183 567 154 c 24
 559 133 532 127 512 138 c 24
 488 151 490 175 479 201 c 24
 467 229 464 247 455 276 c 17
863 12 m 9
 863 310 l 25
 740 310 l 25
 740 360 l 25
 863 360 l 25
 879 373 885 398 905 393 c 24
 940 383 957 362 974 330 c 24
 981 317 961 312 953 300 c 25
 953 -57 l 17
 953 -96 925 -141 881 -165 c 24
 859 -177 853 -137 833 -123 c 24
 800 -100 780 -90 746 -69 c 25
 833 -69 l 17
 860 -63 863 -30 863 12 c 9
743 535 m 1
 908 535 l 1
 908 485 l 1
 743 485 l 1
 743 535 l 1
704 567 m 25
 747 547 783 551 815 516 c 24
 829 501 802 487 794 468 c 25
 794 336 l 17
 786 307 780 285 749 282 c 1
 725 284 714 308 704 336 c 9
 704 567 l 25
725 720 m 25
 851 720 l 25
 867 733 873 758 893 753 c 24
 928 743 945 722 962 690 c 24
 969 677 949 672 941 660 c 25
 941 513 l 17
 933 484 927 462 896 459 c 1
 872 461 861 485 851 513 c 9
 851 670 l 25
 725 670 l 25
 725 720 l 25
590 12 m 9
 590 310 l 25
 476 310 l 25
 476 360 l 25
 590 360 l 25
 606 373 612 398 632 393 c 24
 667 383 684 362 701 330 c 24
 708 317 688 312 680 300 c 25
 680 -21 l 17
 674 -57 671 -81 650 -111 c 24
 631 -138 614 -163 581 -162 c 24
 556 -161 565 -126 548 -108 c 24
 529 -87 513 -81 491 -63 c 25
 557 -63 l 17
 582 -53 593 -24 590 12 c 9
473 534 m 1
 635 534 l 1
 635 484 l 1
 473 484 l 1
 473 534 l 1
446 563 m 25
 489 543 525 547 557 512 c 24
 571 497 544 483 536 464 c 25
 536 328 l 17
 528 299 522 277 491 274 c 1
 467 276 456 300 446 328 c 9
 446 563 l 25
425 723 m 25
 590 723 l 25
 606 736 612 761 632 756 c 24
 667 746 684 725 701 693 c 24
 708 680 688 675 680 663 c 25
 680 510 l 17
 672 481 666 459 635 456 c 1
 611 458 600 482 590 510 c 9
 590 673 l 25
 425 673 l 25
 425 723 l 25
365 105 m 25
 395 77 420 67 443 33 c 24
 461 7 469 -13 467 -45 c 24
 466 -64 456 -80 437 -84 c 24
 419 -88 404 -77 395 -60 c 24
 380 -32 389 -10 383 21 c 24
 377 54 372 72 365 105 c 25
275 93 m 25
 303 63 328 52 347 15 c 24
 362 -14 362 -37 356 -69 c 24
 353 -87 344 -104 326 -105 c 24
 302 -106 286 -93 275 -72 c 24
 265 -52 278 -37 278 -15 c 24
 278 27 276 51 275 93 c 25
182 84 m 25
 202 52 221 38 233 3 c 24
 244 -32 247 -55 239 -90 c 24
 235 -106 223 -117 206 -117 c 24
 188 -117 173 -108 167 -90 c 24
 158 -62 170 -44 173 -15 c 24
 176 24 178 45 182 84 c 25
113 81 m 25
 125 31 144 4 143 -48 c 24
 142 -84 138 -114 107 -132 c 24
 85 -145 59 -126 50 -102 c 24
 40 -74 58 -55 68 -27 c 24
 83 16 95 39 113 81 c 25
212 477 m 1
 302 477 l 1
 302 159 l 1
 212 159 l 1
 212 477 l 1
137 174 m 1
 386 174 l 1
 386 124 l 1
 137 124 l 1
 137 174 l 1
140 353 m 1
 389 353 l 1
 389 303 l 1
 140 303 l 1
 140 353 l 1
137 504 m 25
 338 504 l 25
 354 517 360 542 380 537 c 24
 415 527 432 506 449 474 c 24
 456 461 436 456 428 444 c 25
 428 156 l 17
 420 127 414 105 383 102 c 1
 359 104 348 128 338 156 c 9
 338 454 l 25
 137 454 l 25
 137 504 l 25
80 534 m 25
 123 514 159 518 191 483 c 24
 205 468 178 454 170 435 c 25
 170 144 l 17
 162 115 156 93 125 90 c 1
 101 92 90 116 80 144 c 9
 80 534 l 25
269 601 m 25
 161 601 l 25
 161 651 l 25
 281 651 l 25
 296 662 302 684 320 678 c 24
 349 669 365 650 374 621 c 24
 379 604 358 599 347 585 c 25
 284 480 l 25
 209 480 l 25
 269 601 l 25
155 762 m 25
 194 742 224 742 254 711 c 24
 264 701 239 695 230 684 c 25
 197 623 181 588 146 528 c 24
 134 507 127 494 110 477 c 24
 79 447 59 420 23 408 c 9
 50 478 66 518 92 588 c 24
 117 656 130 694 155 762 c 25
EndSplineSet
EndChar
