Width: 1000
Flags: HW
LayerCount: 2
Fore
SplineSet
405 24 m 24
 400.058 63.125 395.85 85 390 124 c 25
 420.42 88.5098 448.906 75.666 468 33 c 24
 482.346 0.944336 487.817 -26.1689 471 -57 c 24
 460.224 -76.7578 428.216 -83.4473 414 -66 c 24
 391.718 -38.6533 409.421 -10.9971 405 24 c 24
288 -78 m 24
 266.785 -52.9277 284.773 -26.7266 282 6 c 24
 278.923 42.3096 276.51 62.7305 273 99 c 25
 304.59 63.9004 335.033 52.2451 354 9 c 24
 366.724 -20.0088 367.145 -46.7637 348 -72 c 24
 333.787 -90.7354 303.19 -95.9521 288 -78 c 24
165 -21 m 24
 165 18.7803 165 41.2197 165 81 c 25
 189.57 50.5801 213.478 39.3066 228 3 c 24
 240.608 -28.5215 248.467 -54.8877 231 -84 c 24
 217.273 -106.878 184.299 -120.422 165 -102 c 24
 142.149 -80.1875 165 -52.5898 165 -21 c 24
72 90 m 25
 91 42 113 18 120 -33 c 24
 124 -64 124 -92 99 -111 c 24
 76 -128 45 -124 27 -102 c 24
 10 -81 29 -59 36 -33 c 24
 42 -13 54 -5 60 15 c 24
 68 43 67 61 72 90 c 25
213 441 m 1
 303 441 l 1
 303 143 l 1
 213 143 l 1
 213 441 l 1
132 174 m 1
 390 174 l 1
 390 124 l 1
 132 124 l 1
 132 174 l 1
132 317 m 1
 396 317 l 1
 396 267 l 1
 132 267 l 1
 132 317 l 1
120 459 m 25
 345 459 l 25
 361.38 471.87 366.89 497.435 387 492 c 24
 422.178 482.492 439.287 461.381 456 429 c 24
 462.55 416.309 443.19 410.7 435 399 c 25
 435 155 l 17
 427 126 421 104 390 101 c 1
 366 103 355 127 345 155 c 9
 345 409 l 25
 120 409 l 25
 120 459 l 25
81 495 m 25
 124.29 475.11 159.953 479.251 192 444 c 24
 205.745 428.881 179.19 414.72 171 396 c 25
 171 143 l 17
 163 114 157 92 126 89 c 1
 102 91 91 115 81 143 c 9
 81 495 l 25
273 571 m 25
 168 571 l 25
 168 621 l 25
 282 621 l 25
 302 632 312 656 333 648 c 24
 363 636 373 613 381 582 c 24
 384 570 366 569 357 561 c 25
 279 447 l 25
 225 447 l 25
 273 571 l 25
174 741 m 25
 212.61 723.45 243.582 726.55 273 696 c 24
 284.274 684.292 260.19 674.04 252 660 c 25
 230.94 627.24 220.511 607.78 198 576 c 24
 160.805 523.489 146.126 487.819 99 444 c 24
 77.0381 423.579 55.0801 427.53 27 417 c 25
 51.5703 464.97 67.0795 491.221 90 540 c 24
 112.736 588.388 123.385 616.672 144 666 c 24
 156.147 695.067 162.3 711.75 174 741 c 25
540 -74 m 1
 884 -74 l 1
 884 -124 l 1
 540 -124 l 1
 540 -74 l 1
529 68 m 25
 828 68 l 25
 844.38 80.8701 849.891 106.435 870 101 c 24
 905.178 91.4922 922.287 70.3809 939 38 c 24
 945.55 25.3086 926.19 19.7002 918 8 c 25
 918 -93 l 17
 910 -122 904 -144 873 -147 c 1
 849 -145 838 -121 828 -93 c 9
 828 18 l 25
 529 18 l 25
 529 68 l 25
511 104 m 25
 554.29 84.1104 589.953 88.251 622 53 c 24
 635.745 37.8809 609.19 23.7197 601 5 c 25
 601 -105 l 17
 593 -134 587 -156 556 -159 c 1
 532 -157 521 -133 511 -105 c 9
 511 104 l 25
477 165 m 25
 888 165 l 25
 888 165 911 201 936 210 c 1
 962 206 950 177 981 144 c 1
 989 126 972 115 954 115 c 9
 477 115 l 25
 477 165 l 25
775 303 m 25
 866 303 l 25
 833.63 244.5 783 153 783 153 c 1
 783 153 756.77 153 740 153 c 25
 747.02 181.08 751.423 196.812 758 225 c 24
 765.074 255.319 768.37 272.58 775 303 c 25
563 297 m 25
 591.47 280.62 614.973 280.233 636 255 c 24
 656.608 230.271 665.673 209.08 663 177 c 24
 661.482 158.787 645.276 147 627 147 c 24
 608.724 147 599.665 160.908 591 177 c 24
 582.056 193.61 589.287 206.628 585 225 c 24
 578.328 253.594 571.58 268.92 563 297 c 25
546 319 m 1
 878 319 l 1
 878 269 l 1
 546 269 l 1
 546 319 l 1
534 429 m 25
 811 429 l 25
 827 442 833 467 853 462 c 24
 888 452 905 431 922 399 c 24
 929 386 909 381 901 369 c 25
 901 309 l 17
 893 280 887 258 856 255 c 1
 832 257 821 281 811 309 c 9
 811 379 l 25
 534 379 l 25
 534 429 l 25
507 459 m 25
 550 439 586 443 618 408 c 24
 632 393 605 379 597 360 c 25
 597 291 l 17
 589 262 583 240 552 237 c 1
 528 239 517 263 507 291 c 9
 507 459 l 25
477 537 m 25
 877 537 l 25
 877 537 900 573 925 582 c 1
 951 578 939 549 970 516 c 1
 978 498 961 487 943 487 c 9
 477 487 l 25
 477 537 l 25
654 519 m 25
 654 765 l 25
 697.29 745.11 732.953 749.251 765 714 c 24
 778.745 698.881 752.19 684.72 744 666 c 25
 744 519 l 25
 654 519 l 25
438 663 m 25
 825 663 l 25
 825 663 863 723 888 732 c 1
 914 728 956 675 987 642 c 1
 995 624 978 613 960 613 c 9
 438 613 l 25
 438 663 l 25
EndSplineSet
EndChar
