Width: 1000
Flags: H
TeX: 117 0
LayerCount: 2
Fore
SplineSet
684 129 m 25
 721.44 109.11 753.705 111.256 780 78 c 24
 798.923 54.0674 801.246 26.4271 786 0 c 24
 776.061 -17.2285 749.717 -13.3792 735 0 c 24
 717.152 16.2246 728.868 37.5689 720 60 c 24
 708.841 88.2266 698.04 102.09 684 129 c 25
561 126 m 25
 592.59 101.43 616.819 94.1055 642 63 c 24
 658.296 42.8701 670.972 24.6417 663 0 c 24
 655.003 -24.7168 634.979 -39 609 -39 c 24
 590.501 -39 588.03 -17.4882 582 0 c 24
 575.886 17.7314 582.083 29.4989 579 48 c 24
 573.867 78.7949 568.02 95.5801 561 126 c 25
480 96 m 25
 504.57 63.2402 529.371 50.6152 543 12 c 24
 552.032 -13.5908 551.928 -36.6272 534 -57 c 24
 519.233 -73.7803 493.206 -78.3956 477 -63 c 24
 459.167 -46.0586 473.536 -24.5937 474 0 c 24
 474.708 37.5068 477.66 58.5596 480 96 c 25
405 60 m 25
 415.53 20.2197 443.761 -2.56641 432 -42 c 24
 420.392 -80.9198 392.818 -99.0559 354 -111 c 24
 334.957 -116.859 317.92 -97.7093 315 -78 c 24
 311.853 -56.7539 326.167 -44.5134 342 -30 c 24
 355.934 -17.2275 376.161 -27.4848 387 -12 c 24
 403.599 11.7119 397.98 31.9199 405 60 c 25
810 54 m 1
 810 136 l 25
 432 136 l 25
 432 186 l 25
 810 186 l 25
 826.38 198.87 831.891 224.435 852 219 c 24
 887.178 209.492 904.287 188.381 921 156 c 24
 927.55 143.309 908.19 137.7 900 126 c 25
 900 -42 l 1
 888.355 -83.0058 873.892 -96.8585 849 -126 c 24
 825.26 -153.793 812.511 -177.339 777 -186 c 24
 754.581 -191.468 743.304 -171.268 726 -156 c 24
 702.972 -135.681 694.89 -119.4 675 -96 c 25
 753 -96 l 25
 798 -48 l 17
 814.016 -16.4437 817.475 3.78023 810 54 c 1
438 305 m 25
 846 305 l 25
 846 305 869 341 894 350 c 1
 920 346 908 317 939 284 c 1
 947 266 930 255 912 255 c 9
 438 255 l 25
 438 305 l 25
447 415 m 25
 771 415 l 25
 771 365 l 25
 447 365 l 25
 447 415 l 25
441 524 m 25
 744 524 l 25
 744 474 l 25
 441 474 l 25
 441 524 l 25
426 645 m 25
 714 645 l 25
 730 658 736 683 756 678 c 24
 791 668 808 647 825 615 c 24
 832 602 812 597 804 585 c 25
 804 405 l 17
 796 376 790 354 759 351 c 1
 735 353 724 377 714 405 c 9
 714 595 l 25
 426 595 l 25
 426 645 l 25
411 670 m 25
 454.29 650.11 489.953 654.251 522 619 c 24
 535.745 603.881 509.19 589.72 501 571 c 25
 501 165 l 17
 493 136 487 114 456 111 c 1
 432 113 421 137 411 165 c 9
 411 670 l 25
519 768 m 25
 562.29 749.28 596.649 753.351 630 720 c 24
 642.41 707.59 606.238 705.578 594 693 c 24
 563.911 662.075 550.08 641.76 522 609 c 25
 477 618 l 25
 487.53 651.93 494.421 670.789 504 705 c 24
 510.81 729.321 513.15 743.43 519 768 c 25
96 224 m 25
 300 224 l 25
 300 174 l 25
 96 174 l 25
 96 224 l 25
96 636 m 25
 243 636 l 25
 259 649 265 674 285 669 c 24
 320 659 337 638 354 606 c 24
 361 593 341 588 333 576 c 25
 333 174 l 17
 325 145 319 123 288 120 c 1
 264 122 253 146 243 174 c 9
 243 586 l 25
 96 586 l 25
 96 636 l 25
72 681 m 25
 115 661 151 665 183 630 c 24
 197 615 170 601 162 582 c 25
 162 108 l 17
 154 79 148 57 117 54 c 1
 93 56 82 80 72 108 c 9
 72 681 l 25
EndSplineSet
EndChar
