Width: 1000
Flags: H
TeX: 117 0
LayerCount: 2
Fore
SplineSet
798 0 m 25
 798 94 l 25
 660 94 l 25
 660 144 l 25
 798 144 l 25
 814 157 820 182 840 177 c 24
 875 167 892 146 909 114 c 24
 916 101 896 96 888 84 c 25
 888 -57 l 17
 879 -102 866 -112 840 -138 c 24
 814 -163 795 -187 759 -183 c 24
 735 -180 750 -142 732 -126 c 24
 701 -98 675 -95 639 -75 c 25
 762 -75 l 25
 773 -62 782 -57 789 -42 c 24
 796 -27 794 -16 798 0 c 25
657 33 m 24
 648 11 630 -3 606 0 c 24
 587 2 579 23 579 42 c 24
 579 66 592 78 597 102 c 24
 609 160 612 194 621 252 c 25
 711 252 l 25
 690 167 691 114 657 33 c 24
525 291 m 25
 867 291 l 25
 867 291 890 327 915 336 c 1
 941 332 929 303 960 270 c 1
 968 252 951 241 933 241 c 9
 525 241 l 25
 525 291 l 25
549 408 m 25
 819 408 l 25
 819 408 842 444 867 453 c 1
 893 449 881 420 912 387 c 1
 920 369 903 358 885 358 c 9
 549 358 l 25
 549 408 l 25
753 562 m 1
 888 562 l 1
 888 512 l 1
 753 512 l 1
 753 562 l 1
750 708 m 25
 849 708 l 25
 865 721 871 746 891 741 c 24
 926 731 943 710 960 678 c 24
 967 665 947 660 939 648 c 25
 939 540 l 17
 931 511 925 489 894 486 c 1
 870 488 859 512 849 540 c 9
 849 658 l 25
 750 658 l 25
 750 708 l 25
714 738 m 25
 757 718 793 722 825 687 c 24
 839 672 812 658 804 639 c 25
 804 534 l 17
 796 505 790 483 759 480 c 1
 735 482 724 506 714 534 c 9
 714 738 l 25
513 569 m 1
 666 569 l 1
 666 519 l 1
 513 519 l 1
 513 569 l 1
510 708 m 25
 606 708 l 25
 622 721 628 746 648 741 c 24
 683 731 700 710 717 678 c 24
 724 665 704 660 696 648 c 25
 696 525 l 17
 688 496 682 474 651 471 c 1
 627 473 616 497 606 525 c 9
 606 658 l 25
 510 658 l 25
 510 708 l 25
477 747 m 25
 520 727 556 731 588 696 c 24
 602 681 575 667 567 648 c 25
 567 504 l 17
 559 475 553 453 522 450 c 1
 498 452 487 476 477 504 c 9
 477 747 l 25
408 105 m 25
 445 85 473 82 504 54 c 24
 525 35 536 17 537 -12 c 24
 538 -34 531 -55 510 -63 c 24
 488 -71 467 -61 453 -42 c 24
 432 -13 443 14 432 48 c 24
 425 71 417 83 408 105 c 25
306 87 m 25
 331 64 350 55 369 27 c 24
 388 -0 402 -18 402 -51 c 24
 402 -76 392 -96 369 -105 c 24
 349 -113 328 -103 318 -84 c 24
 301 -51 312 -26 309 12 c 24
 307 41 307 58 306 87 c 25
201 69 m 25
 220 50 238 45 249 21 c 24
 264 -10 269 -32 264 -66 c 24
 260 -92 253 -115 228 -123 c 24
 208 -129 192 -110 186 -90 c 24
 179 -66 196 -52 198 -27 c 24
 202 10 200 32 201 69 c 25
123 57 m 25
 137 11 154 -12 159 -60 c 24
 162 -88 159 -108 141 -129 c 24
 128 -145 110 -151 90 -144 c 24
 71 -138 61 -122 60 -102 c 24
 58 -74 74 -59 84 -33 c 24
 98 3 108 22 123 57 c 25
246 447 m 1
 336 447 l 1
 336 147 l 1
 246 147 l 1
 246 447 l 1
159 185 m 1
 417 185 l 1
 417 135 l 1
 159 135 l 1
 159 185 l 1
159 332 m 1
 429 332 l 1
 429 282 l 1
 159 282 l 1
 159 332 l 1
153 465 m 25
 369 465 l 25
 385 478 391 503 411 498 c 24
 446 488 463 467 480 435 c 24
 487 422 467 417 459 405 c 25
 459 174 l 17
 451 145 445 123 414 120 c 1
 390 122 379 146 369 174 c 9
 369 415 l 25
 153 415 l 25
 153 465 l 25
126 495 m 25
 169 475 205 479 237 444 c 24
 251 429 224 415 216 396 c 25
 216 138 l 17
 208 109 202 87 171 84 c 1
 147 86 136 110 126 138 c 9
 126 495 l 25
291 538 m 25
 189 538 l 25
 189 588 l 25
 309 588 l 25
 331 604 339 636 366 630 c 24
 400 622 413 594 423 561 c 24
 427 547 405 548 393 540 c 25
 324 450 l 25
 243 450 l 25
 291 538 l 25
174 735 m 25
 217 720 251 727 285 696 c 24
 298 684 270 672 261 657 c 25
 235 598 226 563 195 507 c 24
 161 446 141 411 93 360 c 24
 70 336 47 336 18 321 c 25
 41 363 58 385 78 429 c 24
 107 493 123 530 144 597 c 24
 160 650 162 681 174 735 c 25
EndSplineSet
EndChar
