Width: 1000
Flags: HW
LayerCount: 2
Fore
SplineSet
369 102 m 25
 394 81 414 75 432 48 c 24
 450 21 461 1 456 -30 c 24
 453 -50 434 -56 414 -60 c 24
 401 -63 389 -57 384 -45 c 24
 374 -22 383 -6 381 18 c 24
 378 51 374 69 369 102 c 25
252 90 m 25
 274 67 293 58 309 30 c 24
 326 -1 337 -22 333 -57 c 24
 331 -74 314 -81 297 -81 c 24
 281 -81 270 -72 264 -57 c 24
 255 -37 263 -22 261 0 c 24
 258 35 256 55 252 90 c 25
153 87 m 25
 175 53 193 37 210 0 c 24
 223 -27 232 -45 228 -75 c 24
 226 -91 212 -102 195 -102 c 24
 177 -102 163 -92 156 -75 c 24
 147 -55 159 -40 159 -18 c 24
 158 23 155 46 153 87 c 25
90 90 m 25
 106 42 132 18 132 -33 c 24
 132 -69 127 -100 96 -117 c 24
 71 -131 42 -115 27 -90 c 24
 15 -71 41 -57 48 -36 c 24
 65 13 74 41 90 90 c 25
207 477 m 1
 297 477 l 1
 297 147 l 1
 207 147 l 1
 207 477 l 1
141 178 m 1
 366 178 l 1
 366 128 l 1
 141 128 l 1
 141 178 l 1
144 344 m 1
 369 344 l 1
 369 294 l 1
 144 294 l 1
 144 344 l 1
132 504 m 25
 330 504 l 25
 346 517 352 542 372 537 c 24
 407 527 424 506 441 474 c 24
 448 461 428 456 420 444 c 25
 420 144 l 17
 412 115 406 93 375 90 c 1
 351 92 340 116 330 144 c 9
 330 454 l 25
 132 454 l 25
 132 504 l 25
81 531 m 25
 124 517 159 526 192 495 c 24
 207 481 179 466 171 447 c 25
 171 132 l 17
 163 103 157 81 126 78 c 1
 102 80 91 104 81 132 c 9
 81 531 l 25
300 601 m 25
 180 601 l 25
 180 651 l 25
 288 651 l 25
 308 662 317 685 339 678 c 24
 367 670 379 649 387 621 c 24
 392 605 374 599 366 585 c 25
 279 462 l 25
 228 462 l 25
 300 601 l 25
159 762 m 25
 194 749 223 756 249 729 c 24
 262 716 240 702 234 684 c 25
 201 623 187 586 150 528 c 24
 132 499 119 484 93 462 c 24
 69 442 51 438 24 423 c 25
 49 474 66 502 87 555 c 24
 119 634 131 681 159 762 c 25
498 -50 m 1
 894 -50 l 1
 894 -100 l 1
 498 -100 l 1
 498 -50 l 1
846 123 m 25
 889 103 925 107 957 72 c 24
 971 57 944 43 936 24 c 25
 936 -99 l 17
 928 -128 922 -150 891 -153 c 1
 867 -151 856 -127 846 -99 c 9
 846 123 l 25
462 129 m 25
 505 109 541 113 573 78 c 24
 587 63 560 49 552 30 c 25
 552 -111 l 17
 544 -140 538 -162 507 -165 c 1
 483 -163 472 -139 462 -111 c 9
 462 129 l 25
669 327 m 1
 759 327 l 1
 759 -75 l 1
 669 -75 l 1
 669 327 l 1
432 195 m 25
 838 195 l 25
 867 223 876 255 901 264 c 1
 927 260 969 207 1000 174 c 1
 1008 156 991 145 973 145 c 9
 432 145 l 25
 432 195 l 25
561 357 m 25
 852 357 l 25
 852 357 875 393 900 402 c 1
 926 398 914 369 945 336 c 1
 953 318 936 307 918 307 c 9
 561 307 l 25
 561 357 l 25
564 399 m 17
 592 390 624 389 642 363 c 9
 612 339 l 25
 586 302 577 276 546 243 c 24
 511 206 484 194 444 162 c 25
 467 208 481 233 504 279 c 24
 528 326 541 352 564 399 c 17
459 522 m 25
 502 503 532 502 570 474 c 24
 593 458 611 442 609 414 c 24
 608 393 585 379 564 384 c 24
 537 390 530 413 513 435 c 24
 489 467 480 488 459 522 c 25
597 549 m 24
 570 574 555 589 528 615 c 25
 568 606 595 611 630 591 c 24
 671 568 698 550 717 507 c 24
 725 490 699 468 681 474 c 24
 640 489 629 519 597 549 c 24
648 378 m 24
 610 341 582 326 534 303 c 24
 473 273 435 266 372 243 c 25
 430 286 467 306 522 354 c 24
 590 414 628 450 687 519 c 24
 719 556 729 584 756 625 c 25
 528 625 l 25
 528 675 l 25
 780 675 l 25
 794 687 799 712 816 705 c 24
 849 692 864 670 876 636 c 24
 881 622 860 620 849 609 c 25
 771 519 734 461 648 378 c 24
534 765 m 25
 578 751 614 761 648 729 c 24
 663 715 630 703 618 687 c 25
 595 652 583 631 558 597 c 24
 534 563 523 541 492 513 c 24
 460 485 435 478 399 456 c 25
 419 492 431 512 450 549 c 24
 472 591 487 613 504 657 c 24
 520 698 522 723 534 765 c 25
EndSplineSet
EndChar
