Width: 1000
Flags: HW
LayerCount: 2
Fore
SplineSet
918 -24 m 24
 903.5 8.30566 909.797 30.7939 906 66 c 24
 901.215 110.373 899.9 135.54 896 180 c 25
 919.01 153.87 938.152 143.47 955 113 c 24
 975.529 75.8721 988.051 52.3808 990 10 c 24
 991.36 -19.5938 989.788 -48.3502 963 -61 c 24
 942.455 -70.7021 927.303 -44.7286 918 -24 c 24
736 242 m 25
 763.69 214.31 788.322 205.418 807 171 c 24
 824.621 138.53 828.271 114.798 825 78 c 24
 823.218 57.9492 814.817 39.5293 795 36 c 24
 775.086 32.4541 760.397 46.5977 752 65 c 24
 740.002 91.2939 750.602 110.215 748 139 c 24
 744.359 179.277 740.68 201.83 736 242 c 25
620 -100 m 9
 620 213 l 25
 663.29 193.11 698.953 197.251 731 162 c 24
 744.745 146.881 718.19 132.72 710 114 c 25
 710 -15 l 17
 714 -45 735 -56 747 -61 c 9
 810 -61 l 25
 820.53 -31.75 828.384 -15.8701 837 14 c 24
 845.969 45.0928 847.98 63.4102 855 95 c 25
 862.8 38.4502 860.895 5.31544 875 -50 c 24
 881.084 -73.8594 909.206 -80.5869 906 -105 c 24
 902.841 -129.062 878 -146 862 -149 c 9
 656 -149 l 17
 638 -149 624 -127 620 -100 c 9
553 127 m 25
 567.82 77.4697 583.354 51.1308 591 0 c 24
 596.029 -33.6367 596.094 -54.8497 585 -87 c 24
 576.118 -112.738 566.917 -131.025 542 -142 c 24
 526.019 -149.039 510.503 -138.65 501 -124 c 24
 489.022 -105.534 488.94 -89.4208 494 -68 c 24
 501.179 -37.6123 521.957 -26.8868 531 3 c 24
 545.224 50.0107 544.42 78.6396 553 127 c 25
444 -24 m 24
 427.904 12.6777 436.363 38.1836 432 78 c 24
 427.003 123.597 424.68 149.37 420 195 c 25
 444.96 163.02 464.859 148.768 484 113 c 24
 504.018 75.5938 516.808 52.3691 519 10 c 24
 520.523 -19.4492 519.858 -48.8246 493 -61 c 24
 471.19 -70.8867 453.623 -45.9278 444 -24 c 24
273 248 m 25
 299.91 216.8 321.607 203.801 342 168 c 24
 357.593 140.626 365.244 121.423 363 90 c 24
 361.427 67.9805 354.382 47.4902 333 42 c 24
 313.094 36.8887 297.532 52.3027 289 71 c 24
 277.01 97.2773 288.601 116.233 286 145 c 24
 282.354 185.324 278.07 207.83 273 248 c 25
157 -100 m 9
 157 210 l 25
 200.29 190.11 235.953 194.251 268 159 c 24
 281.745 143.881 255.19 129.72 247 111 c 25
 247 -15 l 17
 243 -48 265 -56 276 -61 c 9
 339 -61 l 25
 350.7 -31.75 359.735 -16.1103 369 14 c 24
 378.517 44.9297 379.98 63.4102 387 95 c 25
 394.41 38.4502 391.706 5.21295 406 -50 c 24
 411.968 -73.0527 440.865 -78.3604 438 -102 c 24
 434.979 -126.927 409 -146 394 -149 c 9
 192 -149 l 17
 174 -149 161 -127 157 -100 c 9
91 127 m 25
 108.16 77.4697 127.455 51.8721 135 0 c 24
 140.264 -36.1895 135.999 -58.8174 123 -93 c 24
 114.054 -116.525 104.543 -133.1 81 -142 c 24
 64.999 -148.05 50.1717 -138.441 41 -124 c 24
 29.1992 -105.421 29.1002 -89.4579 34 -68 c 24
 40.9111 -37.7334 61.2895 -26.799 70 3 c 24
 83.7617 50.0781 82.8096 78.6396 91 127 c 25
831 375 m 24
 814 399 820 419 810 447 c 24
 796 487 786 509 771 549 c 25
 810 527 837 522 870 492 c 24
 901 464 926 446 930 405 c 24
 933 376 913 353 885 345 c 24
 862 338 845 356 831 375 c 24
486 591 m 25
 520 570 547 568 573 537 c 24
 594 512 605 489 600 456 c 24
 597 432 579 418 555 414 c 24
 536 411 522 424 513 441 c 24
 501 463 511 480 507 504 c 24
 501 538 494 557 486 591 c 25
306 312 m 9
 306 549 l 25
 349 529 385 533 417 498 c 24
 431 483 404 469 396 450 c 25
 396 384 l 17
 393 357 400 349 420 345 c 9
 645 345 l 25
 656 370 661 383 672 408 c 24
 684 435 690 450 702 477 c 25
 715 429 718 401 735 354 c 24
 741 337 766 333 762 315 c 24
 756 290 741 273 714 270 c 9
 366 270 l 17
 336 270 313 289 306 312 c 9
192 504 m 25
 207 469 225 452 231 414 c 24
 237 378 236 355 222 321 c 24
 212 297 199 282 174 276 c 24
 147 269 127 274 105 291 c 24
 90 303 85 322 93 339 c 24
 107 370 139 370 156 399 c 24
 178 436 178 463 192 504 c 25
615 789 m 25
 658 769 694 773 726 738 c 24
 740 723 713 709 705 690 c 25
 705 612 l 17
 697 583 691 561 660 558 c 1
 636 560 625 584 615 612 c 9
 615 789 l 25
348 798 m 25
 391 778 427 782 459 747 c 24
 473 732 446 718 438 699 c 25
 438 615 l 17
 430 586 424 564 393 561 c 1
 369 563 358 587 348 615 c 9
 348 798 l 25
48 696 m 25
 777 696 l 25
 806 724 815 756 840 765 c 1
 866 761 908 708 939 675 c 1
 947 657 930 646 912 646 c 9
 48 646 l 25
 48 696 l 25
EndSplineSet
EndChar
