Width: 1000
Flags: H
TeX: 117 0
LayerCount: 2
Fore
SplineSet
621 60 m 25
 650 37 674 30 696 0 c 24
 719 -32 736 -54 735 -93 c 24
 734 -119 719 -140 693 -144 c 24
 670 -147 658 -126 648 -105 c 24
 635 -79 641 -59 636 -30 c 24
 630 5 627 25 621 60 c 25
489 54 m 25
 523 25 548 14 576 -21 c 24
 593 -43 601 -60 600 -87 c 24
 599 -111 595 -133 573 -141 c 24
 552 -148 533 -133 522 -114 c 24
 505 -84 514 -61 507 -27 c 24
 501 5 496 22 489 54 c 25
384 36 m 25
 411 2 435 -11 453 -51 c 24
 468 -86 482 -113 465 -147 c 24
 454 -169 420 -170 402 -153 c 24
 378 -131 387 -104 384 -72 c 24
 380 -30 384 -6 384 36 c 25
279 12 m 25
 291 -24 309 -43 309 -81 c 24
 309 -110 301 -130 279 -150 c 24
 258 -169 236 -181 210 -171 c 24
 186 -162 174 -138 180 -114 c 24
 187 -85 219 -86 237 -63 c 24
 258 -37 263 -17 279 12 c 25
831 -183 m 24
 811 -191 810 -157 795 -141 c 24
 777 -122 766 -112 747 -93 c 25
 819 -93 l 25
 819 55 l 25
 309 55 l 25
 309 105 l 25
 819 105 l 25
 835 118 841 143 861 138 c 24
 896 128 913 107 930 75 c 24
 937 62 917 57 909 45 c 25
 909 -96 l 1
 897 -129 873 -166 831 -183 c 24
315 210 m 25
 684 210 l 25
 713 238 722 270 747 279 c 1
 773 275 815 222 846 189 c 1
 854 171 837 160 819 160 c 9
 315 160 l 25
 315 210 l 25
357 279 m 25
 357 78 l 17
 349 49 343 27 312 24 c 1
 288 26 277 50 267 78 c 9
 267 279 l 9
 357 279 l 25
570 522 m 25
 660 522 l 25
 660 288 l 25
 570 288 l 25
 570 522 l 25
354 510 m 25
 444 510 l 25
 444 294 l 25
 354 294 l 25
 354 510 l 25
189 310 m 25
 786 310 l 25
 786 260 l 25
 189 260 l 25
 189 310 l 25
189 429 m 25
 744 429 l 25
 760 442 766 467 786 462 c 24
 821 452 838 431 855 399 c 24
 862 386 842 381 834 369 c 25
 834 273 l 17
 826 244 820 222 789 219 c 1
 765 221 754 245 744 273 c 9
 744 379 l 25
 189 379 l 25
 189 429 l 25
441 516 m 25
 441 657 l 25
 484 637 520 641 552 606 c 24
 566 591 539 577 531 558 c 25
 531 516 l 25
 441 516 l 25
186 543 m 25
 735 543 l 25
 764 571 773 603 798 612 c 1
 824 608 866 555 897 522 c 1
 905 504 888 493 870 493 c 9
 186 493 l 25
 186 543 l 25
150 183 m 25
 150 573 l 25
 193 553 229 557 261 522 c 24
 275 507 248 493 240 474 c 25
 240 180 l 25
 226 124 226 89 204 36 c 24
 180 -22 161 -52 123 -102 c 24
 100 -132 79 -140 51 -165 c 25
 66 -125 77 -103 90 -63 c 24
 109 -4 120 30 135 90 c 24
 144 126 144 147 150 183 c 25
561 789 m 25
 604 769 640 773 672 738 c 24
 686 723 659 709 651 690 c 25
 651 636 l 17
 643 607 637 585 606 582 c 1
 582 584 571 608 561 636 c 9
 561 789 l 25
327 786 m 25
 370 766 406 770 438 735 c 24
 452 720 425 706 417 687 c 25
 417 639 l 17
 409 610 403 588 372 585 c 1
 348 587 337 611 327 639 c 9
 327 786 l 25
93 696 m 25
 783 696 l 25
 812 724 821 756 846 765 c 1
 872 761 914 708 945 675 c 1
 953 657 936 646 918 646 c 9
 93 646 l 25
 93 696 l 25
EndSplineSet
EndChar
