Width: 1000
Flags: H
TeX: 117 0
LayerCount: 2
Fore
SplineSet
621 381 m 25
 658 361 689 361 717 330 c 24
 738 307 745 283 738 252 c 24
 733 230 713 220 690 219 c 24
 673 218 665 233 657 249 c 24
 645 273 649 290 642 315 c 24
 635 341 629 355 621 381 c 25
678 198 m 25
 711 170 739 162 762 126 c 24
 769 115 744 117 735 108 c 24
 690 63 672 30 624 -12 c 24
 585 -47 561 -67 513 -90 c 24
 461 -115 429 -124 372 -135 c 24
 321 -145 291 -140 240 -144 c 25
 298 -116 333 -103 390 -72 c 24
 452 -38 489 -21 543 24 c 24
 583 57 595 85 627 126 c 24
 648 153 658 170 678 198 c 25
204 102 m 25
 366 102 l 25
 366 102 389 138 414 147 c 1
 440 143 428 114 459 81 c 1
 467 63 450 52 432 52 c 9
 204 52 l 25
 204 102 l 25
483 180 m 25
 483 378 l 25
 526 358 562 362 594 327 c 24
 608 312 581 298 573 279 c 25
 573 177 l 25
 587 152 592 136 609 114 c 24
 646 67 666 39 711 0 c 24
 738 -24 760 -27 792 -45 c 25
 804 -33 812 -28 822 -15 c 24
 844 16 853 36 873 69 c 25
 868 19 857 -10 861 -60 c 24
 863 -81 890 -87 888 -108 c 24
 886 -128 872 -140 852 -144 c 24
 817 -151 794 -147 762 -132 c 24
 711 -109 687 -87 645 -51 c 24
 595 -7 566 18 528 72 c 24
 502 109 501 138 483 180 c 25
174 264 m 25
 750 264 l 25
 779 292 788 324 813 333 c 1
 839 329 881 276 912 243 c 1
 920 225 903 214 885 214 c 9
 174 214 l 25
 174 264 l 25
156 0 m 9
 156 282 l 25
 199 262 235 266 267 231 c 24
 281 216 254 202 246 183 c 25
 246 18 l 25
 233 -16 234 -40 213 -69 c 24
 194 -95 175 -104 147 -120 c 24
 116 -137 96 -140 63 -153 c 25
 91 -120 113 -106 135 -69 c 24
 150 -45 150 -33 156 0 c 9
507 537 m 1
 597 537 l 1
 597 369 l 1
 507 369 l 1
 507 537 l 1
327 534 m 1
 417 534 l 1
 417 378 l 1
 327 378 l 1
 327 534 l 1
192 406 m 1
 735 406 l 1
 735 356 l 1
 192 356 l 1
 192 406 l 1
189 552 m 25
 678 552 l 25
 694 565 700 590 720 585 c 24
 755 575 772 554 789 522 c 24
 796 509 776 504 768 492 c 25
 768 396 l 17
 760 367 754 345 723 342 c 1
 699 344 688 368 678 396 c 9
 678 502 l 25
 189 502 l 25
 189 552 l 25
159 576 m 25
 202 556 238 560 270 525 c 24
 284 510 257 496 249 477 c 25
 249 369 l 17
 241 340 235 318 204 315 c 1
 180 317 169 341 159 369 c 9
 159 576 l 25
528 792 m 25
 571 772 607 776 639 741 c 24
 653 726 626 712 618 693 c 25
 618 606 l 17
 610 577 604 555 573 552 c 1
 549 554 538 578 528 606 c 9
 528 792 l 25
336 789 m 25
 379 769 415 773 447 738 c 24
 461 723 434 709 426 690 c 25
 426 606 l 17
 418 577 412 555 381 552 c 1
 357 554 346 578 336 606 c 9
 336 789 l 25
75 693 m 25
 774 693 l 25
 774 693 812 753 837 762 c 1
 863 758 905 705 936 672 c 1
 944 654 927 643 909 643 c 9
 75 643 l 25
 75 693 l 25
EndSplineSet
EndChar
