Width: 1000
Flags: H
TeX: 117 0
LayerCount: 2
Fore
SplineSet
261 75 m 25
 298.44 52.7695 323.55 45.8751 357 18 c 24
 394.547 -13.2891 417.039 -32.4025 441 -75 c 24
 450.769 -92.3652 448.039 -108.79 438 -126 c 24
 429.296 -140.922 415.59 -151.816 399 -147 c 24
 371.94 -139.144 363.755 -120.028 345 -99 c 24
 324.902 -76.4658 317.911 -60.3077 300 -36 c 24
 285.146 -15.8418 276.21 -4.88965 261 15 c 25
 261 75 l 25
657 357 m 1
 747 357 l 1
 747 -99 l 1
 657 -99 l 1
 657 357 l 1
537 78 m 25
 846 78 l 25
 846 78 869 114 894 123 c 1
 920 119 908 90 939 57 c 1
 947 39 930 28 912 28 c 9
 537 28 l 25
 537 78 l 25
525 -87 m 25
 870 -87 l 25
 870 -87 893 -51 918 -42 c 1
 944 -46 932 -75 963 -108 c 1
 971 -126 954 -137 936 -137 c 9
 525 -137 l 25
 525 -87 l 25
567 405 m 25
 567 -129 l 17
 559 -158 553 -180 522 -183 c 1
 498 -181 487 -157 477 -129 c 9
 477 267 l 25
 567 405 l 25
513 227 m 25
 840 227 l 25
 840 227 863 263 888 272 c 1
 914 268 902 239 933 206 c 1
 941 188 924 177 906 177 c 9
 513 177 l 25
 513 227 l 25
525 369 m 25
 834 369 l 25
 834 369 857 405 882 414 c 1
 908 410 896 381 927 348 c 1
 935 330 918 319 900 319 c 9
 525 319 l 25
 525 369 l 25
714 339 m 25
 672 339 l 25
 699 534 l 25
 738.78 521.13 766.212 524.192 801 501 c 24
 810.588 494.608 793.68 484.53 789 474 c 25
 714 339 l 25
519 531 m 25
 555.27 511.11 586.159 512.301 612 480 c 24
 622.791 466.511 599.19 456.21 591 441 c 25
 579.3 407.07 574.622 387.205 561 354 c 24
 537.147 295.859 528.01 260.476 495 207 c 24
 468.868 164.667 443.76 148.44 411 111 c 25
 432.06 182.37 444.736 222.4 465 294 c 24
 479.839 346.431 488.895 375.872 501 429 c 24
 509.974 468.385 511.98 491.22 519 531 c 25
228 123 m 25
 228 399 l 25
 318 399 l 25
 318 69 l 17
 297 15 283.987 -14.9316 249 -60 c 24
 213.961 -105.135 189.821 -129.312 141 -159 c 24
 101.163 -183.225 71.46 -180.96 27 -195 c 25
 55.0801 -166.92 72.3719 -152.461 99 -123 c 24
 127.428 -91.5479 144.327 -74.171 168 -39 c 24
 185.53 -12.9561 193.096 3.55975 204 33 c 24
 216.617 67.0654 218.64 87.9004 228 123 c 25
81 213 m 25
 360 213 l 25
 360 213 383 249 408 258 c 1
 434 254 422 225 453 192 c 1
 461 174 444 163 426 163 c 9
 81 163 l 25
 81 213 l 25
159 423 m 25
 348 423 l 25
 348 423 371 459 396 468 c 1
 422 464 410 435 441 402 c 1
 449 384 432 373 414 373 c 9
 159 373 l 25
 159 423 l 25
147 558 m 25
 183.27 542.79 212.189 546.811 240 519 c 24
 251.523 507.477 230.85 495.21 225 480 c 25
 212.13 441.39 208.765 418.085 192 381 c 24
 169.999 332.33 161.654 300.769 126 261 c 24
 98.6748 230.522 71.0996 228.06 36 207 c 25
 48.8701 230.4 59.7676 241.94 69 267 c 24
 92.6709 331.251 102.272 368.862 120 435 c 24
 132.715 482.438 136.47 510.03 147 558 c 25
552 789 m 25
 595.29 769.11 630.953 773.251 663 738 c 24
 676.745 722.881 650.19 708.72 642 690 c 25
 642 576 l 17
 634 547 628 525 597 522 c 1
 573 524 562 548 552 576 c 9
 552 789 l 25
294 795 m 25
 337.29 775.11 372.953 779.251 405 744 c 24
 418.745 728.881 392.19 714.72 384 696 c 25
 384 567 l 17
 376 538 370 516 339 513 c 1
 315 515 304 539 294 567 c 9
 294 795 l 25
72 675 m 25
 756 675 l 25
 785 703 794 735 819 744 c 1
 845 740 887 687 918 654 c 1
 926 636 909 625 891 625 c 9
 72 625 l 25
 72 675 l 25
EndSplineSet
EndChar
