Width: 1000
Flags: H
TeX: 117 0
LayerCount: 2
Fore
SplineSet
396 -49 m 1
 633 -49 l 1
 633 -99 l 1
 396 -99 l 1
 396 -49 l 1
399 48 m 9
 588 48 l 25
 604.38 60.8701 609.891 86.435 630 81 c 24
 665.178 71.4922 682.287 50.3809 699 18 c 24
 705.55 5.30859 686.19 -0.299805 678 -12 c 25
 678 -75 l 17
 670 -104 664 -126 633 -129 c 1
 609 -127 598 -103 588 -75 c 9
 588 -2 l 25
 399 -2 l 25
 399 48 l 9
351 84 m 25
 394.29 64.1104 429.953 68.2512 462 33 c 24
 475.745 17.8809 449.19 3.71973 441 -15 c 25
 441 -81 l 17
 433 -110 427 -132 396 -135 c 1
 372 -133 361 -109 351 -81 c 9
 351 84 l 25
741 -123 m 25
 741 76 l 25
 243 76 l 25
 243 126 l 25
 741 126 l 25
 757.38 138.87 762.891 164.435 783 159 c 24
 818.178 149.492 835.287 128.381 852 96 c 24
 858.55 83.3086 839.19 77.7002 831 66 c 25
 831 -156 l 25
 809.94 -172.38 803.68 -198 777 -198 c 24
 752.993 -198 751.135 -170.497 732 -156 c 24
 712.327 -141.096 699.06 -135.87 678 -123 c 25
 741 -123 l 25
192 162 m 25
 235.29 142.11 270.953 146.251 303 111 c 24
 316.745 95.8809 290.19 81.7197 282 63 c 25
 282 -138 l 17
 274 -167 268 -189 237 -192 c 1
 213 -190 202 -166 192 -138 c 9
 192 162 l 25
339 227 m 1
 663 227 l 1
 663 177 l 1
 339 177 l 1
 339 227 l 1
345 327 m 25
 603 327 l 25
 619.38 339.87 624.891 365.435 645 360 c 24
 680.178 350.492 697.287 329.381 714 297 c 24
 720.55 284.309 701.19 278.7 693 267 c 25
 693 204 l 17
 685 175 679 153 648 150 c 1
 624 152 613 176 603 204 c 9
 603 277 l 25
 345 277 l 25
 345 327 l 25
303 360 m 25
 346.29 340.11 381.953 344.251 414 309 c 24
 427.745 293.881 401.19 279.72 393 261 c 25
 393 201 l 17
 385 172 379 150 348 147 c 1
 324 149 313 173 303 201 c 9
 303 360 l 25
597 423 m 25
 675 423 l 25
 708 394 723 373 759 348 c 24
 812 310 847 295 903 261 c 24
 933 243 951 234 981 216 c 25
 958 204 943 200 921 186 c 24
 902 174 898 146 876 150 c 24
 835 157 820 182 789 210 c 24
 743 252 723 281 681 327 c 24
 648 364 630 386 597 423 c 25
432 519 m 25
 540 519 l 25
 518 485 510 463 483 432 c 24
 449 393 427 374 387 342 c 24
 324 291 287 263 219 219 c 24
 187 199 168 189 132 177 c 24
 88 162 61 161 15 150 c 25
 71 191 105 212 159 255 c 24
 241 320 288 356 363 429 c 24
 395 460 405 484 432 519 c 25
102 453 m 25
 744 453 l 25
 773 481 782 513 807 522 c 1
 833 518 875 465 906 432 c 1
 914 414 897 403 879 403 c 9
 102 403 l 25
 102 453 l 25
315 492 m 24
 223 492 170 492 78 492 c 25
 190 508 254 517 366 534 c 24
 456 548 508 552 597 570 c 24
 649 580 729 606 729 606 c 1
 729 606 786 547 798 498 c 24
 802 482 772 496 756 495 c 25
 584 494 487 493 315 492 c 24
561 783 m 25
 604.29 763.11 639.953 767.251 672 732 c 24
 685.745 716.881 659.19 702.72 651 684 c 25
 651 630 l 17
 643 601 637 579 606 576 c 1
 582 578 571 602 561 630 c 9
 561 783 l 25
348 783 m 25
 391.29 763.11 426.953 767.251 459 732 c 24
 472.745 716.881 446.19 702.72 438 684 c 25
 438 630 l 17
 430 601 424 579 393 576 c 1
 369 578 358 602 348 630 c 9
 348 783 l 25
69 678 m 25
 783 678 l 25
 812 706 821 738 846 747 c 1
 872 743 914 690 945 657 c 1
 953 639 936 628 918 628 c 9
 69 628 l 25
 69 678 l 25
EndSplineSet
EndChar
