Width: 1000
Flags: H
TeX: 117 0
LayerCount: 2
Fore
SplineSet
102 99 m 25
 102 189 l 25
 192 189 l 25
 192 87 l 25
 177 53 173 31 153 0 c 24
 131 -35 118 -57 84 -81 c 24
 56 -101 33 -99 0 -111 c 25
 29 -72 54 -56 75 -12 c 24
 94 28 91 56 102 99 c 25
111 337 m 1
 255 337 l 1
 255 287 l 1
 111 287 l 1
 111 337 l 1
69 218 m 1
 267 218 l 1
 267 168 l 1
 69 168 l 1
 69 218 l 1
78 507 m 25
 121 487 157 491 189 456 c 24
 203 441 176 427 168 408 c 25
 168 303 l 17
 160 274 154 252 123 249 c 1
 99 251 88 275 78 303 c 9
 78 507 l 25
726 618 m 25
 774 598 809 600 849 567 c 24
 868 552 870 530 864 507 c 24
 860 491 845 484 828 483 c 24
 811 482 802 492 789 504 c 24
 775 516 771 527 762 543 c 24
 746 571 740 589 726 618 c 25
447 333 m 1
 537 333 l 1
 537 210 l 1
 447 210 l 1
 447 333 l 1
450 96 m 1
 540 96 l 1
 540 -51 l 1
 450 -51 l 1
 450 96 l 1
366 -30 m 25
 552 -30 l 25
 552 -30 575 6 600 15 c 1
 626 11 614 -18 645 -51 c 1
 653 -69 636 -80 618 -80 c 9
 366 -80 l 25
 366 -30 l 25
360 118 m 1
 585 118 l 1
 585 68 l 1
 360 68 l 1
 360 118 l 1
363 234 m 25
 528 234 l 25
 544 247 550 272 570 267 c 24
 605 257 622 236 639 204 c 24
 646 191 626 186 618 174 c 25
 618 105 l 17
 610 76 604 54 573 51 c 1
 549 53 538 77 528 105 c 9
 528 184 l 25
 363 184 l 25
 363 234 l 25
366 351 m 25
 522 351 l 25
 522 351 545 387 570 396 c 1
 596 392 584 363 615 330 c 1
 623 312 606 301 588 301 c 9
 366 301 l 25
 366 351 l 25
324 384 m 25
 367 364 403 368 435 333 c 24
 449 318 422 304 414 285 c 25
 414 -93 l 17
 406 -122 400 -144 369 -147 c 1
 345 -145 334 -121 324 -93 c 9
 324 384 l 25
816 366 m 25
 857 340 889 336 921 300 c 24
 930 289 908 282 900 270 c 25
 881 221 874 192 852 144 c 24
 822 78 813 36 768 -21 c 24
 717 -86 681 -118 612 -162 c 24
 576 -185 548 -178 507 -189 c 25
 540 -161 563 -150 591 -117 c 24
 650 -47 686 -8 729 72 c 24
 765 140 770 185 792 258 c 24
 804 299 807 324 816 366 c 25
633 246 m 9
 633 600 l 25
 676 580 712 584 744 549 c 24
 758 534 731 520 723 501 c 25
 723 261 l 25
 732 221 731 197 747 159 c 24
 770 103 784 70 822 24 c 24
 846 -5 871 -9 903 -30 c 25
 978 69 l 25
 965 20 947 -6 945 -57 c 24
 944 -81 975 -88 972 -111 c 24
 969 -135 957 -155 933 -159 c 24
 904 -165 886 -149 861 -132 c 24
 813 -98 787 -76 750 -30 c 24
 713 16 698 47 675 102 c 24
 652 156 648 171 633 246 c 9
237 471 m 25
 852 471 l 25
 852 471 869 513 894 522 c 1
 920 518 941 483 972 450 c 1
 980 432 963 421 945 421 c 9
 237 421 l 25
 237 471 l 25
213 33 m 25
 213 507 l 25
 256 487 292 491 324 456 c 24
 338 441 311 427 303 408 c 25
 303 27 l 17
 303 -33 300 -52 273 -90 c 24
 243 -132 211 -144 165 -168 c 24
 134 -184 112 -183 78 -192 c 25
 105 -169 123 -158 147 -132 c 24
 172 -105 190 -91 204 -57 c 24
 217 -24 209 -2 213 33 c 25
519 801 m 25
 562 781 598 785 630 750 c 24
 644 735 617 721 609 702 c 25
 609 585 l 17
 601 556 595 534 564 531 c 1
 540 533 529 557 519 585 c 9
 519 801 l 25
315 795 m 25
 358 775 394 779 426 744 c 24
 440 729 413 715 405 696 c 25
 405 588 l 17
 397 559 391 537 360 534 c 1
 336 536 325 560 315 588 c 9
 315 795 l 25
48 696 m 25
 762 696 l 25
 791 724 800 756 825 765 c 1
 851 761 893 708 924 675 c 1
 932 657 915 646 897 646 c 9
 48 646 l 25
 48 696 l 25
EndSplineSet
EndChar
