Width: 1000
Flags: HW
LayerCount: 2
Fore
SplineSet
715 377 m 17
 757 375 806 370 832 359 c 0
 873 341 901 327 923 288 c 24
 936 265 930 237 908 222 c 24
 887 207 863 217 842 232 c 24
 809 255 804 282 778 312 c 24
 755 339 740 352 715 377 c 17
842 577 m 25
 842 577 897 537 918 501 c 24
 923 492 903 494 893 490 c 17
 860 470 836 457 796 443 c 24
 762 431 743 428 705 426 c 1
 744 462 767 487 804 528 c 24
 820 546 842 577 842 577 c 25
186 153 m 0
 148 186 102 252 102 252 c 25
 102 252 182 284 231 308 c 24
 274 329 297 341 338 367 c 1
 328 334 304 300 276 261 c 24
 254 231 227 203 210 192 c 9
 201 177 193 147 186 153 c 0
137 567 m 17
 172 564 210 560 235 544 c 0
 272 520 297 501 309 459 c 24
 317 431 304 402 277 393 c 24
 251 384 226 405 215 426 c 0
 200 454 198 470 183 496 c 0
 165 528 155 539 137 567 c 17
513 115 m 25
 582 118 l 25
 582 118 658 51 714 20 c 24
 766 -10 799 -20 857 -38 c 24
 902 -51 978 -57 978 -57 c 25
 978 -57 933 -80 910 -101 c 24
 896 -113 911 -134 882 -140 c 0
 850 -146 809 -131 769 -108 c 0
 723 -80 686 -51 638 -10 c 24
 585 36 513 115 513 115 c 25
401 111 m 25
 509 111 l 25
 506 78 l 25
 506 78 448 17 405 -15 c 24
 352 -54 319 -73 261 -104 c 24
 228 -121 207 -129 171 -138 c 24
 133 -147 111 -149 72 -150 c 1
 116 -128 142 -113 183 -84 c 24
 239 -44 270 -19 321 27 c 24
 355 57 401 111 401 111 c 25
474 243 m 25
 474 243 553 227 585 192 c 24
 599 177 572 163 564 144 c 25
 564 -3 l 2
 564 -24 573 -108 567 -141 c 0
 559 -183 524 -195 504 -195 c 0
 484 -195 466 -188 465 -166 c 0
 464 -146 474 -54 474 -18 c 2
 474 243 l 25
111 141 m 25
 813 141 l 25
 842 169 851 201 876 210 c 1
 902 206 944 153 975 120 c 1
 983 102 966 91 948 91 c 9
 111 91 l 25
 111 141 l 25
400 265 m 25
 658 265 l 25
 658 215 l 25
 400 215 l 25
 400 265 l 25
385 387 m 25
 660 387 l 25
 660 337 l 25
 385 337 l 25
 385 387 l 25
409 516 m 25
 603 516 l 25
 619 529 625 554 645 549 c 24
 680 539 697 518 714 486 c 24
 721 473 701 468 693 456 c 25
 693 378 l 2
 693 357 706 273 700 240 c 0
 692 198 657 186 637 186 c 0
 617 186 599 193 598 215 c 0
 597 235 603 327 603 363 c 2
 603 466 l 25
 409 466 l 25
 409 516 l 25
361 543 m 25
 361 543 440 527 472 492 c 24
 486 477 459 463 451 444 c 25
 451 375 l 2
 451 354 460 270 454 237 c 0
 446 195 411 183 391 183 c 0
 371 183 353 190 352 212 c 0
 351 232 361 324 361 360 c 2
 361 543 l 25
486 645 m 25
 486 645 554 622 585 591 c 24
 594 582 571 577 563 567 c 24
 542 540 513 495 513 495 c 25
 447 495 l 25
 447 495 464 546 473 579 c 24
 480 604 486 645 486 645 c 25
621 795 m 25
 621 795 702 771 735 732 c 24
 748 716 722 703 714 684 c 25
 714 661 l 2
 714 639 727 617 721 584 c 0
 713 542 678 530 658 530 c 0
 638 530 620 537 619 559 c 0
 618 579 625 671 624 707 c 2
 621 795 l 25
321 789 m 25
 321 789 400 773 432 738 c 24
 446 723 419 709 411 690 c 25
 411 675 l 2
 411 654 420 615 414 582 c 0
 406 540 371 528 351 528 c 0
 331 528 313 535 312 557 c 0
 311 577 321 669 321 705 c 2
 321 789 l 25
69 675 m 25
 807 675 l 25
 836 703 845 735 870 744 c 1
 896 740 938 687 969 654 c 1
 977 636 960 625 942 625 c 9
 69 625 l 25
 69 675 l 25
EndSplineSet
EndChar
