Width: 1000
Flags: HW
LayerCount: 2
Fore
SplineSet
579 800 m 25
 622 780 658 784 690 749 c 24
 704 734 677 720 669 701 c 25
 669 624 l 17
 661 595 655 573 624 570 c 1
 600 572 589 596 579 624 c 9
 579 800 l 25
339 798 m 25
 382 778 418 782 450 747 c 24
 464 732 437 718 429 699 c 25
 429 624 l 17
 421 595 415 573 384 570 c 1
 360 572 349 596 339 624 c 9
 339 798 l 25
75 696 m 25
 813 696 l 25
 842 724 851 756 876 765 c 1
 902 761 944 708 975 675 c 1
 983 657 966 646 948 646 c 9
 75 646 l 25
 75 696 l 25
351 102 m 25
 441 102 l 25
 427 67 424 45 405 12 c 24
 382 -27 367 -50 333 -80 c 24
 291 -117 263 -133 213 -159 c 24
 179 -176 156 -177 120 -189 c 25
 166 -149 195 -131 237 -87 c 24
 275 -47 296 -23 324 24 c 24
 341 52 340 72 351 102 c 25
27 128 m 25
 444 128 l 25
 444 128 466 159 490 168 c 1
 509 161 533 133 552 107 c 1
 560 89 544 78 526 78 c 9
 27 78 l 25
 27 128 l 25
602 432 m 25
 628 352 635 305 669 228 c 24
 704 148 725 102 777 32 c 24
 810 -12 839 -30 885 -60 c 24
 918 -82 942 -84 978 -100 c 25
 949 -116 932 -124 903 -142 c 24
 887 -152 882 -175 864 -170 c 24
 823 -158 804 -139 777 -106 c 24
 712 -26 676 22 633 115 c 24
 587 215 583 279 551 384 c 25
 602 432 l 25
795 424 m 25
 882 424 l 25
 873 360 871 324 858 261 c 16
 849 219 831 171 810 138 c 8
 784 97 771 72 738 36 c 24
 692 -13 665 -41 609 -78 c 24
 552 -116 515 -131 450 -155 c 24
 413 -169 390 -166 351 -173 c 25
 420 -129 462 -109 528 -60 c 24
 570 -29 592 -8 627 30 c 24
 669 76 695 102 726 156 c 24
 756 208 765 242 780 300 c 24
 792 347 789 376 795 424 c 25
548 445 m 25
 873 445 l 25
 873 445 895 476 919 485 c 1
 938 478 962 450 981 424 c 1
 989 406 973 395 955 395 c 9
 548 395 l 25
 548 445 l 25
573 605 m 25
 613 589 642 591 675 563 c 24
 685 554 662 546 657 534 c 24
 631 475 623 438 594 381 c 24
 568 330 551 303 516 258 c 24
 493 229 483 213 447 195 c 9
 477 281 498 329 525 416 c 24
 541 467 545 497 558 548 c 24
 564 570 567 583 573 605 c 25
159 0 m 25
 213 -14 245 -15 297 -35 c 24
 345 -54 379 -60 411 -100 c 24
 424 -116 408 -145 387 -147 c 24
 345 -151 324 -127 285 -111 c 24
 249 -96 231 -83 195 -67 c 24
 173 -57 160 -53 138 -44 c 25
 159 0 l 25
210 236 m 25
 244 214 269 207 297 179 c 24
 303 173 288 168 285 161 c 24
 264 114 256 87 234 41 c 24
 213 -1 209 -30 174 -65 c 24
 158 -81 135 -91 114 -81 c 24
 94 -71 102 -51 105 -32 c 24
 109 -8 123 3 132 26 c 24
 155 83 165 116 186 173 c 24
 195 198 201 211 210 236 c 25
312 425 m 25
 348 406 372 400 405 375 c 24
 431 355 450 343 462 312 c 24
 469 295 463 276 447 267 c 24
 428 257 411 265 393 276 c 24
 375 287 374 303 360 318 c 24
 343 336 331 344 312 360 c 25
 312 425 l 25
399 626 m 25
 426 602 448 594 468 564 c 24
 473 556 460 551 453 544 c 16
 453 544 426 523 411 508 c 0
 392 489 348 457 321 451 c 9
 334 480 341 497 354 526 c 24
 371 565 381 587 399 626 c 25
219 414 m 25
 276 414 l 25
 276 345 l 25
 249 320 237 303 207 282 c 24
 175 260 155 250 120 234 c 24
 92 222 74 219 45 210 c 25
 84 250 108 270 144 312 c 24
 176 350 190 374 219 414 c 25
24 450 m 25
 411 450 l 25
 411 450 433 481 457 490 c 1
 476 483 500 455 519 429 c 1
 527 411 511 400 493 400 c 9
 24 400 l 25
 24 450 l 25
90 607 m 25
 126 592 152 593 183 568 c 24
 209 547 224 529 228 496 c 24
 230 476 215 459 195 457 c 24
 173 455 162 472 147 488 c 24
 134 501 134 513 126 530 c 24
 112 560 104 577 90 607 c 25
243 642 m 25
 286 622 322 626 354 591 c 24
 368 576 341 562 333 543 c 25
 333 210 l 17
 325 181 319 159 288 156 c 1
 264 158 253 182 243 210 c 9
 243 642 l 25
EndSplineSet
EndChar
