Width: 1000
Flags: H
TeX: 117 0
LayerCount: 2
Fore
SplineSet
480 651 m 25
 523 631 559 635 591 600 c 24
 605 585 578 571 570 552 c 25
 570 -99 l 17
 562 -128 556 -150 525 -153 c 1
 501 -151 490 -127 480 -99 c 9
 480 651 l 25
642 264 m 1
 810 264 l 1
 810 214 l 1
 642 214 l 1
 642 264 l 1
606 357 m 25
 649 337 685 341 717 306 c 24
 731 291 704 277 696 258 c 25
 696 225 l 17
 688 196 682 174 651 171 c 1
 627 173 616 197 606 225 c 9
 606 357 l 25
648 73 m 1
 792 73 l 1
 792 23 l 1
 648 23 l 1
 648 73 l 1
618 99 m 25
 661 79 697 83 729 48 c 24
 743 33 716 19 708 0 c 25
 708 -99 l 17
 700 -128 694 -150 663 -153 c 1
 639 -151 628 -127 618 -99 c 9
 618 99 l 25
774 369 m 25
 817 349 853 353 885 318 c 24
 899 303 872 289 864 270 c 25
 864 -117 l 17
 856 -146 850 -168 819 -171 c 1
 795 -169 784 -145 774 -117 c 9
 774 369 l 25
210 175 m 1
 810 175 l 1
 810 125 l 1
 210 125 l 1
 210 175 l 1
216 273 m 1
 360 273 l 1
 360 223 l 1
 216 223 l 1
 216 273 l 1
336 351 m 25
 379 331 415 335 447 300 c 24
 461 285 434 271 426 252 c 25
 426 231 l 17
 418 202 412 180 381 177 c 1
 357 179 346 203 336 231 c 9
 336 351 l 25
216 81 m 25
 324 81 l 25
 340 94 346 119 366 114 c 24
 401 104 418 83 435 51 c 24
 442 38 422 33 414 21 c 25
 414 -99 l 17
 406 -128 400 -150 369 -153 c 1
 345 -151 334 -127 324 -99 c 9
 324 31 l 25
 216 31 l 25
 216 81 l 25
174 33 m 25
 174 363 l 25
 217 343 253 347 285 312 c 24
 299 297 272 283 264 264 c 25
 264 48 l 25
 253 7 257 -20 237 -57 c 24
 218 -91 202 -111 168 -129 c 24
 133 -148 108 -140 69 -147 c 25
 103 -108 130 -92 156 -48 c 24
 172 -20 167 1 174 33 c 25
222 415 m 1
 723 415 l 1
 723 365 l 1
 222 365 l 1
 222 415 l 1
105 496 m 25
 795 496 l 25
 824 524 833 556 858 565 c 1
 884 561 926 508 957 475 c 1
 965 457 948 446 930 446 c 9
 105 446 l 25
 105 496 l 25
195 573 m 25
 696 573 l 25
 712 586 718 611 738 606 c 24
 773 596 790 575 807 543 c 24
 814 530 794 525 786 513 c 25
 786 411 l 17
 778 382 772 360 741 357 c 1
 717 359 706 383 696 411 c 9
 696 523 l 25
 195 523 l 25
 195 573 l 25
603 777 m 25
 646 757 682 761 714 726 c 24
 728 711 701 697 693 678 c 25
 693 621 l 17
 685 592 679 570 648 567 c 1
 624 569 613 593 603 621 c 9
 603 777 l 25
351 765 m 25
 394 745 430 749 462 714 c 24
 476 699 449 685 441 666 c 25
 441 603 l 17
 433 574 427 552 396 549 c 1
 372 551 361 575 351 603 c 9
 351 765 l 25
87 693 m 25
 783 693 l 25
 812 721 821 753 846 762 c 1
 872 758 914 705 945 672 c 1
 953 654 936 643 918 643 c 9
 87 643 l 25
 87 693 l 25
EndSplineSet
EndChar
