Width: 1000
Flags: H
TeX: 117 0
LayerCount: 2
Fore
SplineSet
810 441 m 25
 849 421 879 421 909 390 c 24
 941 357 948 329 963 285 c 24
 970 264 972 248 963 228 c 24
 955 210 943 189 924 195 c 24
 894 205 887 230 873 258 c 24
 860 285 865 305 855 333 c 24
 840 376 828 399 810 441 c 25
636 738 m 25
 687 722 724 728 768 696 c 24
 794 678 799 652 798 621 c 24
 797 603 783 590 765 588 c 24
 742 585 725 593 708 609 c 24
 692 625 698 643 687 663 c 24
 677 680 665 686 654 702 c 24
 645 715 643 724 636 738 c 25
564 -27 m 25
 564 600 l 25
 607 580 643 584 675 549 c 24
 689 534 662 520 654 501 c 25
 654 48 l 17
 651 18 681 0 681 0 c 25
 735 0 l 25
 749 23 761 35 771 60 c 24
 790 109 795 139 810 189 c 25
 818 115 816 73 831 0 c 24
 835 -20 861 -25 858 -45 c 24
 855 -64 834 -64 819 -76 c 25
 591 -76 l 1
 574 -74 564 -27 564 -27 c 25
486 405 m 25
 504 355 524 329 531 276 c 24
 536 231 537 202 516 162 c 24
 505 141 483 134 459 138 c 24
 439 141 429 157 426 177 c 24
 422 203 433 218 441 243 c 24
 447 265 456 275 462 297 c 24
 474 339 477 363 486 405 c 25
165 344 m 25
 345 344 l 25
 345 294 l 25
 165 294 l 25
 165 344 l 25
159 514 m 25
 354 514 l 25
 354 464 l 25
 159 464 l 25
 159 514 l 25
393 684 m 25
 393 -63 l 17
 385 -92 379 -114 348 -117 c 1
 324 -115 313 -91 303 -63 c 9
 303 684 l 25
 393 684 l 25
105 678 m 25
 195 678 l 25
 195 87 l 25
 105 87 l 25
 105 678 l 25
18 90 m 25
 78 98 111 103 171 111 c 24
 245 121 286 127 360 138 c 25
 360 105 l 25
 280 77 235 62 156 33 c 24
 125 21 111 -3 78 0 c 24
 56 2 54 26 42 45 c 24
 31 62 27 72 18 90 c 25
0 720 m 25
 387 720 l 25
 387 720 410 756 435 765 c 1
 461 761 449 732 480 699 c 1
 488 681 471 670 453 670 c 9
 0 670 l 25
 0 720 l 25
EndSplineSet
EndChar
