Width: 1000
Flags: H
TeX: 117 0
LayerCount: 2
Fore
SplineSet
783 159 m 1
 826 144 851 135 885 105 c 24
 920 74 936 49 954 6 c 24
 965 -20 967 -40 956 -65 c 24
 949 -81 932 -88 914 -84 c 24
 890 -79 878 -66 866 -45 c 24
 846 -10 849 16 834 54 c 24
 817 96 805 119 783 159 c 1
540 294 m 25
 813 294 l 25
 813 244 l 25
 540 244 l 25
 540 294 l 25
537 449 m 25
 801 449 l 25
 801 399 l 25
 537 399 l 25
 537 449 l 25
534 588 m 25
 801 588 l 25
 801 538 l 25
 534 538 l 25
 534 588 l 25
528 729 m 25
 780 729 l 25
 796 742 802 767 822 762 c 24
 857 752 874 731 891 699 c 24
 898 686 878 681 870 669 c 25
 870 249 l 17
 862 220 856 198 825 195 c 1
 801 197 790 221 780 249 c 9
 780 679 l 25
 528 679 l 25
 528 729 l 25
498 756 m 25
 498 756 577 740 609 705 c 24
 623 690 596 676 588 657 c 25
 588 240 l 17
 580 211 574 189 543 186 c 1
 519 188 508 212 498 240 c 9
 498 756 l 25
474 189 m 17
 521 176 546 167 582 138 c 24
 607 118 619 100 624 69 c 24
 627 46 621 24 600 15 c 24
 579 6 561 18 546 35 c 24
 523 61 527 86 512 117 c 24
 499 146 489 161 474 189 c 17
708 -159 m 10
 387 -159 l 18
 354 -159 312 -117 312 -75 c 10
 312 204 l 25
 312 204 391 188 423 153 c 24
 437 138 410 124 402 105 c 25
 402 -43 l 18
 402 -64 422 -78 438 -79 c 10
 660 -79 l 18
 677 -79 690 -41 699 -9 c 0
 713 41 720 62 738 108 c 9
 740 44 741 -18 743 -57 c 0
 744 -84 797 -86 788 -112 c 24
 776 -146 729 -159 708 -159 c 10
174 132 m 1
 195 72 201 33 195 -30 c 24
 190 -75 185 -110 147 -135 c 24
 120 -153 69 -146 66 -114 c 24
 60 -54 105 -27 132 27 c 0
 152 67 161 88 174 132 c 1
309 438 m 25
 309 510 l 25
 309 510 374 495 408 471 c 24
 434 453 452 436 455 405 c 24
 457 382 440 359 417 360 c 24
 387 361 381 390 357 408 c 24
 339 421 309 438 309 438 c 25
276 609 m 25
 276 471 l 25
 276 471 239 422 210 396 c 24
 174 363 153 346 111 321 c 24
 79 302 61 295 24 285 c 1
 67 326 87 351 124 396 c 0
 159 439 175 461 206 504 c 24
 235 544 276 609 276 609 c 25
240 793 m 25
 240 793 319 777 351 742 c 24
 365 727 338 713 330 694 c 25
 330 225 l 17
 322 196 316 174 285 171 c 1
 261 173 250 197 240 225 c 9
 240 793 l 25
39 648 m 25
 383 648 l 25
 383 648 405 679 429 688 c 1
 448 681 472 653 491 627 c 1
 499 609 483 598 465 598 c 9
 39 598 l 25
 39 648 l 25
EndSplineSet
EndChar
