Width: 1000
Flags: HW
LayerCount: 2
Fore
SplineSet
462 187 m 1
 798 187 l 1
 798 137 l 1
 462 137 l 1
 462 187 l 1
474 77 m 25
 792 77 l 25
 792 27 l 25
 474 27 l 25
 474 77 l 25
741 -33 m 2
 741 244 l 25
 474 244 l 25
 474 294 l 25
 741 294 l 25
 757 307 763 332 783 327 c 24
 818 317 835 296 852 264 c 24
 859 251 839 246 831 234 c 25
 831 -69 l 18
 834 -120 801 -165 744 -183 c 0
 720 -191 720 -150 699 -135 c 24
 669 -112 648 -106 615 -87 c 25
 702 -87 l 18
 727 -86 741 -69 741 -33 c 2
444 327 m 25
 444 327 523 311 555 276 c 24
 569 261 542 247 534 228 c 25
 534 -129 l 17
 526 -158 520 -180 489 -183 c 1
 465 -181 454 -157 444 -129 c 9
 444 327 l 25
324 408 m 25
 816 408 l 25
 845 436 854 468 879 477 c 1
 905 473 947 420 978 387 c 1
 986 369 969 358 951 358 c 9
 324 358 l 25
 324 408 l 25
414 526 m 25
 768 526 l 25
 768 526 790 557 814 566 c 1
 833 559 857 531 876 505 c 1
 884 487 868 476 850 476 c 9
 414 476 l 25
 414 526 l 25
396 654 m 25
 780 654 l 25
 809 682 818 714 843 723 c 1
 869 719 911 666 942 633 c 1
 950 615 933 604 915 604 c 9
 396 604 l 25
 396 654 l 25
595 402 m 25
 595 792 l 25
 595 792 674 776 706 741 c 24
 720 726 693 712 685 693 c 25
 685 402 l 25
 595 402 l 25
299 662 m 17
 335 634 350 622 370 588 c 24
 389 556 400 534 397 497 c 24
 395 477 380 465 360 462 c 24
 342 459 327 468 320 485 c 24
 307 516 318 537 314 570 c 24
 310 606 305 626 299 662 c 17
102 570 m 1
 131 531 147 508 153 462 c 24
 159 418 153 390 132 351 c 24
 116 322 97 299 63 299 c 24
 39 299 27 327 30 351 c 24
 35 393 68 407 81 447 c 24
 96 493 100 517 102 570 c 1
186 795 m 25
 186 795 265 779 297 744 c 24
 311 729 284 715 276 696 c 25
 276 -123 l 17
 268 -152 262 -174 231 -177 c 1
 207 -175 196 -151 186 -123 c 9
 186 795 l 25
EndSplineSet
EndChar
