Width: 1000
Flags: HW
LayerCount: 2
Fore
SplineSet
495 528 m 25
 525.42 518.64 547.936 523.615 573 504 c 24
 582.619 496.472 567.51 485.7 564 474 c 25
 564 408 l 25
 547.62 381.09 545.867 359.562 522 339 c 24
 468.155 292.61 430.999 274.747 369 240 c 24
 324.231 214.91 295.8 207.06 249 186 c 25
 303.99 232.8 336.327 257.694 390 306 c 24
 429.976 341.979 456.39 364.56 495 402 c 25
 495 528 l 25
267 423 m 25
 759 423 l 25
 788 451 797 483 822 492 c 1
 848 488 890 435 921 402 c 1
 929 384 912 373 894 373 c 9
 267 373 l 25
 267 423 l 25
699 726 m 25
 735.27 708.45 760.999 706.737 792 681 c 24
 824.769 653.796 843.782 634.146 858 594 c 24
 865.674 572.332 860.791 551.557 843 537 c 24
 827.579 524.383 809.52 530.511 792 540 c 24
 777.708 547.741 777.308 561.02 771 576 c 24
 758.508 605.668 757.93 624.979 744 654 c 24
 729.671 683.853 716.55 697.92 699 726 c 25
408 495 m 24
 373.574 524.21 371.4 555.39 348 594 c 25
 373.74 594 388.354 594 414 594 c 24
 566.303 594 651 612 804 633 c 9
 804 582 l 25
 664.77 553.92 585.726 540.478 447 510 c 24
 431.083 506.503 420.426 484.457 408 495 c 24
483 783 m 25
 515.76 766.62 537.428 762.61 567 741 c 24
 572.087 737.282 563.34 731.85 561 726 c 25
 459 528 l 25
 408 528 l 25
 483 783 l 25
741 162.36 m 25
 779.61 135.274 817.473 138.198 840 92.9102 c 24
 851.153 70.4883 814.38 65.373 798 47.7676 c 25
 767.58 22.0361 753.289 2.2168 720 -18.21 c 24
 655.659 -57.6904 617.887 -77.6846 549 -105.022 c 24
 494.499 -126.652 462.33 -143.22 405 -143.22 c 24
 356.049 -143.22 328.14 -136.275 279 -136.275 c 25
 369.09 -101.063 424.104 -93.1982 510 -45.9902 c 24
 587.982 -3.13086 627.906 31.4922 696 92.9102 c 24
 719.072 113.72 723.45 135.274 741 162.36 c 25
615 207.503 m 25
 640.74 185.834 668.182 185.663 681 151.942 c 24
 687.697 134.324 660.87 132.879 648 120.69 c 25
 608.22 89.541 587.125 69.5352 546 40.8223 c 24
 513.29 17.9844 496.059 -0.541016 459 -11.2646 c 24
 410.073 -25.4229 380.31 -21.6826 330 -21.6826 c 25
 415.41 32.4883 469.016 52.8984 549 117.218 c 24
 581.727 143.534 589.26 172.291 615 207.503 c 25
537 311.678 m 25
 561.57 284.592 584.826 277.355 600 242.228 c 24
 605.232 230.114 585.36 229.519 576 221.393 c 25
 556.11 202.433 546.774 188.724 525 172.777 c 24
 489.173 146.542 469.167 129.444 429 113.745 c 24
 378.129 93.8633 346.65 94.6816 294 82.4922 c 25
 360.69 129.893 404.331 146.811 465 204.03 c 24
 500.56 237.568 508.92 269.695 537 311.678 c 25
534 443.633 m 25
 576.12 419.256 600.092 405.988 642 381.128 c 24
 693.695 350.461 718.458 320.952 774 301.26 c 24
 849.956 274.33 896.61 277.96 975 263.062 c 25
 953.94 245.457 938.787 239.837 921 217.92 c 24
 901.892 194.374 909.628 153.039 882 148.47 c 24
 844.702 142.303 828.395 176.893 795 197.085 c 24
 749.976 224.311 723.666 238.097 681 270.008 c 24
 647.387 295.148 632.312 315.6 600 342.93 c 24
 571.441 367.087 554.25 378.939 525 401.963 c 25
 534 443.633 l 25
234 615 m 25
 271.44 584.58 305.797 578.729 330 537 c 24
 344.198 512.521 340.517 485.492 321 465 c 24
 307.07 450.374 282.118 457.842 270 474 c 24
 252.227 497.697 265.328 520.299 258 549 c 24
 251.225 575.538 243.36 589.26 234 615 c 25
66 522 m 25
 94.0801 489.24 130.669 480.52 138 438 c 24
 144.581 399.829 123.794 374.977 96 348 c 24
 79.0205 331.521 57.1641 328.418 36 339 c 24
 18.1182 347.941 13.4209 367.539 18 387 c 24
 24.1104 412.971 51.0615 415.862 60 441 c 24
 70.6123 470.846 66 490.41 66 522 c 25
141 765 m 25
 184 745 220 749 252 714 c 24
 266 699 239 685 231 666 c 25
 231 -99 l 17
 223 -128 217 -150 186 -153 c 1
 162 -151 151 -127 141 -99 c 9
 141 765 l 25
EndSplineSet
EndChar
