Width: 1000
Flags: HW
TeX: 117 0
LayerCount: 2
Fore
SplineSet
429 -86 m 25
 879 -86 l 25
 879 -136 l 25
 429 -136 l 25
 429 -86 l 25
516 177 m 25
 557 163 583 161 621 141 c 24
 672 114 701 96 744 57 c 24
 763 40 780 25 777 0 c 24
 774 -23 755 -43 732 -39 c 24
 698 -34 690 -6 666 18 c 24
 637 47 625 66 597 96 c 24
 566 128 548 145 516 177 c 25
708 234 m 25
 743 221 770 226 798 201 c 24
 809 191 786 182 777 171 c 24
 727 113 700 78 645 24 c 24
 612 -8 592 -25 552 -48 c 24
 520 -67 497 -68 462 -81 c 25
 501 -40 526 -20 561 24 c 24
 623 103 651 152 708 234 c 25
420 276 m 25
 828 276 l 25
 844 289 850 314 870 309 c 24
 905 299 922 278 939 246 c 24
 946 233 926 228 918 216 c 25
 918 -99 l 17
 910 -128 904 -150 873 -153 c 1
 849 -151 838 -127 828 -99 c 9
 828 226 l 25
 420 226 l 25
 420 276 l 25
390 311 m 25
 433 291 469 295 501 260 c 24
 515 245 488 231 480 212 c 25
 480 -105 l 17
 472 -134 466 -156 435 -159 c 1
 411 -157 400 -133 390 -105 c 9
 390 311 l 25
813 549 m 1
 813 549 866 501 894 465 c 24
 918 435 939 435 945 381 c 0
 948 355 911 333 888 345 c 24
 832 375 817 416 780 468 c 24
 761 494 747 543 747 543 c 1
 747 543 785 608 807 651 c 24
 825 686 833 708 849 744 c 25
 884 718 916 715 939 678 c 24
 948 664 918 663 906 651 c 24
 868 612 813 549 813 549 c 1
651 540 m 1
 651 540 688 496 708 465 c 24
 727 436 752 422 753 387 c 24
 754 364 734 343 711 345 c 24
 684 348 678 373 663 396 c 24
 627 451 582 543 582 543 c 1
 582 543 625 610 645 657 c 24
 661 694 663 717 675 756 c 25
 708 735 735 732 759 702 c 24
 767 692 745 688 738 678 c 24
 703 625 651 540 651 540 c 1
489 771 m 25
 526 745 556 740 585 705 c 24
 593 695 571 689 564 678 c 24
 531 623 483 534 483 534 c 1
 483 534 528 475 549 432 c 24
 560 408 569 392 564 366 c 24
 560 347 546 328 528 333 c 24
 497 342 486 365 471 393 c 24
 442 446 417 537 417 537 c 1
 417 537 448 607 462 654 c 24
 476 699 478 725 489 771 c 25
300 600 m 25
 330 579 357 576 378 546 c 24
 402 512 412 486 411 444 c 24
 411 425 394 412 375 411 c 24
 353 410 337 421 327 441 c 24
 312 470 324 493 318 525 c 24
 313 555 307 571 300 600 c 25
129 561 m 25
 144 514 166 490 168 441 c 24
 170 394 165 364 141 324 c 24
 126 298 105 278 75 282 c 24
 50 285 38 312 42 336 c 24
 50 387 84 405 102 453 c 24
 118 493 118 519 129 561 c 25
192 762 m 25
 235 742 271 746 303 711 c 24
 317 696 290 682 282 663 c 25
 282 -132 l 17
 274 -161 268 -183 237 -186 c 1
 213 -184 202 -160 192 -132 c 9
 192 762 l 25
EndSplineSet
EndChar
