Width: 1000
Flags: H
TeX: 117 0
LayerCount: 2
Fore
SplineSet
777 765 m 25
 777 765 841 738 867 705 c 24
 876 694 854 687 846 675 c 25
 810 633 793 606 753 567 c 24
 724 539 704 529 672 504 c 25
 704 581 722 625 753 702 c 24
 763 726 777 765 777 765 c 25
441 762 m 1
 495 734 519 721 557 681 c 24
 585 651 599 628 605 588 c 0
 609 562 596 548 576 543 c 24
 555 537 539 550 525 567 c 24
 504 594 505 617 492 648 c 24
 473 693 464 715 441 762 c 1
903 -140 m 9
 696 -140 l 17
 668 -135 644 -117 639 -92 c 9
 639 228 l 25
 729 228 l 25
 729 -24 l 17
 729 -45 761 -59 777 -60 c 9
 825 -60 l 25
 845 -35 858 -22 876 4 c 24
 895 32 904 50 921 79 c 9
 916 28 905 -1 909 -53 c 24
 911 -75 938 -82 936 -104 c 24
 935 -123 921 -131 903 -140 c 9
516 183 m 25
 516 183 576 168 603 141 c 24
 612 132 594 122 588 111 c 24
 564 68 552 42 525 1 c 24
 504 -31 491 -49 464 -76 c 24
 438 -102 422 -116 389 -133 c 24
 362 -147 352 -149 315 -153 c 1
 350 -122 366 -101 393 -63 c 24
 425 -19 441 8 465 57 c 24
 489 104 516 183 516 183 c 25
453 260 m 25
 807 260 l 25
 807 210 l 25
 453 210 l 25
 453 260 l 25
453 525 m 25
 765 525 l 25
 781 538 787 563 807 558 c 24
 842 548 859 527 876 495 c 24
 883 482 863 477 855 465 c 25
 855 246 l 17
 847 217 841 195 810 192 c 1
 786 194 775 218 765 246 c 9
 765 475 l 25
 453 475 l 25
 453 525 l 25
423 558 m 25
 466 538 502 542 534 507 c 24
 548 492 521 478 513 459 c 25
 513 231 l 17
 505 202 499 180 468 177 c 1
 444 179 433 203 423 231 c 9
 423 558 l 25
249 610 m 25
 292 583 324 577 360 541 c 24
 385 516 399 494 399 459 c 24
 399 437 381 418 360 420 c 24
 334 422 327 445 312 466 c 24
 296 490 298 510 282 535 c 24
 273 549 262 553 249 564 c 25
 249 610 l 25
198 772 m 25
 241 752 277 756 309 721 c 24
 323 706 296 692 288 673 c 25
 288 -119 l 17
 280 -148 274 -170 243 -173 c 1
 219 -171 208 -147 198 -119 c 9
 198 772 l 25
147 567 m 17
 160 514 167 483 159 430 c 24
 153 391 144 365 114 339 c 24
 97 324 75 327 57 340 c 24
 40 352 38 371 42 391 c 24
 46 411 60 418 75 433 c 0
 109 466 119 515 147 567 c 17
EndSplineSet
EndChar
