Width: 1000
Flags: H
TeX: 117 0
LayerCount: 2
Fore
SplineSet
777 153 m 25
 816.78 135.45 843.133 132.576 879 108 c 24
 907.696 88.3379 924.385 73.5673 939 42 c 24
 954.92 7.6123 971.73 -20.5096 954 -54 c 24
 941.361 -77.8721 907.573 -74.8339 885 -60 c 24
 857.886 -42.1816 862.005 -14.7247 849 15 c 24
 837.418 41.4736 835.367 58.3806 822 84 c 24
 807.139 112.483 794.55 126.09 777 153 c 25
498 222 m 25
 531.93 198.6 560.06 194.815 585 162 c 24
 607.174 132.824 612.872 108.635 612 72 c 24
 611.565 53.7295 599.647 40.7512 582 36 c 24
 563.062 30.9014 544.155 34.2217 534 51 c 24
 513.562 84.7656 521.131 111.378 513 150 c 24
 507.091 178.067 503.85 193.92 498 222 c 25
342 -72 m 9
 342 156 l 25
 385.29 136.11 420.953 140.251 453 105 c 24
 466.745 89.8809 440.19 75.7197 432 57 c 25
 432 -15 l 17
 432 -36 447 -42 468 -45 c 9
 672 -45 l 25
 683.7 -20.4297 692.065 -7.33505 702 18 c 24
 715.508 52.4443 720.3 72.9004 732 108 c 25
 736.68 53.0098 730.209 20.4383 744 -33 c 24
 749.616 -54.7617 782.098 -55.6231 780 -78 c 24
 777.524 -104.41 762 -117 735 -129 c 9
 399 -129 l 17
 344.03 -116.967 351.535 -93.3516 342 -72 c 9
195 90 m 25
 209.04 54.9004 225.736 37.4356 231 0 c 24
 236.562 -39.5459 241.331 -67.0556 222 -102 c 24
 207.037 -129.048 183.633 -145.14 153 -141 c 24
 126.561 -137.427 111 -113.68 111 -87 c 24
 111 -58.4365 140.754 -52.8046 153 -27 c 24
 173.786 16.7988 178.62 44.3701 195 90 c 25
246 540 m 25
 313.86 532.98 353.39 536.742 420 522 c 24
 496.946 504.971 540.605 492.369 612 459 c 24
 649.743 441.359 677.753 430.454 696 393 c 24
 705.856 372.768 690.21 349.526 669 342 c 24
 643.855 333.078 627.351 349.097 603 360 c 24
 548.54 384.385 520.991 404.569 468 432 c 24
 421.532 456.054 395.052 469.11 348 492 c 24
 308.466 511.233 285.78 521.28 246 540 c 25
624 639 m 25
 717 639 l 25
 692.43 586.35 684.911 553.196 654 504 c 24
 601.462 420.383 573.173 370.478 504 300 c 24
 447.6 242.536 408.808 214.381 336 180 c 24
 279.768 153.446 240.84 159.87 180 147 c 25
 258.39 194.97 309.569 212.175 381 270 c 24
 433.869 312.799 454.67 347.224 495 402 c 24
 533.311 454.033 551.109 486.247 582 543 c 24
 601.537 578.894 607.62 601.56 624 639 c 25
435 627 m 25
 540 627 l 25
 520.11 588.39 513.525 563.845 489 528 c 24
 452.369 474.463 433.001 441.507 384 399 c 24
 334.436 356.005 300.047 338.449 240 312 c 24
 200.514 294.607 174.12 297.36 132 288 c 25
 192.84 332.46 232.532 350.995 288 402 c 24
 335.085 445.297 358.014 474.45 393 528 c 24
 415.939 563.111 418.62 588.39 435 627 c 25
696 183 m 24
 674.862 178.687 675.986 210.513 660 225 c 24
 638.326 244.642 623.4 252.45 600 270 c 25
 681 270 l 25
 705.57 285.21 726.407 286.076 744 309 c 24
 767.016 338.99 774 360 780 399 c 9
 780 616 l 25
 291 616 l 25
 291 666 l 25
 780 666 l 25
 796.38 678.87 801.891 704.435 822 699 c 24
 857.178 689.492 874.287 668.381 891 636 c 24
 897.55 623.309 878.19 617.7 870 606 c 25
 870 387 l 1
 858 321 844.018 298.4 807 255 c 24
 773.515 215.741 746.557 193.318 696 183 c 24
324 783 m 25
 367.29 766.62 400.537 771.898 435 741 c 24
 447.563 729.736 421.241 718.411 411 705 c 24
 372.074 654.026 352.043 623.548 309 576 c 24
 251.257 512.214 220.475 473.387 153 420 c 24
 112.785 388.182 81.6299 383.4 36 360 c 25
 93.3301 429.03 129.37 465.058 183 537 c 24
 225.478 593.981 246.658 628.339 282 690 c 24
 301.79 724.527 307.62 746.73 324 783 c 25
EndSplineSet
EndChar
