Width: 1000
Flags: HW
LayerCount: 2
Fore
SplineSet
303 585 m 17
 351 558 379 548 405 504 c 24
 420 478 414 451 396 426 c 24
 384 410 358 405 345 420 c 24
 321 449 333 477 324 513 c 24
 317 541 311 557 303 585 c 17
225 756 m 25
 268 736 304 740 336 705 c 24
 350 690 323 676 315 657 c 25
 315 -96 l 17
 307 -125 301 -147 270 -150 c 1
 246 -148 235 -124 225 -96 c 9
 225 756 l 25
141 504 m 25
 157.38 449.01 176.054 419.956 183 363 c 24
 187.989 322.087 191.822 293.57 171 258 c 24
 158.658 236.916 133.842 231.336 111 240 c 24
 89.957 247.981 84.4891 268.5 84 291 c 24
 83.2354 326.189 98.9012 343.999 108 378 c 24
 121.132 427.07 128.13 454.86 141 504 c 25
648 177 m 24
 687.068 109.575 720.939 77.8369 780 27 c 24
 814.899 -3.04004 842.921 -8.29812 885 -27 c 24
 916.788 -41.1279 936.24 -45.2998 969 -57 c 25
 933.9 -78.0596 911.641 -86.2989 879 -111 c 24
 867.611 -119.618 871.549 -145.516 858 -141 c 24
 810.896 -125.299 787.321 -104.881 753 -69 c 24
 683.275 3.89355 640.901 45.6952 594 135 c 24
 553.873 211.406 557.4 264.93 534 348 c 25
 594 348 l 25
 615.06 281.31 612.937 237.512 648 177 c 24
612 351 m 25
 612 777 l 25
 655 757 691 761 723 726 c 24
 737 711 710 697 702 678 c 25
 702 351 l 25
 612 351 l 25
789 325 m 25
 453 325 l 25
 453 375 l 25
 789 375 l 25
 808.89 385.53 819.661 411.634 840 402 c 24
 876.168 384.868 888.707 358.381 903 321 c 24
 907.441 309.383 885.816 310.404 879 300 c 24
 841.062 242.094 828.781 203.657 789 147 c 24
 751.296 93.3008 727.396 64.3965 681 18 c 24
 634.604 -28.3965 607.603 -55.1645 552 -90 c 24
 509.285 -116.761 480.44 -124.065 432 -138 c 24
 394.472 -148.796 371.61 -147.15 333 -153 c 25
 393.84 -119.07 430.835 -104.336 489 -66 c 24
 534.16 -36.2354 559.533 -18.0067 597 21 c 24
 645.48 71.4727 670.628 102.828 708 162 c 24
 745.906 222.019 757.41 261.43 789 325 c 25
795 456 m 25
 819 583 l 25
 453 583 l 25
 453 633 l 25
 828 633 l 25
 844.38 648.21 848.851 679.235 870 672 c 24
 909.17 658.6 926.446 632.366 942 594 c 24
 948.248 578.59 927.124 572.381 915 561 c 24
 869.662 518.438 841.8 496.95 795 456 c 25
420 159 m 9
 420 663 l 25
 463.29 643.11 498.953 647.251 531 612 c 24
 544.745 596.881 518.19 582.72 510 564 c 25
 510 156 l 17
 504 108 498.441 74.2969 477 27 c 24
 457.963 -14.9941 440.952 -36.7495 408 -69 c 24
 384.768 -91.7383 364.08 -94.6201 336 -111 c 25
 359.4 -58.3496 378.884 -31.0145 396 24 c 24
 411.886 75.0615 420 105 420 159 c 9
EndSplineSet
EndChar
