Width: 1000
Flags: H
TeX: 117 0
LayerCount: 2
Fore
SplineSet
414 210 m 25
 465.48 180.75 501.914 174.525 546 135 c 24
 572.495 111.246 581.772 89.0352 588 54 c 24
 591.886 32.1436 589.52 10.5731 570 0 c 24
 550.781 -10.4102 530.77 -1.11226 516 15 c 24
 488.773 44.7021 489.676 72.2968 471 108 c 24
 449.879 148.38 436.23 170.22 414 210 c 25
333 225 m 25
 810 225 l 25
 839 253 848 285 873 294 c 1
 899 290 941 237 972 204 c 1
 980 186 963 175 945 175 c 9
 333 175 l 25
 333 225 l 25
570 -90 m 25
 672 -90 l 25
 672 378 l 25
 762 378 l 25
 762 -126 l 17
 747 -165 733.435 -184.347 699 -189 c 24
 672.765 -192.545 672.002 -157.118 651 -141 c 24
 621.386 -118.272 601.59 -109.89 570 -90 c 25
567 372 m 25
 567 783 l 25
 610 763 646 767 678 732 c 24
 692 717 665 703 657 684 c 25
 657 372 l 25
 567 372 l 25
324 393 m 25
 771 393 l 25
 800 421 809 453 834 462 c 1
 860 458 902 405 933 372 c 1
 941 354 924 343 906 343 c 9
 324 343 l 25
 324 393 l 25
360 579 m 25
 711 579 l 25
 740 607 749 639 774 648 c 1
 800 644 842 591 873 558 c 1
 881 540 864 529 846 529 c 9
 360 529 l 25
 360 579 l 25
252 612 m 25
 296.46 586.26 331.251 583.838 366 546 c 24
 388.074 521.964 394.272 496.813 387 465 c 24
 382.568 445.61 361.877 440.29 342 441 c 24
 323.513 441.66 313.262 452.607 303 468 c 24
 286.365 492.953 286.012 511.731 276 540 c 24
 266.118 567.9 261.36 583.92 252 612 c 25
93 549 m 25
 114.06 504.54 139.228 483.578 147 435 c 24
 153.929 391.695 154.415 359.74 129 324 c 24
 110.556 298.062 79.6621 286.163 51 300 c 24
 27.6055 311.294 38.3262 340.283 42 366 c 24
 45.6289 391.402 62.1113 401.282 69 426 c 24
 82.1211 473.08 83.6396 501.03 93 549 c 25
174 792 m 25
 217 772 253 776 285 741 c 24
 299 726 272 712 264 693 c 25
 264 -135 l 17
 256 -164 250 -186 219 -189 c 1
 195 -187 184 -163 174 -135 c 9
 174 792 l 25
EndSplineSet
EndChar
