Width: 1000
Flags: H
TeX: 117 0
LayerCount: 2
Fore
SplineSet
792 177 m 25
 832.95 144.24 866.075 135.354 897 93 c 24
 922.312 58.333 930 30.9248 930 -12 c 24
 930 -35.6904 919.691 -56.1924 897 -63 c 24
 873.896 -69.9307 850.962 -60.4854 840 -39 c 24
 817.967 4.18457 832.517 36.6738 822 84 c 24
 813.732 121.203 803.7 140.73 792 177 c 25
492 183 m 25
 538.8 160.77 572.822 159.904 612 126 c 24
 637.334 104.076 651.253 81.3457 648 48 c 24
 645.509 22.4609 625.613 4.55273 600 3 c 24
 575.007 1.48535 563.317 21.458 549 42 c 24
 535.031 62.043 540.156 79.3506 531 102 c 24
 517.859 134.506 507.21 151.41 492 183 c 25
327 -108 m 9
 327 174 l 25
 370 154 406 158 438 123 c 24
 452 108 425 94 417 75 c 25
 417 -21 l 17
 415.308 -47.2432 433.856 -66 468 -66 c 9
 669 -66 l 25
 676.02 -50.79 680.484 -42.4326 687 -27 c 24
 702.719 10.2295 710.79 31.5596 726 69 c 25
 733.02 21.0303 730.985 -7.29883 744 -54 c 24
 751.169 -79.7256 779.418 -87.4043 777 -114 c 24
 774.977 -136.261 751.38 -137.79 735 -153 c 25
 411 -153 l 17
 360.06 -153 338.183 -136.295 327 -108 c 9
213 114 m 25
 227.04 76.5596 241.518 57.2793 249 18 c 24
 255.786 -17.6299 264.673 -42.291 249 -75 c 24
 234.54 -105.178 213.45 -125.096 180 -126 c 24
 155.135 -126.672 138.592 -102.867 138 -78 c 24
 137.19 -43.999 164.625 -31.6797 177 0 c 24
 193.964 43.4287 198.96 69.54 213 114 c 25
600 334 m 1
 852 334 l 1
 852 284 l 1
 600 284 l 1
 600 334 l 1
599 615 m 25
 798 615 l 25
 814 628 820 653 840 648 c 24
 875 638 892 617 909 585 c 24
 916 572 896 567 888 555 c 25
 888 315 l 17
 880 286 874 264 843 261 c 1
 819 263 808 287 798 315 c 9
 798 565 l 25
 599 565 l 25
 599 615 l 25
576 648 m 25
 619 628 655 632 687 597 c 24
 701 582 674 568 666 549 c 25
 666 288 l 17
 658 259 652 237 621 234 c 1
 597 236 586 260 576 288 c 9
 576 648 l 25
261 468 m 25
 317.16 436.41 351.387 422.742 405 387 c 24
 446.508 359.328 472.542 344.718 504 306 c 24
 520.113 286.168 528.795 267.633 522 243 c 24
 516.983 224.813 498.455 215.085 480 219 c 24
 452.294 224.877 443.676 244.644 423 264 c 24
 388.569 296.233 374.937 320.454 339 351 c 24
 304.382 380.426 280.44 391.26 243 417 c 25
 261 468 l 25
441 568 m 25
 117 568 l 25
 117 618 l 25
 447 618 l 25
 461.04 630.87 465.551 658.634 483 651 c 24
 517.317 635.986 530.583 611.341 543 576 c 24
 548.388 560.665 530.19 554.04 522 540 c 25
 499.77 494.37 490.684 466.779 465 423 c 24
 439.052 378.77 425.987 351.532 390 315 c 24
 347.797 272.157 321.525 247.373 267 222 c 24
 201.13 191.348 157.2 192.72 87 174 c 25
 151.35 214.95 194.96 228.362 252 279 c 24
 311.039 331.412 337.79 368.928 381 435 c 24
 412.146 482.624 417.6 516.13 441 568 c 25
294 777 m 25
 331.44 761.79 360.306 765.41 390 738 c 24
 400.772 728.057 376.734 718.875 372 705 c 24
 342.724 619.191 332.143 568.855 303 483 c 24
 288.823 441.236 285.271 414.825 261 378 c 24
 249.737 360.911 236.069 346.986 216 351 c 24
 196.262 354.947 183.968 372.974 186 393 c 24
 192.798 460.01 218.764 493.162 237 558 c 24
 260.895 642.959 271.77 691.59 294 777 c 25
EndSplineSet
EndChar
