Width: 1000
Flags: H
TeX: 117 0
LayerCount: 2
Fore
SplineSet
636 484 m 25
 726 484 l 25
 726 -86 l 25
 636 -86 l 25
 636 484 l 25
447 -63 m 25
 808 -63 l 25
 808 -63 846 -3 871 6 c 1
 897 2 939 -51 970 -84 c 1
 978 -102 961 -113 943 -113 c 9
 447 -113 l 25
 447 -63 l 25
453 142 m 25
 834 142 l 25
 834 142 856 173 880 182 c 1
 899 175 923 147 942 121 c 1
 950 103 934 92 916 92 c 9
 453 92 l 25
 453 142 l 25
441 325 m 25
 822 325 l 25
 822 325 844 356 868 365 c 1
 887 358 911 330 930 304 c 1
 938 286 922 275 904 275 c 9
 441 275 l 25
 441 325 l 25
487 520 m 25
 487 -111 l 17
 479 -140 473 -162 442 -165 c 1
 418 -163 407 -139 397 -111 c 9
 397 415 l 25
 487 520 l 25
438 517 m 25
 789 517 l 25
 789 517 827 577 852 586 c 1
 878 582 920 529 951 496 c 1
 959 478 942 467 924 467 c 9
 438 467 l 25
 438 517 l 25
693 487 m 25
 630 487 l 25
 696 742 l 25
 740 719 772 716 808 682 c 24
 817 674 793 669 787 658 c 24
 748 592 730 554 693 487 c 25
481 760 m 25
 523 745 553 747 589 721 c 24
 599 714 582 703 577 691 c 24
 554 637 544 605 517 553 c 24
 477 476 457 431 406 361 c 24
 381 327 357 317 325 289 c 25
 350 344 366 374 388 430 c 24
 411 490 422 524 439 586 c 24
 458 653 465 692 481 760 c 25
208 583 m 17
 270 561 303 557 343 514 c 24
 367 488 372 456 356 424 c 24
 344 402 312 400 292 415 c 24
 263 436 269 467 253 499 c 24
 236 532 226 550 208 583 c 17
118 517 m 25
 128 468 142 441 144 391 c 24
 146 339 148 307 127 259 c 24
 116 234 96 218 69 220 c 24
 44 222 33 244 27 268 c 24
 20 292 32 307 39 331 c 24
 47 357 56 369 66 394 c 24
 86 442 98 469 118 517 c 25
162 760 m 25
 205 740 241 744 273 709 c 24
 287 694 260 680 252 661 c 25
 252 -123 l 17
 244 -152 238 -174 207 -177 c 1
 183 -175 172 -151 162 -123 c 9
 162 760 l 25
EndSplineSet
EndChar
