Width: 1000
Flags: H
TeX: 117 0
LayerCount: 2
Fore
SplineSet
763 142 m 25
 810.97 117.43 845.316 114.349 886 79 c 24
 919.328 50.043 937.49 26.3232 946 -17 c 24
 951.78 -46.4268 947.725 -80.3828 919 -89 c 24
 890.079 -97.6758 873.609 -68.5273 856 -44 c 24
 838.941 -20.2393 848.081 1.83789 835 28 c 24
 811.483 75.0332 791.08 97.54 763 142 c 25
460 247 m 25
 503.29 222.43 537.516 220.832 571 184 c 24
 599.648 152.487 610.852 124.58 610 82 c 24
 609.503 57.1309 592.826 35.5518 568 34 c 24
 541.372 32.3359 527.053 52.7314 514 76 c 24
 498.282 104.02 508.674 126.364 499 157 c 24
 487.48 193.479 475.21 211.9 460 247 c 25
343 -101 m 9
 343 214 l 25
 386 194 422 198 454 163 c 24
 468 148 441 134 433 115 c 25
 433 -29 l 17
 433 -62 453.006 -72.9482 472 -65 c 9
 637 -65 l 25
 647.53 -46.2803 654.706 -36.3633 664 -17 c 24
 682.814 22.1973 691.45 45.2197 709 85 c 25
 714.85 31.1797 707.698 -1.37598 724 -53 c 24
 730 -72 747.79 -73.1299 763 -86 c 17
 767.317 -123.027 737.955 -123.823 712 -137 c 9
 394 -137 l 17
 362.057 -137 335.057 -124.994 343 -101 c 9
241 127 m 25
 246.85 81.3701 262.08 55.5996 256 10 c 24
 249.97 -35.2295 240.885 -63.5176 211 -98 c 24
 191.359 -120.663 168.896 -127.36 139 -125 c 24
 117.493 -123.302 102.232 -109.93 97 -89 c 24
 91.0752 -65.2988 99.9062 -48.21 115 -29 c 24
 140.176 3.04199 170.396 5.2998 196 37 c 24
 220.658 67.5283 223.45 91.9004 241 127 c 25
790 463 m 25
 790 632 l 25
 601 632 l 25
 601 682 l 25
 790 682 l 25
 806.38 694.87 811.891 720.435 832 715 c 24
 867.178 705.492 884.287 684.381 901 652 c 24
 907.55 639.309 888.19 633.7 880 622 c 25
 880 409 l 25
 851.92 392.62 840.375 364.057 808 367 c 24
 776.647 369.851 772.338 401.031 748 421 c 24
 726.653 438.516 713.23 446.62 691 463 c 25
 790 463 l 25
562 274 m 9
 562 718 l 25
 605.29 698.11 640.953 702.251 673 667 c 24
 686.745 651.881 660.19 637.72 652 619 c 25
 652 334 l 17
 646 307 655 298 694 292 c 9
 874 292 l 25
 884.53 307.21 891.532 315.107 901 331 c 24
 924.323 370.149 935.77 393.22 958 433 c 25
 955.66 381.52 945.929 352.174 952 301 c 24
 954.411 280.676 982.727 276.124 979 256 c 24
 975.071 234.787 955 226 937 220 c 9
 622 220 l 17
 574 220 568 244 562 274 c 9
220 583 m 25
 260.95 554.92 292.128 548.213 325 511 c 24
 356.176 475.706 374.577 449.884 379 403 c 24
 381.352 378.071 364.906 354.576 340 352 c 24
 315.258 349.44 305.798 373.303 292 394 c 24
 272.229 423.656 274.241 447.38 256 478 c 24
 241.126 502.968 226.72 512.77 208 535 c 25
 220 583 l 25
436 623 m 25
 241 623 l 25
 241 673 l 25
 421 673 l 25
 442.06 688.21 449.296 715.762 475 712 c 24
 509.536 706.946 527.217 685.604 544 655 c 24
 551.548 641.236 533.02 633.04 526 619 c 25
 503.77 560.5 499.104 523.865 469 469 c 24
 426.072 390.761 398.863 347.077 340 280 c 24
 297.213 231.243 265.087 210.814 211 175 c 24
 177.818 153.028 156.244 144.01 118 133 c 24
 78.249 121.557 53.9502 123.85 13 118 c 25
 58.6299 144.91 87.6807 155.136 130 187 c 24
 187.595 230.365 217.734 258.318 268 310 c 24
 301.126 344.059 317.308 366.034 343 406 c 24
 370.169 448.263 383.209 473.82 403 520 c 24
 419.616 558.771 423.13 582.83 436 623 c 25
271 781 m 25
 307.27 757.6 334.061 752.092 364 721 c 24
 370.981 713.75 354.618 708.351 349 700 c 24
 311.325 643.997 293.905 609.688 253 556 c 24
 218.847 511.174 199.55 484.951 157 448 c 24
 109.956 407.146 76.4805 393.1 25 358 c 25
 71.7998 428.2 100.284 466.454 145 538 c 24
 176.381 588.209 192.745 617.437 220 670 c 24
 241.93 712.293 251.11 737.71 271 781 c 25
EndSplineSet
EndChar
