Width: 1000
Flags: HW
TeX: 117 0
LayerCount: 2
Fore
SplineSet
562 288 m 1
 486 288 l 25
 556 675 l 25
 640 675 l 25
 562 288 l 1
451 -69 m 25
 799 -69 l 25
 799 -119 l 25
 451 -119 l 25
 451 -69 l 25
447 165 m 25
 748 165 l 25
 764 178 770 203 790 198 c 24
 825 188 842 167 859 135 c 24
 866 122 846 117 838 105 c 25
 838 -105 l 17
 830 -134 824 -156 793 -159 c 1
 769 -157 758 -133 748 -105 c 9
 748 115 l 25
 447 115 l 25
 447 165 l 25
415 198 m 25
 415 198 494 182 526 147 c 24
 540 132 513 118 505 99 c 25
 505 -102 l 17
 497 -131 491 -153 460 -156 c 1
 436 -154 425 -130 415 -102 c 9
 415 198 l 25
304 309 m 25
 808 309 l 25
 837 337 846 369 871 378 c 1
 897 374 939 321 970 288 c 1
 978 270 961 259 943 259 c 9
 304 259 l 25
 304 309 l 25
706 291 m 25
 706 473 l 25
 412 473 l 25
 412 523 l 25
 706 523 l 25
 722 536 728 561 748 556 c 24
 783 546 800 525 817 493 c 24
 824 480 804 475 796 463 c 25
 796 291 l 25
 706 291 l 25
348 702 m 25
 744 702 l 25
 744 702 782 762 807 771 c 1
 833 767 875 714 906 681 c 1
 914 663 897 652 879 652 c 9
 348 652 l 25
 348 702 l 25
271 630 m 17
 334 612 352 599 385 558 c 24
 410 527 426 495 409 459 c 24
 397 433 360 436 337 453 c 24
 310 473 319 502 307 534 c 24
 293 571 285 593 271 630 c 17
193 792 m 25
 193 792 272 776 304 741 c 24
 318 726 291 712 283 693 c 25
 283 -114 l 17
 275 -143 269 -165 238 -168 c 1
 214 -166 203 -142 193 -114 c 9
 193 792 l 25
141 597 m 1
 154 546 160 522 159 474 c 24
 158 435 158 410 138 377 c 24
 120 347 104 320 69 321 c 24
 42 322 27 353 32 380 c 0
 38 414 64 433 87 474 c 0
 114 522 124 544 141 597 c 1
EndSplineSet
EndChar
