Width: 1000
Flags: H
TeX: 117 0
LayerCount: 2
Fore
SplineSet
474 95 m 25
 783 95 l 25
 783 45 l 25
 474 45 l 25
 474 95 l 25
477 204 m 25
 777 204 l 25
 777 154 l 25
 477 154 l 25
 477 204 l 25
729 -51 m 25
 729 262 l 25
 465 262 l 25
 465 312 l 25
 729 312 l 25
 745 325 751 350 771 345 c 24
 806 335 823 314 840 282 c 24
 847 269 827 264 819 252 c 25
 819 -81 l 25
 803.79 -105.57 808.659 -140.302 780 -144 c 24
 751.271 -147.707 749.306 -110.202 726 -93 c 24
 699.845 -73.6953 682.08 -67.3799 654 -51 c 25
 729 -51 l 25
429 336 m 25
 472 316 508 320 540 285 c 24
 554 270 527 256 519 237 c 25
 519 -105 l 17
 511 -134 505 -156 474 -159 c 1
 450 -157 439 -133 429 -105 c 9
 429 336 l 25
591 537 m 25
 681 537 l 25
 681 402 l 25
 591 402 l 25
 591 537 l 25
390 414 m 25
 762 414 l 25
 791 442 800 474 825 483 c 1
 851 479 893 426 924 393 c 1
 932 375 915 364 897 364 c 9
 390 364 l 25
 390 414 l 25
486 573 m 25
 711 573 l 25
 711 573 734 609 759 618 c 1
 785 614 773 585 804 552 c 1
 812 534 795 523 777 523 c 9
 486 523 l 25
 486 573 l 25
513 795 m 25
 550.44 778.62 578.456 780.15 609 753 c 24
 618.777 744.31 599.953 734.647 594 723 c 24
 573.043 681.997 563.111 657.829 540 618 c 24
 508.069 562.971 491.059 530.984 453 480 c 24
 428.745 447.508 412.768 430.196 381 405 c 24
 344.367 375.946 318.78 366.57 279 342 c 25
 319.95 396.99 346.291 425.738 384 483 c 24
 409.627 521.915 423.197 544.94 441 588 c 24
 473.659 666.988 484.92 714.27 513 795 c 25
293 690 m 25
 732 690 l 25
 761 718 770 750 795 759 c 1
 821 755 863 702 894 669 c 1
 902 651 885 640 867 640 c 9
 293 640 l 25
 293 690 l 25
228 588 m 25
 277.14 554.07 319.379 549.656 354 501 c 24
 369.966 478.562 361.349 448.091 339 432 c 24
 319.426 417.906 295.73 429.626 279 447 c 24
 260.493 466.218 270.075 487.911 261 513 c 24
 250.131 543.051 240.87 558.75 228 588 c 25
93 498 m 25
 101.19 432.48 123.338 395.366 114 330 c 24
 109.424 297.965 92.0948 271.141 60 267 c 24
 35.167 263.796 21 292.961 21 318 c 24
 21 353.061 46.9785 366.446 60 399 c 24
 75.1152 436.788 80.1299 459.39 93 498 c 25
138 762 m 25
 181 742 217 746 249 711 c 24
 263 696 236 682 228 663 c 25
 228 -105 l 17
 220 -134 214 -156 183 -159 c 1
 159 -157 148 -133 138 -105 c 9
 138 762 l 25
EndSplineSet
EndChar
