Width: 1000
Flags: H
TeX: 117 0
LayerCount: 2
Fore
SplineSet
723 135 m 25
 769.8 102.24 802.215 91.0009 843 51 c 24
 864.67 29.7471 871.362 11.376 879 -18 c 24
 886.955 -48.5947 893.607 -69.5967 882 -99 c 24
 873.659 -120.131 856.705 -132.732 834 -132 c 24
 811.537 -131.275 797.91 -116.634 789 -96 c 24
 774.042 -61.3604 787.365 -36.2792 777 0 c 24
 761.422 54.5244 744.06 82.3496 723 135 c 25
438 -105 m 24
 423.93 -107.148 411.081 -121.96 402 -111 c 24
 371.604 -74.3154 370.89 -43.29 351 0 c 25
 391.95 0 415.071 -1.31182 456 0 c 24
 597.618 4.53906 677.43 9.15039 819 15 c 25
 795 -51 l 25
 655.77 -72.0596 577.201 -83.7479 438 -105 c 24
594 93 m 24
 563.661 33.4258 537.27 5.16016 501 -51 c 25
 441 -51 l 25
 469.08 13.3496 491.355 47.2101 513 114 c 24
 532.524 174.247 533.13 210.99 546 273 c 25
 666 273 l 25
 637.92 202.8 628.311 160.374 594 93 c 24
354 299 m 25
 765 299 l 25
 794 327 803 359 828 368 c 1
 854 364 896 311 927 278 c 1
 935 260 918 249 900 249 c 9
 354 249 l 25
 354 299 l 25
552 285 m 25
 552 774 l 25
 595 754 631 758 663 723 c 24
 677 708 650 694 642 675 c 25
 642 285 l 25
 552 285 l 25
384 537 m 25
 780 537 l 25
 780 537 803 573 828 582 c 1
 854 578 842 549 873 516 c 1
 881 498 864 487 846 487 c 9
 384 487 l 25
 384 537 l 25
321 591 m 25
 353.76 564.09 380.868 556.857 405 522 c 24
 425.035 493.061 434.786 469.719 429 435 c 24
 425.182 412.092 407.165 394.345 384 396 c 24
 360.835 397.654 353.843 419.525 345 441 c 24
 336.524 461.584 345.517 476.019 342 498 c 24
 336.125 534.716 329.19 554.73 321 591 c 25
108 552 m 25
 133.74 506.37 161.115 485.78 174 435 c 24
 182.185 402.744 179.789 376.986 159 351 c 24
 141.428 329.035 116.985 322.063 90 330 c 24
 67.2715 336.685 57 357.31 57 381 c 24
 57 405.682 82.9461 411.349 90 435 c 24
 103.194 479.241 100.98 506.37 108 552 c 25
213 768 m 25
 256 748 292 752 324 717 c 24
 338 702 311 688 303 669 c 25
 303 -141 l 17
 295 -170 289 -192 258 -195 c 1
 234 -193 223 -169 213 -141 c 9
 213 768 l 25
EndSplineSet
EndChar
