Width: 1000
Flags: HW
TeX: 117 0
LayerCount: 2
Fore
SplineSet
465 -40 m 25
 813 -40 l 25
 813 -90 l 25
 465 -90 l 25
 465 -40 l 25
468 122 m 25
 792 122 l 25
 792 72 l 25
 468 72 l 25
 468 122 l 25
465 273 m 25
 753 273 l 25
 769 286 775 311 795 306 c 24
 830 296 847 275 864 243 c 24
 871 230 851 225 843 213 c 25
 843 -99 l 17
 835 -128 829 -150 798 -153 c 1
 774 -151 763 -127 753 -99 c 9
 753 223 l 25
 465 223 l 25
 465 273 l 25
426 310 m 25
 469 290 505 294 537 259 c 24
 551 244 524 230 516 211 c 25
 516 -108 l 17
 508 -137 502 -159 471 -162 c 1
 447 -160 436 -136 426 -108 c 9
 426 310 l 25
345 393 m 25
 786 393 l 25
 815 421 824 453 849 462 c 1
 875 458 917 405 948 372 c 1
 956 354 939 343 921 343 c 9
 345 343 l 25
 345 393 l 25
666 375 m 25
 666 780 l 25
 709 760 745 764 777 729 c 24
 791 714 764 700 756 681 c 25
 756 375 l 25
 666 375 l 25
492 384 m 25
 492 780 l 25
 535 760 571 764 603 729 c 24
 617 714 590 700 582 681 c 25
 582 384 l 25
 492 384 l 25
405 597 m 25
 840 597 l 25
 840 597 863 633 888 642 c 1
 914 638 902 609 933 576 c 1
 941 558 924 547 906 547 c 9
 405 547 l 25
 405 597 l 25
315 621 m 25
 348 603 374 603 399 576 c 24
 425 548 447 524 441 486 c 24
 436 457 404 434 378 447 c 24
 344 464 352 501 339 537 c 24
 327 569 324 588 315 621 c 25
219 777 m 25
 262 757 298 761 330 726 c 24
 344 711 317 697 309 678 c 25
 309 -117 l 17
 301 -146 295 -168 264 -171 c 1
 240 -169 229 -145 219 -117 c 9
 219 777 l 25
129 594 m 25
 150 525 184 489 183 417 c 24
 183 370 164 339 126 312 c 24
 104 296 61 300 57 327 c 24
 49 375 92 394 105 441 c 24
 121 499 120 534 129 594 c 25
EndSplineSet
EndChar
