Width: 1000
Flags: H
TeX: 117 0
LayerCount: 2
Fore
SplineSet
612 291 m 25
 612 -87 l 17
 604 -116 598 -138 567 -141 c 1
 543 -139 532 -115 522 -87 c 9
 522 291 l 25
 612 291 l 25
729 54 m 25
 729 250 l 25
 423 250 l 25
 423 300 l 25
 729 300 l 25
 745.38 312.87 750.891 338.435 771 333 c 24
 806.178 323.492 823.287 302.381 840 270 c 24
 846.55 257.309 827.19 251.7 819 240 c 25
 819 9 l 17
 813 -15 799.159 -43.9943 771 -45 c 24
 746.669 -45.8691 752.714 -10.7019 735 6 c 24
 711.149 28.4883 692.91 35.2803 666 54 c 25
 729 54 l 25
483 462 m 25
 681 462 l 25
 681 462 704 498 729 507 c 1
 755 503 743 474 774 441 c 1
 782 423 765 412 747 412 c 9
 483 412 l 25
 483 462 l 25
600 720 m 25
 645.63 681.39 670.43 658.471 717 621 c 24
 772.246 576.549 801.688 548.859 861 510 c 24
 903.894 481.897 932.37 473.4 978 450 c 25
 962.79 425.43 954.854 411.159 939 387 c 24
 930.269 373.695 930.412 350.037 915 354 c 24
 876.926 363.79 863.069 387.534 834 414 c 24
 784.444 459.118 758.737 487.101 714 537 c 24
 667.399 588.978 644.46 621.18 600 675 c 25
 600 720 l 25
570 762 m 25
 598.08 742.11 622.464 739.327 642 711 c 24
 650.402 698.816 634.68 689.04 630 675 c 25
 601.92 621.18 587.375 590.124 558 537 c 24
 532.366 490.641 519.918 463.016 489 420 c 24
 465.803 387.726 452.385 368.043 420 345 c 24
 390.081 323.711 366.93 323.04 333 309 c 25
 370.44 362.82 394.991 390.948 429 447 c 24
 458.314 495.314 469.998 525.319 495 576 c 24
 513.294 613.082 524.537 633.651 540 672 c 24
 553.836 706.314 558.3 726.9 570 762 c 25
291 582 m 25
 326.1 569.13 353.627 574.463 381 549 c 24
 408.225 523.675 420 499.172 420 462 c 24
 420 440.433 399.407 428.676 378 426 c 24
 362.381 424.048 355.866 439.365 348 453 c 24
 337.64 470.958 341.379 485.037 333 504 c 24
 319.036 535.604 307.38 551.58 291 582 c 25
120 534 m 25
 141.06 482.52 162.439 456.406 174 402 c 24
 182.759 360.784 187.598 332.73 171 294 c 24
 160.006 268.348 138.863 253.408 111 255 c 24
 86.2207 256.416 68.5982 275.317 66 300 c 24
 62.877 329.665 92.2926 339.935 99 369 c 24
 113.587 432.208 111.81 469.65 120 534 c 25
221 753 m 25
 264 733 300 737 332 702 c 24
 346 687 319 673 311 654 c 25
 311 -96 l 17
 303 -125 297 -147 266 -150 c 1
 242 -148 231 -124 221 -96 c 9
 221 753 l 25
EndSplineSet
EndChar
