Width: 1000
Flags: H
TeX: 117 0
LayerCount: 2
Fore
SplineSet
903 -141 m 2
 735 -141 l 17
 707 -136 683 -118 678 -93 c 9
 678 205 l 25
 768 205 l 25
 768 -25 l 17
 768 -46 788 -60 804 -61 c 9
 858 -61 l 17
 879 -36 911 32 927 87 c 1
 929 36 923 2 930 -51 c 24
 933 -76 961 -87 954 -111 c 24
 947 -133 933 -138 903 -141 c 2
563 196 m 25
 651 196 l 25
 637 153 633 128 615 87 c 0
 592 36 572 2 531 -42 c 24
 490 -85 461 -106 408 -132 c 24
 370 -150 344 -152 303 -153 c 1
 346 -123 363 -111 395 -80 c 0
 431 -46 449 -25 477 15 c 24
 504 54 517 79 537 121 c 0
 550 149 553 167 563 196 c 25
525 216 m 25
 828 216 l 25
 828 166 l 25
 525 166 l 25
 525 216 l 25
534 384 m 25
 825 384 l 25
 825 334 l 25
 534 334 l 25
 534 384 l 25
531 555 m 25
 819 555 l 25
 819 505 l 25
 531 505 l 25
 531 555 l 25
504 726 m 25
 783 726 l 25
 799 739 805 764 825 759 c 24
 860 749 877 728 894 696 c 24
 901 683 881 678 873 666 c 25
 873 175 l 17
 865 146 859 124 828 121 c 1
 804 123 793 147 783 175 c 9
 783 676 l 25
 504 676 l 25
 504 726 l 25
480 750 m 25
 523 730 559 734 591 699 c 24
 605 684 578 670 570 651 c 25
 570 193 l 17
 562 164 556 142 525 139 c 1
 501 141 490 165 480 193 c 9
 480 750 l 25
252 252 m 25
 305 212 343 200 387 150 c 24
 413 121 428 96 423 57 c 24
 419 30 395 3 369 12 c 24
 331 25 332 63 309 96 c 24
 290 124 280 140 261 168 c 25
 252 252 l 25
195 237 m 10
 195 774 l 25
 238 754 274 758 306 723 c 24
 320 708 293 694 285 675 c 25
 285 342 l 25
 285 202 l 18
 285 171 277 118 251 72 c 24
 214 6 186 -29 129 -78 c 24
 91 -111 81 -108 12 -135 c 1
 105 -30 117 -15 156 60 c 0
 185 116 192 175 195 237 c 10
39 345 m 25
 354 345 l 25
 354 345 376 376 400 385 c 1
 419 378 443 350 462 324 c 1
 470 306 454 295 436 295 c 9
 39 295 l 25
 39 345 l 25
39 549 m 25
 339 549 l 25
 339 549 361 580 385 589 c 1
 404 582 428 554 447 528 c 1
 455 510 439 499 421 499 c 9
 39 499 l 25
 39 549 l 25
EndSplineSet
EndChar
