Width: 1000
Flags: HW
LayerCount: 2
Fore
SplineSet
633 714 m 1
 633 501 l 17
 625 472 619 450 588 447 c 1
 564 449 553 473 543 501 c 9
 543 714 l 1
 633 714 l 1
447 714 m 1
 447 498 l 17
 439 469 433 447 402 444 c 1
 378 446 367 470 357 498 c 9
 357 714 l 1
 447 714 l 1
381 520 m 1
 582 520 l 1
 582 470 l 1
 381 470 l 1
 381 520 l 1
162 636 m 25
 756 636 l 25
 772 649 778 674 798 669 c 24
 833 659 850 638 867 606 c 24
 874 593 854 588 846 576 c 25
 846 513 l 17
 838 484 832 462 801 459 c 1
 777 461 766 485 756 513 c 9
 756 586 l 25
 162 586 l 25
 162 636 l 25
135 684 m 25
 178 664 214 668 246 633 c 24
 260 618 233 604 225 585 c 25
 225 489 l 17
 217 460 211 438 180 435 c 1
 156 437 145 461 135 489 c 9
 135 684 l 25
33 744 m 25
 807 744 l 25
 807 744 842 789 867 798 c 1
 893 794 917 756 948 723 c 1
 956 705 939 694 921 694 c 9
 33 694 l 25
 33 744 l 25
744 42 m 25
 780 17 813 15 837 -22 c 24
 852 -45 849 -71 831 -93 c 24
 818 -109 793 -110 777 -96 c 24
 759 -80 771 -59 765 -36 c 24
 758 -5 752 12 744 42 c 25
675 23 m 25
 701 -5 728 -13 741 -48 c 24
 751 -75 750 -101 729 -120 c 24
 712 -135 688 -124 672 -108 c 24
 660 -96 672 -82 672 -65 c 24
 673 -31 674 -11 675 23 c 25
594 15 m 25
 614 -11 631 -21 645 -51 c 24
 658 -79 665 -98 660 -129 c 24
 657 -147 645 -161 627 -162 c 24
 606 -164 587 -155 579 -135 c 24
 569 -111 585 -95 588 -69 c 24
 591 -36 592 -18 594 15 c 25
513 12 m 25
 524 -22 536 -40 540 -76 c 24
 542 -101 543 -118 528 -138 c 24
 512 -160 495 -175 468 -172 c 24
 444 -169 426 -151 426 -127 c 24
 426 -100 454 -95 468 -72 c 24
 488 -40 495 -21 513 12 c 25
696 390 m 1
 786 390 l 1
 786 73 l 1
 696 73 l 1
 696 390 l 1
864 -189 m 24
 841 -197 831 -168 810 -156 c 24
 780 -139 762 -130 732 -113 c 25
 846 -113 l 25
 846 36 l 25
 573 36 l 25
 573 86 l 25
 846 86 l 25
 862 99 868 124 888 119 c 24
 923 109 940 88 957 56 c 24
 964 43 944 38 936 26 c 25
 936 -114 l 17
 918 -147 902 -176 864 -189 c 24
567 194 m 25
 864 194 l 25
 864 194 887 230 912 239 c 1
 938 235 926 206 957 173 c 1
 965 155 948 144 930 144 c 9
 567 144 l 25
 567 194 l 25
570 300 m 25
 864 300 l 25
 864 300 887 336 912 345 c 1
 938 341 926 312 957 279 c 1
 965 261 948 250 930 250 c 9
 570 250 l 25
 570 300 l 25
558 415 m 25
 837 415 l 25
 837 415 860 451 885 460 c 1
 911 456 899 427 930 394 c 1
 938 376 921 365 903 365 c 9
 558 365 l 25
 558 415 l 25
540 444 m 25
 583 424 619 428 651 393 c 24
 665 378 638 364 630 345 c 25
 630 72 l 17
 622 43 616 21 585 18 c 1
 561 20 550 44 540 72 c 9
 540 444 l 25
306 276 m 25
 306 -126 l 17
 298 -155 292 -177 261 -180 c 1
 237 -178 226 -154 216 -126 c 9
 216 276 l 25
 306 276 l 25
51 4 m 25
 408 4 l 25
 408 4 431 40 456 49 c 1
 482 45 470 16 501 -17 c 1
 509 -35 492 -46 474 -46 c 9
 51 -46 l 25
 51 4 l 25
96 100 m 1
 417 100 l 1
 417 50 l 1
 96 50 l 1
 96 100 l 1
111 201 m 25
 360 201 l 25
 376 214 382 239 402 234 c 24
 437 224 454 203 471 171 c 24
 478 158 458 153 450 141 c 25
 450 90 l 17
 442 61 436 39 405 36 c 1
 381 38 370 62 360 90 c 9
 360 151 l 25
 111 151 l 25
 111 201 l 25
69 234 m 25
 112 214 148 218 180 183 c 24
 194 168 167 154 159 135 c 25
 159 80 l 17
 151 51 145 29 114 26 c 1
 90 28 79 52 69 80 c 9
 69 234 l 25
141 288 m 1
 348 288 l 1
 348 238 l 1
 141 238 l 1
 141 288 l 1
300 474 m 25
 343 454 379 458 411 423 c 24
 425 408 398 394 390 375 c 25
 390 282 l 17
 382 253 376 231 345 228 c 1
 321 230 310 254 300 282 c 9
 300 474 l 25
114 474 m 17
 156 454 187 458 225 423 c 9
 204 375 l 25
 204 277 l 17
 196 248 190 226 159 223 c 1
 135 225 124 249 114 277 c 9
 114 474 l 17
30 378 m 25
 399 378 l 25
 399 378 422 414 447 423 c 1
 473 419 461 390 492 357 c 1
 500 339 483 328 465 328 c 9
 30 328 l 25
 30 378 l 25
EndSplineSet
EndChar
