Width: 1000
Flags: HW
LayerCount: 2
Fore
SplineSet
132 657 m 25
 447 657 l 25
 447 657 469 688 493 697 c 1
 512 690 536 662 555 636 c 1
 563 618 547 607 529 607 c 9
 132 607 l 25
 132 657 l 25
141 786 m 25
 141 786 207 772 240 747 c 24
 249 740 235 731 231 720 c 25
 209 680 199 657 175 618 c 24
 154 583 141 564 116 532 c 0
 90 499 73 480 33 456 c 1
 54 500 67 536 84 589 c 24
 109 665 141 786 141 786 c 25
75 519 m 25
 465 519 l 25
 465 519 487 550 511 559 c 1
 530 552 554 524 573 498 c 1
 581 480 565 469 547 469 c 9
 75 469 l 25
 75 519 l 25
934 -150 m 10
 789 -150 l 17
 761 -145 737 -127 732 -102 c 9
 732 187 l 25
 822 187 l 25
 822 -34 l 17
 822 -55 842 -69 858 -70 c 9
 891 -70 l 18
 901 -70 912 -51 921 -36 c 24
 943 3 969 69 969 69 c 25
 969 69 965 -18 972 -73 c 24
 974 -92 999 -100 991 -117 c 24
 980 -140 954 -150 934 -150 c 10
639 195 m 25
 639 195 699 176 731 154 c 24
 737 150 723 146 720 139 c 24
 698 85 696 51 669 0 c 24
 650 -36 634 -54 605 -83 c 24
 581 -107 565 -120 533 -133 c 24
 500 -147 481 -148 444 -150 c 1
 488 -115 519 -90 555 -42 c 24
 585 -2 610 72 610 72 c 0
 639 195 l 25
615 216 m 25
 870 216 l 25
 870 166 l 25
 615 166 l 25
 615 216 l 25
612 374 m 25
 879 374 l 25
 879 324 l 25
 612 324 l 25
 612 374 l 25
621 534 m 25
 879 534 l 25
 879 484 l 25
 621 484 l 25
 621 534 l 25
612 696 m 25
 822 696 l 25
 838 709 844 734 864 729 c 24
 899 719 916 698 933 666 c 24
 940 653 920 648 912 636 c 25
 912 190 l 17
 904 161 898 139 867 136 c 1
 843 138 832 162 822 190 c 9
 822 646 l 25
 612 646 l 25
 612 696 l 25
558 723 m 25
 558 723 637 707 669 672 c 24
 683 657 656 643 648 624 c 25
 648 199 l 17
 640 170 634 148 603 145 c 1
 579 147 568 171 558 199 c 9
 558 723 l 25
165 -37 m 25
 444 -37 l 25
 444 -37 466 -6 490 3 c 1
 509 -4 533 -32 552 -58 c 1
 560 -76 544 -87 526 -87 c 9
 165 -87 l 25
 165 -37 l 25
165 101 m 25
 420 101 l 25
 420 101 442 132 466 141 c 1
 485 134 509 106 528 80 c 1
 536 62 520 51 502 51 c 9
 165 51 l 25
 165 101 l 25
177 228 m 25
 423 228 l 25
 423 228 445 259 469 268 c 1
 488 261 512 233 531 207 c 1
 539 189 523 178 505 178 c 9
 177 178 l 25
 177 228 l 25
300 326 m 25
 390 326 l 25
 390 -60 l 25
 300 -60 l 25
 300 326 l 25
333 468 m 25
 333 468 398 462 429 438 c 24
 440 429 415 420 408 408 c 24
 384 369 371 346 348 306 c 25
 297 317 l 25
 333 468 l 25
213 355 m 25
 213 -93 l 17
 205 -122 199 -144 168 -147 c 1
 144 -145 133 -121 123 -93 c 9
 123 255 l 25
 213 355 l 25
165 348 m 25
 441 348 l 25
 441 348 463 379 487 388 c 1
 506 381 530 353 549 327 c 1
 557 309 541 298 523 298 c 9
 165 298 l 25
 165 348 l 25
261 636 m 17
 357 636 l 1
 357 636 309 511 270 435 c 24
 240 376 219 344 179 291 c 24
 153 256 137 236 102 210 c 24
 69 185 47 174 9 162 c 1
 49 212 73 246 108 303 c 24
 143 361 161 395 189 456 c 24
 221 525 261 636 261 636 c 17
EndSplineSet
EndChar
