Width: 1000
Flags: H
TeX: 117 0
LayerCount: 2
Fore
SplineSet
522 -162 m 9
 522 48 l 25
 612 48 l 25
 612 -87 l 17
 618 -106 631 -111 645 -111 c 9
 798 -111 l 25
 820 -102 838 -105 855 -87 c 24
 882 -59 884 -34 903 0 c 25
 903 -42 897 -66 903 -108 c 24
 906 -127 931 -135 924 -153 c 24
 916 -176 893 -175 873 -189 c 25
 579 -189 l 17
 562 -182 541 -185 522 -162 c 9
393 39 m 25
 483 39 l 25
 469 6 469 -17 447 -45 c 24
 416 -85 393 -104 351 -132 c 24
 315 -155 291 -166 249 -174 c 24
 173 -189 128 -185 51 -192 c 25
 108 -170 143 -163 198 -135 c 24
 255 -106 288 -88 336 -45 c 24
 366 -19 371 6 393 39 c 25
294 71 m 1
 738 71 l 1
 738 21 l 1
 294 21 l 1
 294 71 l 1
318 155 m 1
 750 155 l 1
 750 105 l 1
 318 105 l 1
 318 155 l 1
315 239 m 1
 756 239 l 1
 756 189 l 1
 315 189 l 1
 315 239 l 1
306 318 m 25
 687 318 l 25
 703 331 709 356 729 351 c 24
 764 341 781 320 798 288 c 24
 805 275 785 270 777 258 c 25
 777 54 l 17
 769 25 763 3 732 0 c 1
 708 2 697 26 687 54 c 9
 687 268 l 25
 306 268 l 25
 306 318 l 25
279 354 m 25
 322 334 358 338 390 303 c 24
 404 288 377 274 369 255 c 25
 369 54 l 17
 361 25 355 3 324 0 c 1
 300 2 289 26 279 54 c 9
 279 354 l 25
642 487 m 1
 822 487 l 1
 822 437 l 1
 642 437 l 1
 642 487 l 1
639 590 m 1
 822 590 l 1
 822 540 l 1
 639 540 l 1
 639 590 l 1
765 366 m 25
 765 655 l 25
 645 655 l 25
 645 705 l 25
 765 705 l 25
 781 718 787 743 807 738 c 24
 842 728 859 707 876 675 c 24
 883 662 863 657 855 645 c 25
 855 366 l 25
 765 366 l 25
441 537 m 25
 485 517 517 516 555 486 c 24
 579 467 595 448 594 417 c 24
 593 400 567 401 552 408 c 24
 527 421 522 441 504 462 c 24
 479 491 466 508 441 537 c 25
396 378 m 9
 417 399 431 409 450 432 c 24
 488 479 505 509 540 558 c 25
 573 542 601 544 624 516 c 24
 633 504 606 501 594 492 c 25
 565 465 553 443 519 423 c 24
 475 398 453 393 396 378 c 9
456 684 m 25
 491 675 515 678 546 660 c 24
 571 645 584 630 594 603 c 24
 599 591 592 577 579 573 c 24
 562 568 548 574 534 585 c 24
 520 596 524 610 513 624 c 24
 493 649 478 661 456 684 c 25
570 741 m 25
 593 722 612 717 630 693 c 24
 634 687 621 686 615 681 c 25
 585 658 568 643 537 621 c 24
 518 607 508 597 486 588 c 24
 462 577 446 577 420 570 c 25
 448 602 464 619 492 651 c 24
 523 686 540 706 570 741 c 25
264 486 m 25
 339 486 l 25
 339 486 362 522 387 531 c 1
 413 527 401 498 432 465 c 1
 440 447 423 436 405 436 c 9
 264 436 l 25
 264 486 l 25
261 603 m 25
 336 603 l 25
 336 603 359 639 384 648 c 1
 410 644 398 615 429 582 c 1
 437 564 420 553 402 553 c 9
 261 553 l 25
 261 603 l 25
480 705 m 25
 432 690 406 677 357 666 c 24
 316 656 291 657 249 651 c 25
 243 681 l 25
 303 710 335 729 396 756 c 24
 410 763 421 776 435 768 c 24
 461 752 462 730 480 705 c 25
885 340 m 25
 141 340 l 25
 141 390 l 25
 873 390 l 25
 892 397 903 417 921 408 c 24
 954 391 965 367 981 333 c 24
 985 325 970 324 963 318 c 25
 852 258 l 25
 885 340 l 25
132 216 m 24
 104 207 74 229 69 258 c 24
 64 288 102 293 114 321 c 24
 129 355 129 378 138 414 c 25
 160 370 197 350 195 300 c 24
 194 259 171 229 132 216 c 24
213 378 m 25
 213 714 l 25
 256 694 292 698 324 663 c 24
 338 648 311 634 303 615 c 25
 303 378 l 25
 213 378 l 25
EndSplineSet
EndChar
