Width: 1000
Flags: H
TeX: 117 0
LayerCount: 2
Fore
SplineSet
718 252 m 25
 734 220 754 206 760 171 c 24
 762 160 744 164 733 159 c 25
 535 84 l 25
 535 150 l 25
 583 173 611 184 658 210 c 24
 683 224 695 236 718 252 c 25
772 -36 m 25
 547 -36 l 17
 519 -31 495 -13 490 12 c 9
 490 273 l 25
 533 253 569 257 601 222 c 24
 615 207 588 193 580 174 c 25
 580 80 l 17
 580 59 600 45 616 44 c 9
 703 44 l 25
 716 51 728 51 736 63 c 24
 753 88 752 107 763 135 c 25
 770 96 769 73 781 36 c 24
 787 19 810 17 808 0 c 24
 806 -20 786 -22 772 -36 c 25
841 36 m 25
 841 274 l 25
 547 274 l 25
 547 324 l 25
 841 324 l 25
 857 337 863 362 883 357 c 24
 918 347 935 326 952 294 c 24
 959 281 939 276 931 264 c 25
 931 48 l 17
 928 -27 907 -60 868 -117 c 24
 848 -147 823 -164 787 -162 c 24
 761 -161 763 -129 745 -111 c 24
 724 -90 710 -80 688 -60 c 25
 790 -60 l 25
 803 -44 813 -36 823 -18 c 24
 833 2 834 15 841 36 c 25
586 422 m 25
 703 422 l 25
 670 385 655 361 619 327 c 24
 572 282 546 256 493 219 c 24
 459 196 434 192 397 174 c 25
 453 242 488 278 541 348 c 24
 561 375 568 393 586 422 c 25
514 450 m 1
 823 450 l 1
 823 400 l 1
 514 400 l 1
 514 450 l 1
523 580 m 1
 832 580 l 1
 832 530 l 1
 523 530 l 1
 523 580 l 1
502 711 m 25
 775 711 l 25
 791 724 797 749 817 744 c 24
 852 734 869 713 886 681 c 24
 893 668 873 663 865 651 c 25
 865 435 l 17
 857 406 851 384 820 381 c 1
 796 383 785 407 775 435 c 9
 775 661 l 25
 502 661 l 25
 502 711 l 25
475 744 m 25
 518 724 554 728 586 693 c 24
 600 678 573 664 565 645 c 25
 565 434 l 17
 557 405 551 383 520 380 c 1
 496 382 485 406 475 434 c 9
 475 744 l 25
277 339 m 25
 321 316 353 312 391 279 c 24
 420 254 447 233 442 195 c 24
 438 165 405 151 376 156 c 24
 349 161 354 192 337 213 c 24
 315 240 300 253 277 279 c 25
 277 339 l 25
376 426 m 25
 403 396 430 386 445 348 c 24
 450 335 426 336 415 327 c 24
 382 301 364 285 331 258 c 25
 295 297 l 25
 376 426 l 25
217 342 m 25
 260 322 296 326 328 291 c 24
 342 276 315 262 307 243 c 25
 307 -93 l 17
 299 -122 293 -144 262 -147 c 1
 238 -145 227 -121 217 -93 c 9
 217 342 l 25
331 553 m 25
 73 553 l 25
 73 603 l 25
 346 603 l 25
 361 616 366 643 385 636 c 24
 421 623 438 600 451 564 c 24
 457 548 433 546 421 534 c 25
 402 501 395 481 373 450 c 24
 330 389 306 355 256 300 c 24
 219 260 198 236 151 207 c 24
 112 183 83 183 40 168 c 25
 84 217 112 242 154 294 c 24
 209 362 237 402 286 474 c 24
 306 503 313 522 331 553 c 25
202 579 m 25
 202 768 l 25
 245 748 281 752 313 717 c 24
 327 702 300 688 292 669 c 25
 292 579 l 25
 202 579 l 25
EndSplineSet
EndChar
