Width: 1000
Flags: H
TeX: 117 0
LayerCount: 2
Fore
SplineSet
606 36 m 24
 593.295 27.6375 581.287 10.805 570 21 c 24
 536.938 50.8623 535.23 81.3896 513 120 c 25
 532.89 122.34 545.084 119.421 564 126 c 24
 626.395 147.702 659.16 166.26 720 192 c 25
 771 237 l 25
 807 177 l 25
 728.61 122.01 685.982 88.6465 606 36 c 24
834 405 m 25
 870 379 903 376 927 339 c 24
 936 325 909 321 897 309 c 25
 813 207 l 25
 774 252 l 25
 787 279 796 293 807 321 c 24
 820 353 823 372 834 405 c 25
735 225 m 24
 711.8 268.822 707.13 297.473 693 345 c 24
 681.354 384.172 678.36 407.22 669 447 c 25
 720 447 l 25
 738.72 397.86 743.579 367.57 768 321 c 24
 794.223 270.994 807.603 239.398 849 201 c 24
 890.495 162.512 925.86 157.08 975 129 c 25
 951.6 114.96 936.831 109.373 915 93 c 24
 889.814 74.1113 880.387 20.3831 855 39 c 24
 785.386 90.0508 775.392 148.705 735 225 c 24
585 475 m 1
 855 475 l 1
 855 425 l 1
 585 425 l 1
 585 475 l 1
585 589 m 1
 843 589 l 1
 843 539 l 1
 585 539 l 1
 585 589 l 1
573 723 m 25
 795 723 l 25
 811 736 817 761 837 756 c 24
 872 746 889 725 906 693 c 24
 913 680 893 675 885 663 c 25
 885 465 l 17
 877 436 871 414 840 411 c 1
 816 413 805 437 795 465 c 9
 795 673 l 25
 573 673 l 25
 573 723 l 25
543 69 m 25
 543 753 l 25
 586 733 622 737 654 702 c 24
 668 687 641 673 633 654 c 25
 633 72 l 25
 543 69 l 25
531 -66 m 24
 499.59 -47.6025 490.74 -25.7402 465 0 c 25
 452.13 -23.4004 449.742 -40.04 432 -60 c 24
 411.479 -83.0869 399.7 -111.411 369 -108 c 24
 339.929 -104.77 318.056 -76.6397 324 -48 c 24
 333.989 0.12793 371.58 12.3896 402 51 c 17
 402 244 l 9
 321 244 l 25
 321 294 l 25
 402 294 l 25
 418.38 306.87 423.89 332.435 444 327 c 24
 479.178 317.492 496.287 296.381 513 264 c 24
 519.55 251.309 500.19 245.7 492 234 c 25
 492 75 l 25
 514.23 45.75 523.37 26.3224 549 0 c 24
 567.123 -18.6123 581.94 -23.79 603 -39 c 25
 909 -39 l 25
 987 -21 l 25
 970.62 -46.7402 961.574 -61.3849 945 -87 c 24
 935.833 -101.167 930.36 -108.96 921 -123 c 25
 675 -123 l 17
 612 -117 583.118 -96.5264 531 -66 c 24
369 549 m 25
 404.1 532.62 430.277 532.987 459 507 c 24
 482.28 485.938 493.35 466.351 495 435 c 24
 496.058 414.898 484.528 397.882 465 393 c 24
 443.078 387.52 424.833 396.133 411 414 c 24
 393.281 436.887 401.598 458.362 393 486 c 24
 385.189 511.105 378.36 524.43 369 549 c 25
375 741 m 25
 407.76 729.3 430.056 730.296 459 711 c 24
 487.944 691.704 508.486 678.16 519 645 c 24
 526.16 622.417 519.189 598.595 498 588 c 24
 477.149 577.574 455.924 588.091 441 606 c 24
 422.471 628.235 435.713 651.997 423 678 c 24
 409.434 705.75 393.72 716.43 375 741 c 25
321 429 m 25
 351.42 405.6 392.33 406.795 399 369 c 24
 403.964 340.871 362.4 343.38 339 327 c 25
 231 267 l 25
 201 297 l 25
 217.38 313.38 227.418 321.86 243 339 c 24
 274.244 373.368 290.58 393.9 321 429 c 25
201 303 m 25
 243 283 272 281 309 252 c 24
 337 230 353 212 363 177 c 24
 369 158 362 139 345 129 c 24
 327 119 309 125 294 138 c 24
 279 151 292 171 279 186 c 24
 252 218 228 228 195 255 c 25
 201 303 l 25
165 417 m 25
 208 397 244 401 276 366 c 24
 290 351 263 337 255 318 c 25
 255 -105 l 17
 247 -134 241 -156 210 -159 c 1
 186 -157 175 -133 165 -105 c 9
 165 417 l 25
249 529 m 25
 39 529 l 25
 39 579 l 25
 267 579 l 25
 290.4 589.53 304.322 618.006 327 606 c 24
 358.449 589.351 365.872 560.446 369 525 c 24
 370.341 509.804 348.87 512.19 336 504 c 25
 297.39 459.54 280.227 429.985 237 390 c 24
 186.15 342.965 156.839 315.115 96 282 c 24
 62.3379 263.678 37.4404 269.19 0 261 c 25
 45.6299 303.12 74.7322 323.507 117 369 c 24
 172.062 428.264 197.52 466.6 249 529 c 25
141 561 m 25
 141 753 l 25
 184 733 220 737 252 702 c 24
 266 687 239 673 231 654 c 25
 231 561 l 25
 141 561 l 25
EndSplineSet
EndChar
