Width: 1000
Flags: HW
LayerCount: 2
Fore
SplineSet
195 363 m 25
 239.46 339.6 272.055 337.048 309 303 c 24
 334.782 279.24 350.833 256.946 348 222 c 24
 346.216 199.997 321.794 188.485 300 192 c 24
 275.497 195.952 272.056 218.97 255 237 c 24
 231.095 262.271 218.4 277.26 195 303 c 25
 195 363 l 25
294 450 m 25
 321 420 348 410 363 372 c 24
 368 359 344 360 333 351 c 24
 300 325 282 309 249 282 c 25
 213 321 l 25
 294 450 l 25
135 384 m 25
 178.29 364.11 213.953 368.251 246 333 c 24
 259.745 317.881 233.19 303.72 225 285 c 25
 225 -114 l 17
 217 -143 211 -165 180 -168 c 1
 156 -166 145 -142 135 -114 c 9
 135 384 l 25
237 556 m 25
 12 556 l 25
 12 606 l 25
 264 606 l 25
 279.21 618.87 283.739 644.098 303 639 c 24
 335.801 630.317 354.707 610.996 366 579 c 24
 372.48 560.638 349.53 553.38 339 537 c 25
 308.58 496.05 292.867 471.834 261 432 c 24
 222.63 384.037 202.432 355.432 159 312 c 24
 135.338 288.338 119.355 277.062 90 261 c 24
 56.8359 242.854 35.0996 239.04 0 225 c 25
 42.1201 276.48 67.0841 304.559 108 357 c 24
 150.176 411.056 175.705 440.468 213 498 c 24
 226.316 518.542 227.64 533.38 237 556 c 25
147 582 m 25
 147 771 l 25
 190.29 751.11 225.953 755.251 258 720 c 24
 271.745 704.881 245.19 690.72 237 672 c 25
 237 582 l 25
 147 582 l 25
669 273 m 25
 683.04 243.75 705 230.445 705 198 c 24
 705 182.79 683.04 188.85 669 183 c 25
 646.77 179.49 634.483 174.988 612 174 c 24
 527.833 170.301 480.24 172.17 396 171 c 25
 477.9 201.42 524.159 218.422 606 249 c 24
 630.63 258.202 644.43 263.64 669 273 c 25
351 18 m 25
 732 18 l 25
 732 18 755 54 780 63 c 1
 806 59 794 30 825 -3 c 1
 833 -21 816 -32 798 -32 c 9
 351 -32 l 25
 351 18 l 25
441 114 m 25
 648 114 l 25
 648 114 671 150 696 159 c 1
 722 155 710 126 741 93 c 1
 749 75 732 64 714 64 c 9
 441 64 l 25
 441 114 l 25
539 -84 m 1
 539 210 l 9
 629 210 l 25
 629 -123 l 17
 617 -138 598.035 -172.424 566 -177 c 24
 543.872 -180.161 540.938 -152.586 524 -138 c 16
 458 -84 l 1
 539 -84 l 1
672 282 m 25
 738 282 l 25
 766.08 251.58 779.259 231.727 810 204 c 24
 839.192 177.67 857.455 164.5 891 144 c 24
 920.917 125.718 940.41 120.21 972 105 c 25
 960.3 89.79 953.422 81.4198 942 66 c 24
 930.019 49.8252 931.953 26.6604 912 24 c 24
 886.067 20.542 871.943 37.0671 852 54 c 24
 809.097 90.4277 787.875 114.825 753 159 c 24
 717.409 204.082 703.59 234.03 672 282 c 25
420 288 m 25
 516 288 l 25
 494.94 247.05 487.543 221.314 462 183 c 24
 435.741 143.612 421.155 119.333 384 90 c 24
 352.764 65.3398 327.27 64.3799 291 48 c 25
 322.59 93.6299 345.725 116.116 372 165 c 24
 396.379 210.356 401.28 240.03 420 288 c 25
720 460 m 1
 852 460 l 1
 852 410 l 1
 720 410 l 1
 720 460 l 1
726 581 m 1
 846 581 l 1
 846 531 l 1
 726 531 l 1
 726 581 l 1
780 288 m 25
 780 646 l 25
 690 646 l 25
 690 696 l 25
 780 696 l 25
 796 709 802 734 822 729 c 24
 857 719 874 698 891 666 c 24
 898 653 878 648 870 636 c 25
 870 288 l 25
 780 288 l 25
492 285 m 25
 492 492 l 25
 535 472 571 476 603 441 c 24
 617 426 590 412 582 393 c 25
 582 285 l 25
 492 285 l 25
399 456 m 25
 450 456 l 25
 450 456 473 492 498 501 c 1
 524 497 512 468 543 435 c 1
 551 417 534 406 516 406 c 9
 399 406 l 25
 399 456 l 25
399 573 m 25
 456 573 l 25
 456 573 479 609 504 618 c 1
 530 614 518 585 549 552 c 1
 557 534 540 523 522 523 c 9
 399 523 l 25
 399 573 l 25
615 297 m 25
 615 523 l 25
 582 523 l 25
 582 573 l 25
 615 573 l 25
 631 586 637 611 657 606 c 24
 692 596 709 575 726 543 c 24
 733 530 713 525 705 513 c 25
 705 297 l 25
 615 297 l 25
549 783 m 25
 592.29 763.11 627.953 767.251 660 732 c 24
 673.745 716.881 647.19 702.72 639 684 c 25
 639 549 l 17
 631 520 625 498 594 495 c 1
 570 497 559 521 549 549 c 9
 549 783 l 25
459 771 m 25
 488.25 748.77 512.857 744.045 534 714 c 24
 540.733 704.432 523.02 699.36 516 690 c 25
 408 600 l 25
 375 633 l 25
 459 771 l 25
285 309 m 25
 825 309 l 25
 854 337 863 369 888 378 c 1
 914 374 956 321 987 288 c 1
 995 270 978 259 960 259 c 9
 285 259 l 25
 285 309 l 25
357 285 m 25
 357 672 l 25
 400 652 436 656 468 621 c 24
 482 606 455 592 447 573 c 25
 447 285 l 25
 357 285 l 25
EndSplineSet
EndChar
