Width: 1000
Flags: H
TeX: 117 0
LayerCount: 2
Fore
SplineSet
660 348 m 25
 720 348 l 25
 752.76 301.2 767.32 271.796 804 228 c 24
 845.968 177.89 870.197 149.126 921 108 c 24
 945.008 88.5645 964.92 87.8701 993 75 c 25
 974.28 58.6201 961.973 51.1846 945 33 c 24
 929.034 15.8936 931.673 -20.7891 909 -15 c 24
 858.188 -2.02637 839.018 29.9639 804 69 c 24
 766.728 110.55 754.902 141.248 726 189 c 24
 701.051 230.221 689.4 254.88 666 297 c 25
 660 348 l 25
585 357 m 25
 639 357 l 25
 639 222 l 25
 620.28 199.77 611.357 185.741 591 165 c 24
 549.26 122.472 527.826 95.5466 480 60 c 24
 440.505 30.6455 412.29 23.4004 369 0 c 25
 409.95 54.9902 436.259 83.7596 474 141 c 24
 506.593 190.432 521.937 220.337 549 273 c 24
 565.291 304.701 570.96 324.24 585 357 c 25
408 372 m 25
 801 372 l 25
 830 400 839 432 864 441 c 1
 890 437 932 384 963 351 c 1
 971 333 954 322 936 322 c 9
 408 322 l 25
 408 372 l 25
612 762 m 25
 655 742 691 746 723 711 c 24
 737 696 710 682 702 663 c 25
 702 -96 l 17
 694 -125 688 -147 657 -150 c 1
 633 -148 622 -124 612 -96 c 9
 612 762 l 25
504 588 m 25
 825 588 l 25
 825 588 848 624 873 633 c 1
 899 629 887 600 918 567 c 1
 926 549 909 538 891 538 c 9
 504 538 l 25
 504 588 l 25
474 720 m 25
 514.95 698.94 544.773 696.805 579 666 c 24
 587.953 657.941 569.603 649.663 564 639 c 24
 533.331 580.63 526.236 541.236 486 489 c 24
 458.009 452.661 429.27 445.08 393 417 c 25
 414.06 484.86 428.65 522.358 447 591 c 24
 460.274 640.656 463.47 669.69 474 720 c 25
114 -12 m 1
 312 -12 l 1
 312 -62 l 1
 114 -62 l 1
 114 -12 l 1
105 174 m 25
 276 174 l 25
 292.38 186.87 297.89 212.435 318 207 c 24
 353.178 197.492 370.287 176.381 387 144 c 24
 393.55 131.309 374.19 125.7 366 114 c 25
 366 -45 l 17
 358 -74 352 -96 321 -99 c 1
 297 -97 286 -73 276 -45 c 9
 276 124 l 25
 105 124 l 25
 105 174 l 25
84 201 m 25
 127.29 181.11 162.953 185.251 195 150 c 24
 208.745 134.881 182.19 120.72 174 102 c 25
 174 -90 l 17
 166 -119 160 -141 129 -144 c 1
 105 -142 94 -118 84 -90 c 9
 84 201 l 25
88 315 m 25
 270 315 l 25
 270 315 293 351 318 360 c 1
 344 356 332 327 363 294 c 1
 371 276 354 265 336 265 c 9
 88 265 l 25
 88 315 l 25
90 444 m 25
 270 444 l 25
 270 444 293 480 318 489 c 1
 344 485 332 456 363 423 c 1
 371 405 354 394 336 394 c 9
 90 394 l 25
 90 444 l 25
69 588 m 25
 300 588 l 25
 300 588 323 624 348 633 c 1
 374 629 362 600 393 567 c 1
 401 549 384 538 366 538 c 9
 69 538 l 25
 69 588 l 25
84 714 m 25
 255 714 l 25
 255 714 278 750 303 759 c 1
 329 755 317 726 348 693 c 1
 356 675 339 664 321 664 c 9
 84 664 l 25
 84 714 l 25
EndSplineSet
EndChar
