Width: 1000
Flags: HW
TeX: 117 0
LayerCount: 2
Fore
SplineSet
528 156 m 25
 528 252 l 25
 618 252 l 25
 618 135 l 17
 615 87 606 74 588 39 c 24
 565 -5 549 -29 513 -63 c 24
 485 -90 465 -100 429 -114 c 24
 386 -131 359 -130 315 -141 c 25
 358 -107 388 -94 426 -54 c 24
 463 -15 480 12 504 60 c 24
 521 95 519 119 528 156 c 25
762 765 m 25
 801 743 833 743 861 708 c 24
 871 695 843 690 831 678 c 25
 729 543 l 1
 684 540 l 25
 706 598 721 631 741 690 c 24
 751 719 754 736 762 765 c 25
468 759 m 25
 501 737 525 731 552 702 c 24
 577 675 594 657 600 621 c 24
 604 597 598 574 576 564 c 24
 556 555 539 571 525 588 c 24
 507 611 510 632 501 660 c 24
 488 699 481 720 468 759 c 25
939 -123 m 25
 732 -123 l 17
 704 -118 680 -100 675 -75 c 9
 675 261 l 25
 765 261 l 25
 765 -7 l 17
 765 -28 785 -42 801 -43 c 9
 882 -43 l 25
 936 75 l 25
 938 31 931 4 942 -39 c 24
 948 -61 979 -62 978 -84 c 24
 977 -105 954 -108 939 -123 c 25
474 284 m 25
 843 284 l 25
 843 234 l 25
 474 234 l 25
 474 284 l 25
471 552 m 25
 780 552 l 25
 796 565 802 590 822 585 c 24
 857 575 874 554 891 522 c 24
 898 509 878 504 870 492 c 25
 870 270 l 17
 862 241 856 219 825 216 c 1
 801 218 790 242 780 270 c 9
 780 502 l 25
 471 502 l 25
 471 552 l 25
447 585 m 25
 490 565 526 569 558 534 c 24
 572 519 545 505 537 486 c 25
 537 255 l 17
 529 226 523 204 492 201 c 1
 468 203 457 227 447 255 c 9
 447 585 l 25
105 -13 m 25
 321 -13 l 25
 321 -63 l 25
 105 -63 l 25
 105 -13 l 25
93 204 m 25
 282 204 l 25
 298 217 304 242 324 237 c 24
 359 227 376 206 393 174 c 24
 400 161 380 156 372 144 c 25
 372 -36 l 17
 364 -65 358 -87 327 -90 c 1
 303 -88 292 -64 282 -36 c 9
 282 154 l 25
 93 154 l 25
 93 204 l 25
78 237 m 25
 121 217 157 221 189 186 c 24
 203 171 176 157 168 138 c 25
 168 -90 l 17
 160 -119 154 -141 123 -144 c 1
 99 -142 88 -118 78 -90 c 9
 78 237 l 25
81 336 m 25
 276 336 l 25
 276 336 298 367 322 376 c 1
 341 369 365 341 384 315 c 1
 392 297 376 286 358 286 c 9
 81 286 l 25
 81 336 l 25
81 456 m 25
 267 456 l 25
 267 456 289 487 313 496 c 1
 332 489 356 461 375 435 c 1
 383 417 367 406 349 406 c 9
 81 406 l 25
 81 456 l 25
45 579 m 25
 306 579 l 25
 306 579 328 610 352 619 c 1
 371 612 395 584 414 558 c 1
 422 540 406 529 388 529 c 9
 45 529 l 25
 45 579 l 25
78 705 m 25
 279 705 l 25
 279 705 301 736 325 745 c 1
 344 738 368 710 387 684 c 1
 395 666 379 655 361 655 c 9
 78 655 l 25
 78 705 l 25
EndSplineSet
EndChar
