Width: 1000
Flags: HW
TeX: 117 0
LayerCount: 2
Fore
SplineSet
666 756 m 25
 666 756 744.953 740.251 777 705 c 24
 790.745 689.881 764.19 675.72 756 657 c 25
 756 -90 l 17
 748 -119 742 -141 711 -144 c 1
 687 -142 676 -118 666 -90 c 9
 666 756 l 25
477 438 m 25
 852 438 l 25
 852 438 874 469 898 478 c 1
 917 471 941 443 960 417 c 1
 968 399 952 388 934 388 c 9
 477 388 l 25
 477 438 l 25
156 -59 m 25
 393 -59 l 25
 393 -109 l 25
 156 -109 l 25
 156 -59 l 25
147 141 m 25
 345 141 l 25
 361.38 153.87 366.89 179.435 387 174 c 24
 422.178 164.492 439.287 143.381 456 111 c 24
 462.55 98.3086 443.19 92.7002 435 81 c 25
 435 -96 l 17
 427 -125 421 -147 390 -150 c 1
 366 -148 355 -124 345 -96 c 9
 345 91 l 25
 147 91 l 25
 147 141 l 25
111 174 m 25
 111 174 190 158 222 123 c 24
 236 108 209 94 201 75 c 25
 201 -99 l 17
 193 -128 187 -150 156 -153 c 1
 132 -151 121 -127 111 -99 c 9
 111 174 l 25
117 297 m 25
 336 297 l 25
 336 297 358 328 382 337 c 1
 401 330 425 302 444 276 c 1
 452 258 436 247 418 247 c 9
 117 247 l 25
 117 297 l 25
114 431 m 25
 339 431 l 25
 339 431 361 462 385 471 c 1
 404 464 428 436 447 410 c 1
 455 392 439 381 421 381 c 9
 114 381 l 25
 114 431 l 25
66 567 m 25
 390 567 l 25
 390 567 412 598 436 607 c 1
 455 600 479 572 498 546 c 1
 506 528 490 517 472 517 c 9
 66 517 l 25
 66 567 l 25
99 705 m 25
 327 705 l 25
 327 705 349 736 373 745 c 1
 392 738 416 710 435 684 c 1
 443 666 427 655 409 655 c 9
 99 655 l 25
 99 705 l 25
EndSplineSet
EndChar
