Width: 1000
Flags: H
TeX: 117 0
LayerCount: 2
Fore
SplineSet
711 69 m 25
 744.93 46.7695 772.031 43.1621 798 12 c 24
 821.231 -15.8779 834.213 -38.8535 831 -75 c 24
 828.729 -100.56 811.66 -123 786 -123 c 24
 760.34 -123 751.037 -98.6162 741 -75 c 24
 729.979 -49.0674 740.747 -30.585 735 -3 c 24
 728.963 25.9766 720.36 40.9199 711 69 c 25
447 -9 m 25
 496.14 -5.49023 523.851 -3.37305 573 0 c 24
 643.19 4.81738 682.8 7.32031 753 12 c 25
 765 -39 l 25
 673.74 -57.7197 621.379 -64.4053 531 -87 c 24
 508.642 -92.5898 493.889 -126.682 477 -111 c 24
 446.615 -82.7852 458.7 -48.7803 447 -9 c 25
594 573 m 1
 684 573 l 1
 684 -33 l 1
 594 -33 l 1
 594 573 l 1
531 217 m 1
 711 217 l 1
 711 167 l 1
 531 167 l 1
 531 217 l 1
531 441 m 25
 696 441 l 25
 712.38 453.87 717.891 479.435 738 474 c 24
 773.178 464.492 790.287 443.381 807 411 c 24
 813.55 398.309 794.19 392.7 786 381 c 25
 786 195 l 17
 778 166 772 144 741 141 c 1
 717 143 706 167 696 195 c 9
 696 391 l 25
 531 391 l 25
 531 441 l 25
489 471 m 25
 532 451 568 455 600 420 c 24
 614 405 587 391 579 372 c 25
 579 177 l 17
 571 148 565 126 534 123 c 1
 510 125 499 149 489 177 c 9
 489 471 l 25
723 549 m 17
 633 540 547.313 534.998 435 549 c 9
 494.67 567.72 528.672 577.224 588 597 c 24
 637.502 613.501 714 642 714 642 c 1
 714 642 758.463 597.55 762 561 c 24
 763.533 545.16 738.21 553.68 723 549 c 17
771 183 m 25
 771 670 l 25
 417 670 l 25
 417 720 l 25
 771 720 l 25
 787.38 732.87 792.891 758.435 813 753 c 24
 848.178 743.492 865.287 722.381 882 690 c 24
 888.55 677.309 869.19 671.7 861 660 c 25
 861 192 l 25
 868.02 151.05 867.674 126.974 879 87 c 24
 887.711 56.2539 899.13 41.25 912 12 c 25
 975 69 l 25
 967.98 29.2197 958.583 7.36328 957 -33 c 24
 956.199 -53.418 974.265 -64.2568 969 -84 c 24
 963.666 -104.001 953.256 -127.265 933 -123 c 24
 894.735 -114.944 879.181 -90.7305 855 -60 c 24
 821.971 -18.0254 806.45 9.51953 789 60 c 24
 773.161 105.82 778.02 135.03 771 183 c 25
393 123 m 9
 393 765 l 25
 436.29 745.11 471.953 749.251 504 714 c 24
 517.745 698.881 491.19 684.72 483 666 c 25
 483 117 l 17
 462 60 453.741 20.7354 420 -33 c 24
 389.615 -81.3906 366.181 -106.021 321 -141 c 24
 291.965 -163.479 267.93 -162.96 234 -177 c 25
 283.14 -110.31 321.207 -79.1943 360 -6 c 24
 384.318 39.8838 390 72 393 123 c 9
105 -8 m 1
 303 -8 l 1
 303 -58 l 1
 105 -58 l 1
 105 -8 l 1
111 201 m 25
 243 201 l 25
 259 214 265 239 285 234 c 24
 320 224 337 203 354 171 c 24
 361 158 341 153 333 141 c 25
 333 -33 l 17
 325 -62 319 -84 288 -87 c 1
 264 -85 253 -61 243 -33 c 9
 243 151 l 25
 111 151 l 25
 111 201 l 25
78 237 m 25
 121.29 217.11 156.953 221.251 189 186 c 24
 202.745 170.881 176.19 156.72 168 138 c 25
 168 -66 l 17
 160 -95 154 -117 123 -120 c 1
 99 -118 88 -94 78 -66 c 9
 78 237 l 25
84 333 m 25
 258 333 l 25
 258 333 281 369 306 378 c 1
 332 374 320 345 351 312 c 1
 359 294 342 283 324 283 c 9
 84 283 l 25
 84 333 l 25
78 465 m 25
 246 465 l 25
 246 465 269 501 294 510 c 1
 320 506 308 477 339 444 c 1
 347 426 330 415 312 415 c 9
 78 415 l 25
 78 465 l 25
33 591 m 25
 258 591 l 25
 258 591 281 627 306 636 c 1
 332 632 320 603 351 570 c 1
 359 552 342 541 324 541 c 9
 33 541 l 25
 33 591 l 25
105 723 m 25
 246 723 l 25
 246 723 269 759 294 768 c 1
 320 764 308 735 339 702 c 1
 347 684 330 673 312 673 c 9
 105 673 l 25
 105 723 l 25
EndSplineSet
EndChar
