Width: 1000
Flags: H
TeX: 117 0
LayerCount: 2
Fore
SplineSet
726 603 m 25
 843 603 l 25
 828 566 823 543 804 507 c 24
 781 463 762 441 735 399 c 25
 693 399 l 25
 726 603 l 25
501 612 m 25
 537 589 564 583 594 552 c 24
 620 525 640 505 639 468 c 24
 638 440 619 416 591 414 c 24
 566 412 560 440 549 462 c 24
 537 486 542 503 534 528 c 24
 523 562 514 579 501 612 c 25
837 123 m 25
 878 97 926 103 942 57 c 24
 953 26 904 22 879 0 c 25
 836 -20 812 -32 768 -51 c 24
 705 -79 673 -103 606 -120 c 24
 543 -136 505 -135 441 -135 c 25
 510 -105 552 -94 618 -57 c 24
 684 -21 719 3 777 51 c 24
 805 74 814 95 837 123 c 25
801 255 m 25
 827 226 854 217 867 180 c 24
 872 166 845 173 831 168 c 25
 794 141 774 124 735 99 c 24
 700 76 682 58 642 45 c 24
 598 31 571 38 525 33 c 25
 579 72 611 90 663 132 c 24
 719 177 747 207 801 255 c 25
768 381 m 25
 793 353 818 344 831 309 c 24
 836 297 815 296 804 288 c 25
 753 268 725 253 672 237 c 24
 609 218 571 215 507 201 c 25
 563 234 597 248 651 285 c 24
 700 319 722 344 768 381 c 25
417 99 m 25
 417 462 l 25
 460 442 496 446 528 411 c 24
 542 396 515 382 507 363 c 25
 507 105 l 25
 495 64 499 37 477 0 c 24
 449 -47 429 -73 384 -105 c 24
 342 -135 309 -134 261 -153 c 25
 302 -114 330 -98 366 -54 c 24
 389 -26 397 -7 408 27 c 24
 417 54 413 71 417 99 c 25
438 429 m 25
 807 429 l 25
 836 457 845 489 870 498 c 1
 896 494 938 441 969 408 c 1
 977 390 960 379 942 379 c 9
 438 379 l 25
 438 429 l 25
615 612 m 25
 615 771 l 25
 658 751 694 755 726 720 c 24
 740 705 713 691 705 672 c 25
 705 612 l 25
 615 612 l 25
441 638 m 25
 870 638 l 25
 870 638 893 674 918 683 c 1
 944 679 932 650 963 617 c 1
 971 599 954 588 936 588 c 9
 441 588 l 25
 441 638 l 25
141 -7 m 1
 315 -7 l 1
 315 -57 l 1
 141 -57 l 1
 141 -7 l 1
147 168 m 25
 288 168 l 25
 304.38 180.87 309.89 206.435 330 201 c 24
 365.178 191.492 382.287 170.381 399 138 c 24
 405.55 125.309 386.19 119.7 378 108 c 25
 378 -24 l 17
 370 -53 364 -75 333 -78 c 1
 309 -76 298 -52 288 -24 c 9
 288 118 l 25
 147 118 l 25
 147 168 l 25
87 198 m 25
 130.29 178.11 165.953 182.251 198 147 c 24
 211.745 131.881 185.19 117.72 177 99 c 25
 177 -69 l 17
 169 -98 163 -120 132 -123 c 1
 108 -121 97 -97 87 -69 c 9
 87 198 l 25
93 300 m 25
 294 300 l 25
 294 300 317 336 342 345 c 1
 368 341 356 312 387 279 c 1
 395 261 378 250 360 250 c 9
 93 250 l 25
 93 300 l 25
93 435 m 25
 294 435 l 25
 294 435 317 471 342 480 c 1
 368 476 356 447 387 414 c 1
 395 396 378 385 360 385 c 9
 93 385 l 25
 93 435 l 25
72 564 m 25
 336 564 l 25
 336 564 359 600 384 609 c 1
 410 605 398 576 429 543 c 1
 437 525 420 514 402 514 c 9
 72 514 l 25
 72 564 l 25
87 684 m 25
 282 684 l 25
 282 684 305 720 330 729 c 1
 356 725 344 696 375 663 c 1
 383 645 366 634 348 634 c 9
 87 634 l 25
 87 684 l 25
EndSplineSet
EndChar
