Width: 1000
Flags: HW
TeX: 117 0
LayerCount: 2
Fore
SplineSet
495 217 m 1
 816 217 l 1
 816 167 l 1
 495 167 l 1
 495 217 l 1
474 98 m 25
 822 98 l 25
 822 48 l 25
 474 48 l 25
 474 98 l 25
468 306 m 25
 786 306 l 25
 800.04 318.87 803.101 341.362 822 339 c 24
 843.407 336.324 852.938 317.972 858 297 c 24
 862.341 279.018 848.85 269.55 843 252 c 25
 843 -69 l 25
 823.11 -105.27 824.016 -135.806 792 -162 c 24
 777.065 -174.219 759.011 -162.125 744 -150 c 24
 726.048 -135.5 729.018 -116.521 714 -99 c 24
 700.443 -83.1836 688.38 -78.8701 672 -66 c 25
 786 -66 l 25
 786 267 l 25
 468 267 l 25
 468 306 l 25
456 318 m 25
 499 298 535 302 567 267 c 24
 581 252 554 238 546 219 c 25
 546 -108 l 17
 538 -137 532 -159 501 -162 c 1
 477 -160 466 -136 456 -108 c 9
 456 318 l 25
402 393 m 25
 867 393 l 25
 867 393 890 429 915 438 c 1
 941 434 929 405 960 372 c 1
 968 354 951 343 933 343 c 9
 402 343 l 25
 402 393 l 25
441 518 m 25
 798 518 l 25
 798 518 821 554 846 563 c 1
 872 559 860 530 891 497 c 1
 899 479 882 468 864 468 c 9
 441 468 l 25
 441 518 l 25
417 642 m 25
 822 642 l 25
 822 642 845 678 870 687 c 1
 896 683 884 654 915 621 c 1
 923 603 906 592 888 592 c 9
 417 592 l 25
 417 642 l 25
621 372 m 25
 621 786 l 25
 664 766 700 770 732 735 c 24
 746 720 719 706 711 687 c 25
 711 372 l 25
 621 372 l 25
75 -23 m 25
 303 -23 l 25
 303 -73 l 25
 75 -73 l 25
 75 -23 l 25
60 198 m 25
 243 198 l 25
 259 211 265 236 285 231 c 24
 320 221 337 200 354 168 c 24
 361 155 341 150 333 138 c 25
 333 -51 l 17
 325 -80 319 -102 288 -105 c 1
 264 -103 253 -79 243 -51 c 9
 243 148 l 25
 60 148 l 25
 60 198 l 25
48 231 m 25
 91 211 127 215 159 180 c 24
 173 165 146 151 138 132 c 25
 138 -81 l 17
 130 -110 124 -132 93 -135 c 1
 69 -133 58 -109 48 -81 c 9
 48 231 l 25
75 327 m 25
 264 327 l 25
 264 327 287 363 312 372 c 1
 338 368 326 339 357 306 c 1
 365 288 348 277 330 277 c 9
 75 277 l 25
 75 327 l 25
66 456 m 25
 270 456 l 25
 270 456 293 492 318 501 c 1
 344 497 332 468 363 435 c 1
 371 417 354 406 336 406 c 9
 66 406 l 25
 66 456 l 25
15 594 m 25
 306 594 l 25
 306 594 329 630 354 639 c 1
 380 635 368 606 399 573 c 1
 407 555 390 544 372 544 c 9
 15 544 l 25
 15 594 l 25
87 702 m 25
 276 702 l 25
 276 702 299 738 324 747 c 1
 350 743 338 714 369 681 c 1
 377 663 360 652 342 652 c 9
 87 652 l 25
 87 702 l 25
EndSplineSet
EndChar
