Width: 1000
Flags: H
TeX: 117 0
LayerCount: 2
Fore
SplineSet
258 -87 m 1
 738 -87 l 1
 738 -137 l 1
 258 -137 l 1
 258 -87 l 1
258 78 m 25
 684 78 l 25
 700.38 90.8701 705.891 116.435 726 111 c 24
 761.178 101.492 778.287 80.3809 795 48 c 24
 801.55 35.3086 782.19 29.7002 774 18 c 25
 774 -108 l 17
 766 -137 760 -159 729 -162 c 1
 705 -160 694 -136 684 -108 c 9
 684 28 l 25
 258 28 l 25
 258 78 l 25
228 102 m 25
 271 82 307 86 339 51 c 24
 353 36 326 22 318 3 c 25
 318 -120 l 17
 310 -149 304 -171 273 -174 c 1
 249 -172 238 -148 228 -120 c 9
 228 102 l 25
240 186 m 25
 618 186 l 25
 618 186 656 246 681 255 c 1
 707 251 749 198 780 165 c 1
 788 147 771 136 753 136 c 9
 240 136 l 25
 240 186 l 25
228 282 m 25
 606 282 l 25
 606 282 644 342 669 351 c 1
 695 347 737 294 768 261 c 1
 776 243 759 232 741 232 c 9
 228 232 l 25
 228 282 l 25
114 390 m 25
 768 390 l 25
 797 418 806 450 831 459 c 1
 857 455 899 402 930 369 c 1
 938 351 921 340 903 340 c 9
 114 340 l 25
 114 390 l 25
258 492 m 25
 639 492 l 25
 639 492 662 528 687 537 c 1
 713 533 701 504 732 471 c 1
 740 453 723 442 705 442 c 9
 258 442 l 25
 258 492 l 25
555 726 m 1
 645 726 l 1
 645 564 l 1
 555 564 l 1
 555 726 l 1
360 720 m 1
 450 720 l 1
 450 564 l 1
 360 564 l 1
 360 720 l 1
180 589 m 1
 798 589 l 1
 798 539 l 1
 180 539 l 1
 180 589 l 1
168 738 m 25
 750 738 l 25
 766 751 772 776 792 771 c 24
 827 761 844 740 861 708 c 24
 868 695 848 690 840 678 c 25
 840 582 l 17
 832 553 826 531 795 528 c 1
 771 530 760 554 750 582 c 9
 750 688 l 25
 168 688 l 25
 168 738 l 25
144 762 m 25
 187.29 742.11 222.953 746.251 255 711 c 24
 268.745 695.881 242.19 681.72 234 663 c 25
 234 570 l 17
 226 541 220 519 189 516 c 1
 165 518 154 542 144 570 c 9
 144 762 l 25
EndSplineSet
EndChar
