Width: 1000
Flags: HW
LayerCount: 2
Fore
SplineSet
699 156 m 25
 737.61 132.6 763.755 125.422 798 96 c 24
 847.609 53.3779 885.516 32.8027 912 -27 c 24
 926.134 -58.915 915.681 -89.3193 891 -114 c 24
 876.863 -128.137 858.219 -108.965 843 -96 c 24
 824.966 -80.6377 820.76 -66.1064 810 -45 c 24
 790.252 -6.26367 786.019 18.9385 765 57 c 24
 742.567 97.6211 724.74 117.39 699 156 c 25
534 156 m 25
 574.95 136.11 606.229 136.6 639 105 c 24
 649.28 95.0869 626.19 86.7002 618 75 c 25
 585.24 32.8799 573.257 3.14139 534 -33 c 24
 498.416 -65.7598 473.495 -80.0349 429 -99 c 24
 400.687 -111.068 381.42 -106.32 351 -111 c 25
 416.52 -31.4404 460.732 7.98531 519 93 c 24
 533.279 113.833 528.15 131.43 534 156 c 25
375 213 m 25
 870 213 l 25
 870 213 893 249 918 258 c 1
 944 254 932 225 963 192 c 1
 971 174 954 163 936 163 c 9
 375 163 l 25
 375 213 l 25
768 180 m 25
 768 331 l 25
 480 331 l 25
 480 381 l 25
 768 381 l 25
 784.38 393.87 789.891 419.435 810 414 c 24
 845.178 404.492 862.287 383.381 879 351 c 24
 885.55 338.309 866.19 332.7 858 321 c 25
 858 180 l 25
 768 180 l 25
429 687 m 25
 472.29 667.11 507.953 671.251 540 636 c 24
 553.745 620.881 527.19 606.72 519 588 c 25
 519 333 l 17
 511 304 505 279 474 279 c 1
 450 279 439 305 429 333 c 9
 429 687 l 25
582 524 m 25
 810 524 l 25
 810 474 l 17
 582 474 l 9
 582 524 l 25
585 741 m 25
 771 741 l 25
 787.38 753.87 792.891 779.435 813 774 c 24
 848.178 764.492 865.287 743.381 882 711 c 24
 888.55 698.309 869.19 692.7 861 681 c 25
 861 495 l 17
 853 466 847 444 816 441 c 1
 792 443 781 467 771 495 c 9
 771 691 l 25
 585 691 l 25
 585 741 l 25
570 774 m 25
 613.29 754.11 648.953 758.251 681 723 c 24
 694.745 707.881 668.19 693.72 660 675 c 25
 660 489 l 17
 652 460 646 438 615 435 c 1
 591 437 580 461 570 489 c 9
 570 774 l 25
102 23 m 25
 294 23 l 25
 294 -27 l 25
 102 -27 l 25
 102 23 l 25
87 213 m 25
 258 213 l 25
 274 226 280 251 300 246 c 24
 335 236 352 215 369 183 c 24
 376 170 356 165 348 153 c 25
 348 -24 l 17
 340 -53 334 -75 303 -78 c 1
 279 -76 268 -52 258 -24 c 9
 258 163 l 25
 87 163 l 25
 87 213 l 25
60 249 m 25
 103.29 229.11 138.953 233.251 171 198 c 24
 184.745 182.881 158.19 168.72 150 150 c 25
 150 -57 l 17
 142 -86 136 -108 105 -111 c 1
 81 -109 70 -85 60 -57 c 9
 60 249 l 25
69 351 m 25
 279 351 l 25
 279 351 302 387 327 396 c 1
 353 392 341 363 372 330 c 1
 380 312 363 301 345 301 c 9
 69 301 l 25
 69 351 l 25
72 474 m 25
 261 474 l 25
 261 474 284 510 309 519 c 1
 335 515 323 486 354 453 c 1
 362 435 345 424 327 424 c 9
 72 424 l 25
 72 474 l 25
18 612 m 25
 312 612 l 25
 312 612 335 648 360 657 c 1
 386 653 374 624 405 591 c 1
 413 573 396 562 378 562 c 9
 18 562 l 25
 18 612 l 25
51 726 m 25
 291 726 l 25
 291 726 314 762 339 771 c 1
 365 767 353 738 384 705 c 1
 392 687 375 676 357 676 c 9
 51 676 l 25
 51 726 l 25
EndSplineSet
EndChar
