Width: 1000
Flags: H
TeX: 117 0
LayerCount: 2
Fore
SplineSet
350 181 m 25
 350 181 423 195 470 204 c 24
 530 216 564 222 624 234 c 17
 600 210 587 201 561 183 c 24
 510 147 474 125 426 97 c 0
 414 90 409 61 399 72 c 24
 368 107 350 181 350 181 c 25
379 387 m 1
 582 387 l 1
 582 337 l 1
 379 337 l 1
 379 387 l 1
384 578 m 1
 579 578 l 1
 579 528 l 1
 384 528 l 1
 384 578 l 1
729 201 m 25
 855 201 l 25
 855 201 877 232 901 241 c 1
 920 234 944 206 963 180 c 1
 971 162 955 151 937 151 c 9
 729 151 l 25
 729 201 l 25
708 396 m 25
 846 396 l 25
 846 396 868 427 892 436 c 1
 911 429 935 401 954 375 c 1
 962 357 946 346 928 346 c 9
 708 346 l 25
 708 396 l 25
711 573 m 25
 843 573 l 25
 843 573 865 604 889 613 c 1
 908 606 932 578 951 552 c 1
 959 534 943 523 925 523 c 9
 711 523 l 25
 711 573 l 25
672 54 m 2
 672 768 l 25
 672 768 751 752 783 717 c 24
 797 702 770 688 762 669 c 25
 762 69 l 2
 762 48 775 -36 769 -69 c 0
 761 -111 726 -123 706 -123 c 0
 686 -123 668 -116 667 -94 c 0
 666 -74 672 18 672 54 c 2
525 198 m 26
 525 765 l 25
 525 765 604 749 636 714 c 24
 650 699 623 685 615 666 c 25
 615 177 l 26
 615 119 606 84 580 32 c 24
 555 -18 532 -43 489 -79 c 24
 457 -106 429 -116 393 -127 c 1
 418 -102 439 -78 460 -42 c 24
 484 0 496 25 509 72 c 24
 522 120 525 148 525 198 c 26
135 5 m 1
 322 5 l 1
 322 -45 l 1
 135 -45 l 1
 135 5 l 1
270 93 m 2
 270 154 l 25
 132 154 l 25
 132 204 l 25
 270 204 l 25
 286 217 292 242 312 237 c 24
 347 227 364 206 381 174 c 24
 388 161 368 156 360 144 c 25
 360 108 l 2
 360 87 373 3 367 -30 c 0
 359 -72 324 -84 304 -84 c 0
 284 -84 266 -77 265 -55 c 0
 264 -35 270 57 270 93 c 2
90 45 m 2
 90 234 l 25
 90 234 169 218 201 183 c 24
 215 168 188 154 180 135 c 25
 180 60 l 2
 180 39 189 -45 183 -78 c 0
 175 -120 140 -132 120 -132 c 0
 100 -132 82 -125 81 -103 c 0
 80 -83 90 9 90 45 c 2
93 337 m 25
 252 337 l 25
 252 337 274 368 298 377 c 1
 317 370 341 342 360 316 c 1
 368 298 352 287 334 287 c 9
 93 287 l 25
 93 337 l 25
93 465 m 25
 252 465 l 25
 252 465 274 496 298 505 c 1
 317 498 341 470 360 444 c 1
 368 426 352 415 334 415 c 9
 93 415 l 25
 93 465 l 25
39 585 m 25
 312 585 l 25
 312 585 334 616 358 625 c 1
 377 618 401 590 420 564 c 1
 428 546 412 535 394 535 c 9
 39 535 l 25
 39 585 l 25
111 702 m 25
 246 702 l 25
 246 702 268 733 292 742 c 1
 311 735 335 707 354 681 c 1
 362 663 346 652 328 652 c 9
 111 652 l 25
 111 702 l 25
EndSplineSet
EndChar
