Width: 1000
Flags: H
TeX: 117 0
LayerCount: 2
Fore
SplineSet
567 603 m 25
 567 783 l 25
 567 783 646 767 678 732 c 24
 692 717 665 703 657 684 c 25
 657 603 l 25
 567 603 l 25
483 579 m 9
 528 594 l 17
 551 560 565 534 579 492 c 24
 589 462 590 443 588 411 c 9
 528 402 l 17
 516 423 507 452 498 486 c 24
 489 522 485 542 483 579 c 9
672 414 m 25
 672 30 l 2
 672 9 681 -75 675 -108 c 0
 667 -150 632 -162 612 -162 c 0
 592 -162 574 -155 573 -133 c 0
 572 -113 582 -21 582 15 c 2
 582 414 l 25
 672 414 l 25
759 78 m 10
 759 238 l 25
 459 238 l 25
 459 288 l 25
 759 288 l 25
 775 301 781 326 801 321 c 24
 836 311 853 290 870 258 c 24
 877 245 857 240 849 228 c 25
 849 96 l 18
 849 48 865 27 848 -12 c 24
 834 -44 797 -68 779 -68 c 8
 755 -68 758 -36 740 -19 c 24
 711 8 691 18 659 42 c 17
 710 42 l 2
 734 42 759 58 759 78 c 10
423 330 m 25
 423 330 502 314 534 279 c 24
 548 264 521 250 513 231 c 25
 513 114 l 2
 513 93 522 9 516 -24 c 0
 508 -66 473 -78 453 -78 c 0
 433 -78 415 -71 414 -49 c 0
 413 -29 423 63 423 99 c 2
 423 330 l 25
681 579 m 9
 789 579 l 17
 775 541 767 524 748 492 c 24
 727 456 712 435 687 405 c 9
 660 405 l 17
 667 442 670 462 674 499 c 24
 678 530 679 541 681 579 c 9
840 385 m 25
 381 385 l 25
 381 435 l 25
 843 435 l 25
 862 449 869 478 891 471 c 24
 930 458 947 433 963 396 c 24
 969 382 947 380 936 369 c 25
 840 270 l 25
 840 385 l 25
390 498 m 1
 415 463 426 444 432 405 c 24
 438 370 438 346 420 315 c 24
 405 290 386 275 357 276 c 24
 336 277 325 297 324 318 c 24
 323 346 343 358 354 384 c 0
 374 430 379 450 390 498 c 1
363 618 m 25
 750 618 l 25
 779 646 788 678 813 687 c 1
 839 683 881 630 912 597 c 1
 920 579 903 568 885 568 c 9
 363 568 l 25
 363 618 l 25
87 -11 m 1
 307 -11 l 1
 307 -61 l 1
 87 -61 l 1
 87 -11 l 1
87 188 m 25
 237 188 l 25
 253 201 259 226 279 221 c 24
 314 211 331 190 348 158 c 24
 355 145 335 140 327 128 c 25
 327 77 l 2
 327 56 340 -28 334 -61 c 0
 326 -103 291 -115 271 -115 c 0
 251 -115 233 -108 232 -86 c 0
 231 -66 237 26 237 62 c 2
 237 138 l 25
 87 138 l 25
 87 188 l 25
66 221 m 25
 66 221 145 205 177 170 c 24
 191 155 164 141 156 122 c 25
 156 44 l 2
 156 23 165 -61 159 -94 c 0
 151 -136 116 -148 96 -148 c 0
 76 -148 58 -141 57 -119 c 0
 56 -99 66 -7 66 29 c 2
 66 221 l 25
63 323 m 25
 219 323 l 25
 219 323 241 354 265 363 c 1
 284 356 308 328 327 302 c 1
 335 284 319 273 301 273 c 9
 63 273 l 25
 63 323 l 25
63 446 m 25
 216 446 l 25
 216 446 238 477 262 486 c 1
 281 479 305 451 324 425 c 1
 332 407 316 396 298 396 c 9
 63 396 l 25
 63 446 l 25
51 565 m 25
 270 565 l 25
 270 565 292 596 316 605 c 1
 335 598 359 570 378 544 c 1
 386 526 370 515 352 515 c 9
 51 515 l 25
 51 565 l 25
72 682 m 25
 198 682 l 25
 198 682 220 713 244 722 c 1
 263 715 287 687 306 661 c 1
 314 643 298 632 280 632 c 9
 72 632 l 25
 72 682 l 25
EndSplineSet
EndChar
