Width: 1000
Flags: H
TeX: 117 0
LayerCount: 2
Fore
SplineSet
492 367 m 1
 547 341 575 325 609 280 c 24
 633 248 638 220 633 181 c 24
 630 160 613 144 591 145 c 24
 567 146 554 163 543 184 c 24
 528 212 535 234 526 265 c 24
 515 305 512 326 492 367 c 1
714 1 m 2
 714 769 l 25
 714 769 793 753 825 718 c 24
 839 703 812 689 804 670 c 25
 804 -44 l 26
 804 -102 776 -145 723 -170 c 24
 693 -184 690 -129 663 -110 c 24
 623 -83 595 -75 552 -53 c 25
 681 -53 l 18
 707 -53 714 -41 714 1 c 2
423 490 m 25
 838 490 l 25
 867 518 876 550 901 559 c 1
 927 555 969 502 1000 469 c 1
 1008 451 991 440 973 440 c 9
 423 440 l 25
 423 490 l 25
129 -57 m 25
 360 -57 l 25
 360 -107 l 25
 129 -107 l 25
 129 -57 l 25
129 154 m 25
 306 154 l 25
 322 167 328 192 348 187 c 24
 383 177 400 156 417 124 c 24
 424 111 404 106 396 94 c 25
 396 -89 l 17
 388 -118 382 -140 351 -143 c 1
 327 -141 316 -117 306 -89 c 9
 306 104 l 25
 129 104 l 25
 129 154 l 25
87 177 m 25
 87 177 166 161 198 126 c 24
 212 111 185 97 177 78 c 25
 177 -94 l 17
 169 -123 163 -145 132 -148 c 1
 108 -146 97 -122 87 -94 c 9
 87 177 l 25
78 295 m 25
 327 295 l 25
 327 295 349 326 373 335 c 1
 392 328 416 300 435 274 c 1
 443 256 427 245 409 245 c 9
 78 245 l 25
 78 295 l 25
78 430 m 25
 321 430 l 25
 321 430 343 461 367 470 c 1
 386 463 410 435 429 409 c 1
 437 391 421 380 403 380 c 9
 78 380 l 25
 78 430 l 25
12 565 m 25
 363 565 l 25
 363 565 385 596 409 605 c 1
 428 598 452 570 471 544 c 1
 479 526 463 515 445 515 c 9
 12 515 l 25
 12 565 l 25
93 697 m 25
 321 697 l 25
 321 697 343 728 367 737 c 1
 386 730 410 702 429 676 c 1
 437 658 421 647 403 647 c 9
 93 647 l 25
 93 697 l 25
EndSplineSet
EndChar
