Width: 1000
Flags: H
TeX: 117 0
LayerCount: 2
Fore
SplineSet
579 -37 m 25
 852 -37 l 25
 852 -87 l 25
 579 -87 l 25
 579 -37 l 25
576 120 m 25
 858 120 l 25
 858 70 l 25
 576 70 l 25
 576 120 l 25
567 264 m 25
 819 264 l 25
 835 277 841 302 861 297 c 24
 896 287 913 266 930 234 c 24
 937 221 917 216 909 204 c 25
 909 -90 l 17
 901 -119 895 -141 864 -144 c 1
 840 -142 829 -118 819 -90 c 9
 819 214 l 25
 567 214 l 25
 567 264 l 25
540 306 m 25
 583 286 619 290 651 255 c 24
 665 240 638 226 630 207 c 25
 630 -96 l 17
 622 -125 616 -147 585 -150 c 1
 561 -148 550 -124 540 -96 c 9
 540 306 l 25
849 720 m 25
 869 684 891 667 900 627 c 24
 903 616 884 621 873 618 c 24
 821 605 791 599 738 588 c 24
 677 575 643 568 582 555 c 25
 570 597 l 25
 849 720 l 25
525 420 m 9
 525 774 l 25
 568 754 604 758 636 723 c 24
 650 708 623 694 615 675 c 25
 615 501 l 1
 615 471 630 459 651 459 c 9
 876 459 l 25
 930 543 l 25
 936 513 935 494 945 465 c 24
 953 442 976 435 975 411 c 24
 974 394 960 390 942 381 c 9
 573 381 l 1
 534 384 534 402 525 420 c 9
180 -37 m 25
 369 -37 l 25
 369 -87 l 25
 180 -87 l 25
 180 -37 l 25
171 192 m 25
 333 192 l 25
 349 205 355 230 375 225 c 24
 410 215 427 194 444 162 c 24
 451 149 431 144 423 132 c 25
 423 -57 l 17
 415 -86 409 -108 378 -111 c 1
 354 -109 343 -85 333 -57 c 9
 333 142 l 25
 171 142 l 25
 171 192 l 25
120 222 m 25
 163 202 199 206 231 171 c 24
 245 156 218 142 210 123 c 25
 210 -108 l 17
 202 -137 196 -159 165 -162 c 1
 141 -160 130 -136 120 -108 c 9
 120 222 l 25
126 324 m 25
 330 324 l 25
 330 324 353 360 378 369 c 1
 404 365 392 336 423 303 c 1
 431 285 414 274 396 274 c 9
 126 274 l 25
 126 324 l 25
123 450 m 25
 318 450 l 25
 318 450 341 486 366 495 c 1
 392 491 380 462 411 429 c 1
 419 411 402 400 384 400 c 9
 123 400 l 25
 123 450 l 25
72 573 m 25
 375 573 l 25
 375 573 398 609 423 618 c 1
 449 614 437 585 468 552 c 1
 476 534 459 523 441 523 c 9
 72 523 l 25
 72 573 l 25
120 717 m 25
 321 717 l 25
 321 717 344 753 369 762 c 1
 395 758 383 729 414 696 c 1
 422 678 405 667 387 667 c 9
 120 667 l 25
 120 717 l 25
EndSplineSet
EndChar
