Width: 1000
Flags: H
TeX: 117 0
LayerCount: 2
Fore
SplineSet
666 486 m 17
 720 478 750 473 797 449 c 24
 840 427 868 412 894 372 c 24
 917 337 926 307 917 266 c 24
 912 243 885 229 864 238 c 0
 855 242 829 268 812 292 c 0
 790 324 785 352 756 381 c 24
 727 410 707 419 666 435 c 9
 666 486 l 17
621 27 m 2
 621 756 l 25
 621 756 700 740 732 705 c 24
 746 690 719 676 711 657 c 25
 711 42 l 2
 711 21 720 -63 714 -96 c 0
 706 -138 671 -150 651 -150 c 0
 631 -150 613 -143 612 -121 c 0
 611 -101 621 -9 621 27 c 2
168 -37 m 1
 423 -37 l 1
 423 -87 l 1
 168 -87 l 1
 168 -37 l 1
345 54 m 2
 345 109 l 25
 159 109 l 25
 159 159 l 25
 345 159 l 25
 361 172 367 197 387 192 c 24
 422 182 439 161 456 129 c 24
 463 116 443 111 435 99 c 25
 435 69 l 2
 444 48 453 -36 447 -69 c 0
 439 -111 404 -123 384 -123 c 0
 364 -123 346 -116 345 -94 c 0
 344 -74 354 18 345 54 c 2
123 27 m 2
 123 198 l 25
 123 198 202 182 234 147 c 24
 248 132 221 118 213 99 c 25
 213 42 l 2
 213 21 222 -63 216 -96 c 0
 208 -138 173 -150 153 -150 c 0
 133 -150 115 -143 114 -121 c 0
 113 -101 123 -9 123 27 c 2
126 308 m 25
 357 308 l 25
 357 308 379 339 403 348 c 1
 422 341 446 313 465 287 c 1
 473 269 457 258 439 258 c 9
 126 258 l 25
 126 308 l 25
126 440 m 25
 357 440 l 25
 357 440 379 471 403 480 c 1
 422 473 446 445 465 419 c 1
 473 401 457 390 439 390 c 9
 126 390 l 25
 126 440 l 25
78 570 m 25
 423 570 l 25
 423 570 445 601 469 610 c 1
 488 603 512 575 531 549 c 1
 539 531 523 520 505 520 c 9
 78 520 l 25
 78 570 l 25
138 696 m 25
 345 696 l 25
 345 696 367 727 391 736 c 1
 410 729 434 701 453 675 c 1
 461 657 445 646 427 646 c 9
 138 646 l 25
 138 696 l 25
EndSplineSet
EndChar
