Width: 1000
Flags: H
TeX: 117 0
LayerCount: 2
Fore
SplineSet
819 141 m 24
 796.276 160.883 797.25 184.735 774 204 c 24
 754.594 220.08 737.4 218.64 714 228 c 25
 714 285 l 25
 758.46 276.81 787.804 284.689 828 264 c 24
 870.69 242.027 900.169 224.578 918 180 c 24
 930.236 149.409 924.655 111.076 894 99 c 24
 862.809 86.7129 844.229 118.924 819 141 c 24
840 588 m 25
 876.27 556.41 911.028 549.787 933 507 c 24
 941.349 490.742 911.621 487.966 897 477 c 24
 841.396 435.298 811.845 408.988 753 372 c 24
 729.454 357.2 712.74 355.53 687 345 c 25
 687 393 l 25
 720.93 433.95 741.173 456.161 774 498 c 24
 800.868 532.244 814.26 552.9 840 588 c 25
390 135 m 24
 374.281 140.791 378.715 158.652 372 174 c 24
 362.332 196.098 357.36 208.77 348 231 c 25
 385.44 231 407.783 229.88 444 240 c 24
 488.393 252.403 509.88 269.28 552 288 c 25
 552 225 l 25
 506.37 196.92 475.408 179.774 429 153 c 24
 414.49 144.629 405.719 129.209 390 135 c 24
384 561 m 25
 420.27 534.09 452.517 529.95 477 492 c 24
 502.388 452.649 513.011 420.954 504 375 c 24
 498.941 349.199 473.17 336.468 447 339 c 24
 424.63 341.165 417.768 362.568 411 384 c 24
 402.896 409.661 415.058 426.397 411 453 c 24
 404.453 495.92 394.53 518.88 384 561 c 25
648 -78 m 9
 648 765 l 25
 691 745 727 749 759 714 c 24
 773 699 746 685 738 666 c 25
 738 0 l 17
 735 -27 745.003 -40.6773 759 -48 c 9
 864 -48 l 25
 869.85 -36.2998 874.047 -30.1075 879 -18 c 24
 895.125 21.418 902.79 44.2197 918 84 c 25
 927.36 38.3701 925.897 10.7079 942 -33 c 24
 950.98 -57.377 983.352 -61.1289 981 -87 c 24
 978.677 -112.555 951.72 -114.45 933 -132 c 25
 714 -132 l 17
 682.149 -128.377 648 -122.979 648 -78 c 9
498 144 m 25
 498 762 l 25
 541 742 577 746 609 711 c 24
 623 696 596 682 588 663 c 25
 588 99 l 17
 573 42 562.411 11.7444 531 -36 c 24
 502.809 -78.8516 482.285 -103.119 438 -129 c 24
 389.429 -157.386 353.82 -154.62 300 -171 c 25
 346.8 -128.88 380.199 -111.788 420 -63 c 24
 453.763 -21.6133 467.167 7.0196 486 57 c 24
 498.077 89.0518 493.32 110.07 498 144 c 25
123 -13 m 1
 318 -13 l 1
 318 -63 l 1
 123 -63 l 1
 123 -13 l 1
109 162 m 25
 246 162 l 25
 262 175 268 200 288 195 c 24
 323 185 340 164 357 132 c 24
 364 119 344 114 336 102 c 25
 336 -42 l 17
 328 -71 322 -93 291 -96 c 1
 267 -94 256 -70 246 -42 c 9
 246 112 l 25
 109 112 l 25
 109 162 l 25
66 204 m 25
 109.29 184.11 144.953 188.251 177 153 c 24
 190.745 137.881 164.19 123.72 156 105 c 25
 156 -90 l 17
 148 -119 142 -141 111 -144 c 1
 87 -142 76 -118 66 -90 c 9
 66 204 l 25
75 294 m 25
 234 294 l 25
 234 294 257 330 282 339 c 1
 308 335 296 306 327 273 c 1
 335 255 318 244 300 244 c 9
 75 244 l 25
 75 294 l 25
66 427 m 25
 240 427 l 25
 240 427 263 463 288 472 c 1
 314 468 302 439 333 406 c 1
 341 388 324 377 306 377 c 9
 66 377 l 25
 66 427 l 25
36 549 m 25
 285 549 l 25
 285 549 308 585 333 594 c 1
 359 590 347 561 378 528 c 1
 386 510 369 499 351 499 c 9
 36 499 l 25
 36 549 l 25
78 669 m 25
 246 669 l 25
 246 669 269 705 294 714 c 1
 320 710 308 681 339 648 c 1
 347 630 330 619 312 619 c 9
 78 619 l 25
 78 669 l 25
EndSplineSet
EndChar
