Width: 1000
Flags: H
TeX: 117 0
LayerCount: 2
Fore
SplineSet
801 138 m 1
 801 310 l 25
 603 310 l 25
 603 360 l 25
 801 360 l 25
 817.38 372.87 822.891 398.435 843 393 c 24
 878.178 383.492 895.287 362.381 912 330 c 24
 918.55 317.309 899.19 311.7 891 300 c 25
 891 189 l 1
 882 120 882 55 855 0 c 8
 828.499 -53.9844 815.789 -96.1055 762 -123 c 24
 737.48 -135.26 737.164 -87.5722 717 -69 c 24
 692.387 -46.3301 674.91 -37.8896 648 -18 c 25
 735 -18 l 25
 749.04 0.719727 761.882 8.44938 771 30 c 24
 788.033 70.2598 804 105 801 138 c 1
564 486 m 9
 564 786 l 25
 607 766 643 770 675 735 c 24
 689 720 662 706 654 687 c 25
 654 555 l 25
 650 484 655 443 645 372 c 24
 633 284 625 234 597 150 c 24
 576 88 556 56 522 0 c 24
 496 -42 482 -67 444 -99 c 24
 413 -125 387 -126 351 -144 c 25
 401 -63 439 -23 480 63 c 24
 515 136 526 178 543 261 c 0
 558 336 564 362 564 486 c 9
414 576 m 25
 804 576 l 25
 804 576 842 636 867 645 c 1
 893 641 935 588 966 555 c 1
 974 537 957 526 939 526 c 9
 414 526 l 25
 414 576 l 25
138 -19 m 25
 336 -19 l 25
 336 -69 l 25
 138 -69 l 25
 138 -19 l 25
126 189 m 25
 279 189 l 25
 295 202 301 227 321 222 c 24
 356 212 373 191 390 159 c 24
 397 146 377 141 369 129 c 25
 369 -42 l 17
 361 -71 355 -93 324 -96 c 1
 300 -94 289 -70 279 -42 c 9
 279 139 l 25
 126 139 l 25
 126 189 l 25
81 222 m 25
 124 202 160 206 192 171 c 24
 206 156 179 142 171 123 c 25
 171 -102 l 17
 163 -131 157 -153 126 -156 c 1
 102 -154 91 -130 81 -102 c 9
 81 222 l 25
72 306 m 25
 294 306 l 25
 294 306 317 342 342 351 c 1
 368 347 356 318 387 285 c 1
 395 267 378 256 360 256 c 9
 72 256 l 25
 72 306 l 25
75 435 m 25
 294 435 l 25
 294 435 317 471 342 480 c 1
 368 476 356 447 387 414 c 1
 395 396 378 385 360 385 c 9
 75 385 l 25
 75 435 l 25
36 573 m 25
 309 573 l 25
 309 573 332 609 357 618 c 1
 383 614 371 585 402 552 c 1
 410 534 393 523 375 523 c 9
 36 523 l 25
 36 573 l 25
57 723 m 25
 276 723 l 25
 276 723 299 759 324 768 c 1
 350 764 338 735 369 702 c 1
 377 684 360 673 342 673 c 9
 57 673 l 25
 57 723 l 25
EndSplineSet
EndChar
