Width: 1000
Flags: H
TeX: 117 0
LayerCount: 2
Fore
SplineSet
405 -85 m 25
 832 -85 l 25
 861 -57 870 -25 895 -16 c 1
 921 -20 963 -73 994 -106 c 1
 1002 -124 985 -135 967 -135 c 9
 405 -135 l 25
 405 -85 l 25
561 207 m 1
 789 207 l 1
 789 157 l 1
 561 157 l 1
 561 207 l 1
549 442 m 1
 795 442 l 1
 795 392 l 1
 549 392 l 1
 549 442 l 1
762 -103 m 25
 762 642 l 25
 543 642 l 25
 543 692 l 25
 762 692 l 25
 778.38 704.87 783.891 730.435 804 725 c 24
 839.178 715.492 856.287 694.381 873 662 c 24
 879.55 649.309 860.19 643.7 852 632 c 25
 852 -103 l 25
 762 -103 l 25
513 -109 m 25
 513 725 l 25
 556 705 592 709 624 674 c 24
 638 659 611 645 603 626 c 25
 603 -109 l 25
 513 -109 l 25
123 -60 m 1
 357 -60 l 1
 357 -110 l 1
 123 -110 l 1
 123 -60 l 1
123 158 m 25
 285 158 l 25
 301 171 307 196 327 191 c 24
 362 181 379 160 396 128 c 24
 403 115 383 110 375 98 c 25
 375 -88 l 17
 367 -117 361 -139 330 -142 c 1
 306 -140 295 -116 285 -88 c 9
 285 108 l 25
 123 108 l 25
 123 158 l 25
90 194 m 25
 133.29 174.11 168.953 178.251 201 143 c 24
 214.745 127.881 188.19 113.72 180 95 c 25
 180 -130 l 17
 172 -159 166 -181 135 -184 c 1
 111 -182 100 -158 90 -130 c 9
 90 194 l 25
93 311 m 25
 318 311 l 25
 318 311 341 347 366 356 c 1
 392 352 380 323 411 290 c 1
 419 272 402 261 384 261 c 9
 93 261 l 25
 93 311 l 25
91 443 m 25
 310 443 l 25
 310 443 333 479 358 488 c 1
 384 484 372 455 403 422 c 1
 411 404 394 393 376 393 c 9
 91 393 l 25
 91 443 l 25
39 566 m 25
 372 566 l 25
 372 566 395 602 420 611 c 1
 446 607 434 578 465 545 c 1
 473 527 456 516 438 516 c 9
 39 516 l 25
 39 566 l 25
69 701 m 25
 300 701 l 25
 300 701 323 737 348 746 c 1
 374 742 362 713 393 680 c 1
 401 662 384 651 366 651 c 9
 69 651 l 25
 69 701 l 25
EndSplineSet
EndChar
