Width: 1000
Flags: H
TeX: 117 0
LayerCount: 2
Fore
SplineSet
735 405 m 25
 798 405 l 25
 830 343 843 306 879 246 c 24
 904 205 925 186 954 147 c 25
 934 138 921 136 903 123 c 24
 888 112 885 73 873 87 c 24
 820 150 809 198 777 273 c 24
 755 323 751 354 735 405 c 25
426 54 m 25
 426 271 l 25
 345 271 l 25
 345 321 l 25
 426 321 l 25
 442 334 448 359 468 354 c 24
 503 344 520 323 537 291 c 24
 544 278 524 273 516 261 c 25
 516 39 l 17
 546 3 569 -26 606 -39 c 9
 891 -39 l 25
 972 -18 l 25
 951 -46 939 -62 918 -90 c 24
 908 -104 903 -112 894 -126 c 25
 597 -126 l 1
 561 -119 554 -107 531 -87 c 24
 506 -65 498 -47 477 -21 c 25
 462 -41 455 -54 438 -72 c 24
 424 -87 417 -102 396 -105 c 24
 372 -109 350 -107 336 -87 c 24
 323 -68 329 -47 342 -27 c 24
 366 11 393 22 426 54 c 25
654 402 m 25
 705 402 l 25
 705 285 l 25
 691 262 686 247 669 225 c 24
 648 198 635 183 609 162 c 24
 582 141 563 135 534 117 c 25
 555 161 568 186 588 231 c 24
 603 265 611 284 624 318 c 24
 637 350 642 369 654 402 c 25
678 735 m 25
 721 715 757 719 789 684 c 24
 803 669 776 655 768 636 c 25
 768 24 l 17
 760 -5 754 -27 723 -30 c 1
 699 -28 688 -4 678 24 c 9
 678 735 l 25
855 651 m 25
 887 622 916 614 936 576 c 24
 943 563 918 562 906 552 c 24
 882 532 872 518 846 501 c 24
 826 487 811 485 789 474 c 25
 804 510 814 530 828 567 c 24
 840 599 844 618 855 651 c 25
558 630 m 25
 588 608 613 603 636 573 c 24
 655 549 662 529 660 498 c 24
 659 479 649 463 630 459 c 24
 610 454 593 462 582 480 c 24
 568 503 580 522 576 549 c 24
 571 581 565 598 558 630 c 25
495 438 m 25
 861 438 l 25
 861 438 884 474 909 483 c 1
 935 479 923 450 954 417 c 1
 962 399 945 388 927 388 c 9
 495 388 l 25
 495 438 l 25
417 699 m 25
 451 680 475 677 504 651 c 24
 525 632 538 616 540 588 c 24
 542 561 536 538 513 525 c 24
 495 515 478 530 465 546 c 24
 448 567 452 586 444 612 c 24
 433 646 428 665 417 699 c 25
301 -35 m 25
 114 -35 l 25
 114 15 l 25
 301 15 l 25
 301 -35 l 25
102 204 m 25
 240 204 l 25
 256 217 262 242 282 237 c 24
 317 227 334 206 351 174 c 24
 358 161 338 156 330 144 c 25
 330 -39 l 17
 322 -68 316 -90 285 -93 c 1
 261 -91 250 -67 240 -39 c 9
 240 154 l 25
 102 154 l 25
 102 204 l 25
81 228 m 25
 124 208 160 212 192 177 c 24
 206 162 179 148 171 129 c 25
 171 -75 l 17
 163 -104 157 -126 126 -129 c 1
 102 -127 91 -103 81 -75 c 9
 81 228 l 25
84 321 m 25
 252 321 l 25
 252 321 275 357 300 366 c 1
 326 362 314 333 345 300 c 1
 353 282 336 271 318 271 c 9
 84 271 l 25
 84 321 l 25
81 438 m 25
 249 438 l 25
 249 438 272 474 297 483 c 1
 323 479 311 450 342 417 c 1
 350 399 333 388 315 388 c 9
 81 388 l 25
 81 438 l 25
75 561 m 25
 279 561 l 25
 279 561 302 597 327 606 c 1
 353 602 341 573 372 540 c 1
 380 522 363 511 345 511 c 9
 75 511 l 25
 75 561 l 25
99 684 m 25
 213 684 l 25
 213 684 236 720 261 729 c 1
 287 725 275 696 306 663 c 1
 314 645 297 634 279 634 c 9
 99 634 l 25
 99 684 l 25
EndSplineSet
EndChar
