Width: 1000
Flags: H
TeX: 117 0
LayerCount: 2
Fore
SplineSet
231 -120 m 25
 738 -120 l 25
 738 -170 l 25
 231 -170 l 25
 231 -120 l 25
231 3 m 25
 693 3 l 25
 709.38 15.8701 714.891 41.4346 735 36 c 24
 770.178 26.4922 787.287 5.38086 804 -27 c 24
 810.55 -39.6914 791.19 -45.2998 783 -57 c 25
 783 -146 l 17
 775 -175 769 -197 738 -200 c 1
 714 -198 703 -174 693 -146 c 9
 693 -47 l 25
 231 -47 l 25
 231 3 l 25
192 30 m 25
 235.29 10.1104 270.953 14.251 303 -21 c 24
 316.745 -36.1191 290.19 -50.2803 282 -69 c 25
 282 -143 l 17
 274 -172 268 -194 237 -197 c 1
 213 -195 202 -171 192 -143 c 9
 192 30 l 25
201 90 m 25
 630 90 l 25
 630 90 668 150 693 159 c 1
 719 155 761 102 792 69 c 1
 800 51 783 40 765 40 c 9
 201 40 l 25
 201 90 l 25
200 171 m 25
 620 171 l 25
 620 171 658 231 683 240 c 1
 709 236 751 183 782 150 c 1
 790 132 773 121 755 121 c 9
 200 121 l 25
 200 171 l 25
15 243 m 25
 771 243 l 25
 800 271 809 303 834 312 c 1
 860 308 902 255 933 222 c 1
 941 204 924 193 906 193 c 9
 15 193 l 25
 15 243 l 25
219 330 m 25
 627 330 l 25
 627 330 650 366 675 375 c 1
 701 371 689 342 720 309 c 1
 728 291 711 280 693 280 c 9
 219 280 l 25
 219 330 l 25
558 630 m 25
 627 630 l 25
 645 596 646 571 672 543 c 24
 718 493 747 465 807 432 c 24
 866 399 908 399 972 378 c 25
 951 365 939 357 918 345 c 24
 898 334 889 312 867 318 c 24
 806 334 773 354 726 396 c 24
 668 447 648 489 603 552 c 24
 583 581 576 600 558 630 c 25
795 624 m 25
 879 624 l 17
 852 573 833.806 535.296 789 492 c 24
 728.065 433.12 688.715 401.981 612 366 c 24
 553.624 338.62 513.18 345.87 450 333 c 25
 514.35 370.44 554.79 385.211 615 429 c 24
 671.267 469.921 699.81 497.877 747 549 c 24
 770.555 574.518 776.28 594.75 795 624 c 25
558 648 m 25
 849 648 l 25
 849 648 872 684 897 693 c 1
 923 689 911 660 942 627 c 1
 950 609 933 598 915 598 c 9
 558 598 l 25
 558 648 l 25
570 795 m 25
 611 780 644 787 675 756 c 24
 688 743 661 730 651 714 c 24
 619 662 607 628 567 582 c 24
 533 543 505 531 465 498 c 25
 490 554 508 584 528 642 c 24
 549 700 554 735 570 795 c 25
134 461 m 25
 306 461 l 25
 306 411 l 25
 134 411 l 25
 134 461 l 25
345 469 m 25
 345 457 l 17
 337 428 331 406 300 403 c 1
 276 405 265 429 255 457 c 9
 255 479 l 25
 138 479 l 17
 144 496 148 512 138 529 c 9
 255 529 l 25
 271 542 277 567 297 562 c 24
 332 552 349 531 366 499 c 24
 373 486 353 481 345 469 c 25
117 562 m 25
 160 542 196 546 228 511 c 24
 242 496 215 482 207 463 c 25
 207 409 l 17
 199 380 193 358 162 355 c 1
 138 357 127 381 117 409 c 9
 117 562 l 25
384 489 m 1
 384 544 l 25
 146 544 l 25
 146 594 l 25
 384 594 l 25
 400 607 406 632 426 627 c 24
 461 617 478 596 495 564 c 24
 502 551 482 546 474 534 c 25
 474 477 l 1
 475 443 460 393 432 348 c 24
 415 321 395 303 363 303 c 24
 343 303 350 333 336 348 c 24
 311 374 292 383 264 405 c 25
 363 405 l 25
 363 405 381 453 384 489 c 1
309 795 m 25
 352 775 388 779 420 744 c 24
 434 729 407 715 399 696 c 25
 399 666 l 17
 391 637 385 615 354 612 c 1
 330 614 319 638 309 666 c 9
 309 795 l 25
162 800 m 25
 205 780 241 784 273 749 c 24
 287 734 260 720 252 701 c 25
 252 687 l 17
 244 658 238 636 207 633 c 1
 183 635 172 659 162 687 c 9
 162 800 l 25
156 684 m 25
 186 663 213 660 234 630 c 24
 242 619 221 614 213 603 c 25
 172 567 153 541 108 510 c 24
 81 492 60 492 30 480 c 25
 56 509 76 522 96 555 c 24
 125 602 133 634 156 684 c 25
60 711 m 25
 411 711 l 25
 411 711 434 747 459 756 c 1
 485 752 473 723 504 690 c 1
 512 672 495 661 477 661 c 9
 60 661 l 25
 60 711 l 25
EndSplineSet
EndChar
