Width: 1000
Flags: H
TeX: 117 0
LayerCount: 2
Fore
SplineSet
699 136 m 25
 699 -128 l 17
 691 -157 685 -179 654 -182 c 1
 630 -180 619 -156 609 -128 c 9
 609 136 l 25
 699 136 l 25
390 43 m 25
 838 43 l 25
 867 71 876 103 901 112 c 1
 927 108 969 55 1000 22 c 1
 1008 4 991 -7 973 -7 c 9
 390 -7 l 25
 390 43 l 25
450 170 m 1
 861 170 l 1
 861 120 l 1
 450 120 l 1
 450 170 l 1
465 271 m 1
 849 271 l 1
 849 221 l 1
 465 221 l 1
 465 271 l 1
459 373 m 25
 795 373 l 25
 811 386 817 411 837 406 c 24
 872 396 889 375 906 343 c 24
 913 330 893 325 885 313 c 25
 885 163 l 17
 877 134 871 112 840 109 c 1
 816 111 805 135 795 163 c 9
 795 323 l 25
 459 323 l 25
 459 373 l 25
435 409 m 25
 478 389 514 393 546 358 c 24
 560 343 533 329 525 310 c 25
 525 151 l 17
 517 122 511 100 480 97 c 1
 456 99 445 123 435 151 c 9
 435 409 l 25
684 742 m 1
 774 742 l 1
 774 463 l 1
 684 463 l 1
 684 742 l 1
546 727 m 1
 636 727 l 1
 636 469 l 1
 546 469 l 1
 546 727 l 1
423 494 m 1
 894 494 l 1
 894 444 l 1
 423 444 l 1
 423 494 l 1
417 637 m 25
 837 637 l 25
 853 650 859 675 879 670 c 24
 914 660 931 639 948 607 c 24
 955 594 935 589 927 577 c 25
 927 451 l 17
 919 422 913 400 882 397 c 1
 858 399 847 423 837 451 c 9
 837 587 l 25
 417 587 l 25
 417 637 l 25
390 670 m 25
 433 650 469 654 501 619 c 24
 515 604 488 590 480 571 c 25
 480 463 l 17
 472 434 466 412 435 409 c 1
 411 411 400 435 390 463 c 9
 390 670 l 25
357 754 m 25
 828 754 l 25
 828 754 848 784 873 793 c 1
 899 789 917 766 948 733 c 1
 956 715 939 704 921 704 c 9
 357 704 l 25
 357 754 l 25
93 -22 m 1
 312 -22 l 1
 312 -72 l 1
 93 -72 l 1
 93 -22 l 1
75 178 m 25
 240 178 l 25
 256 191 262 216 282 211 c 24
 317 201 334 180 351 148 c 24
 358 135 338 130 330 118 c 25
 330 -86 l 17
 322 -115 316 -137 285 -140 c 1
 261 -138 250 -114 240 -86 c 9
 240 128 l 25
 75 128 l 25
 75 178 l 25
42 223 m 25
 85 203 121 207 153 172 c 24
 167 157 140 143 132 124 c 25
 132 -113 l 17
 124 -142 118 -164 87 -167 c 1
 63 -165 52 -141 42 -113 c 9
 42 223 l 25
40 319 m 25
 240 319 l 25
 240 319 263 355 288 364 c 1
 314 360 302 331 333 298 c 1
 341 280 324 269 306 269 c 9
 40 269 l 25
 40 319 l 25
39 454 m 25
 237 454 l 25
 237 454 260 490 285 499 c 1
 311 495 299 466 330 433 c 1
 338 415 321 404 303 404 c 9
 39 404 l 25
 39 454 l 25
0 598 m 25
 264 598 l 25
 264 598 287 634 312 643 c 1
 338 639 326 610 357 577 c 1
 365 559 348 548 330 548 c 9
 0 548 l 25
 0 598 l 25
36 733 m 9
 240 733 l 25
 240 733 263 769 288 778 c 1
 314 774 302 745 333 712 c 1
 341 694 324 683 306 683 c 9
 36 683 l 25
 36 733 l 9
EndSplineSet
EndChar
