Width: 1000
Flags: H
TeX: 117 0
LayerCount: 2
Fore
SplineSet
602 51 m 1
 848 51 l 1
 848 1 l 1
 602 1 l 1
 602 51 l 1
590 164 m 25
 794 164 l 25
 810.38 176.87 815.891 202.435 836 197 c 24
 871.178 187.492 888.287 166.381 905 134 c 24
 911.55 121.309 892.19 115.7 884 104 c 25
 884 38 l 17
 876 9 870 -13 839 -16 c 1
 815 -14 804 10 794 38 c 9
 794 114 l 25
 590 114 l 25
 590 164 l 25
599 265 m 1
 848 265 l 1
 848 215 l 1
 599 215 l 1
 599 265 l 1
593 359 m 25
 779 359 l 25
 795.38 371.87 800.891 397.435 821 392 c 24
 856.178 382.492 873.287 361.381 890 329 c 24
 896.55 316.309 877.19 310.7 869 299 c 25
 869 245 l 17
 861 216 855 194 824 191 c 1
 800 193 789 217 779 245 c 9
 779 309 l 25
 593 309 l 25
 593 359 l 25
551 392 m 25
 594.29 372.11 629.953 376.251 662 341 c 24
 675.745 325.881 649.19 311.72 641 293 c 25
 641 35 l 17
 633 6 627 -16 596 -19 c 1
 572 -17 561 7 551 35 c 9
 551 392 l 25
494 455 m 25
 881 455 l 25
 881 455 904 491 929 500 c 1
 955 496 943 467 974 434 c 1
 982 416 965 405 947 405 c 9
 494 405 l 25
 494 455 l 25
680 431 m 25
 680 801 l 25
 723.29 781.11 758.953 785.251 791 750 c 24
 804.745 734.881 778.19 720.72 770 702 c 25
 770 431 l 25
 680 431 l 25
575 558 m 1
 857 558 l 1
 857 508 l 1
 575 508 l 1
 575 558 l 1
587 704 m 25
 806 704 l 25
 822.38 716.87 827.891 742.435 848 737 c 24
 883.178 727.492 900.287 706.381 917 674 c 24
 923.55 661.309 904.19 655.7 896 644 c 25
 896 551 l 17
 888 522 882 500 851 497 c 1
 827 499 816 523 806 551 c 9
 806 654 l 25
 587 654 l 25
 587 704 l 25
545 749 m 25
 588 729 624 733 656 698 c 24
 670 683 643 669 635 650 c 25
 635 542 l 17
 627 513 621 491 590 488 c 1
 566 490 555 514 545 542 c 9
 545 749 l 25
404 8 m 25
 404 231 l 25
 350 231 l 25
 350 281 l 25
 404 281 l 25
 420.38 293.87 425.891 319.435 446 314 c 24
 481.178 304.492 498.287 283.381 515 251 c 24
 521.55 238.309 502.19 232.7 494 221 c 25
 494 35 l 25
 522.08 9.25977 533.229 -11.5801 566 -31 c 24
 597.83 -49.8623 617 -58 656 -61 c 9
 983 -61 l 25
 966.62 -77.3799 954.699 -84.3193 941 -103 c 24
 928.623 -119.878 926.36 -132.28 917 -151 c 25
 605 -151 l 17
 581 -142 550.51 -126.06 518 -106 c 24
 495.294 -91.9902 485.06 -80.3799 464 -64 c 25
 448.79 -90.9102 450.823 -116.011 425 -133 c 24
 400.486 -149.128 369.028 -161.338 350 -139 c 24
 327.945 -113.109 344.272 -83.9248 356 -52 c 24
 366.333 -23.8711 385.28 -15.4004 404 8 c 25
386 527 m 17
 423 522 444.746 520.924 470 497 c 24
 493.66 474.585 498.241 451.545 500 419 c 24
 500.859 403.109 491.801 387.896 476 386 c 24
 454.174 383.381 438.098 392.346 425 410 c 24
 408.429 432.335 415.795 452.616 407 479 c 24
 400.538 498.385 394.19 508.28 386 527 c 17
389 737 m 25
 424.1 721.79 448.73 721.391 479 698 c 24
 502.366 679.944 520.262 664.521 521 635 c 24
 521.673 608.073 507.259 587.355 482 578 c 24
 463.739 571.237 452.164 589.794 440 605 c 24
 427.511 620.612 429.205 634.351 422 653 c 24
 409.314 685.832 401.87 704.24 389 737 c 25
137 -17 m 1
 296 -17 l 1
 296 -67 l 1
 137 -67 l 1
 137 -17 l 1
131 197 m 25
 263 197 l 25
 279.38 209.87 284.891 235.435 305 230 c 24
 340.178 220.492 357.287 199.381 374 167 c 24
 380.55 154.309 361.19 148.7 353 137 c 25
 353 -70 l 17
 345 -99 339 -121 308 -124 c 1
 284 -122 273 -98 263 -70 c 9
 263 147 l 25
 131 147 l 25
 131 197 l 25
89 233 m 25
 132 213 168 217 200 182 c 24
 214 167 187 153 179 134 c 25
 179 -103 l 17
 171 -132 165 -154 134 -157 c 1
 110 -155 99 -131 89 -103 c 9
 89 233 l 25
85 350 m 25
 266 350 l 25
 266 350 289 386 314 395 c 1
 340 391 328 362 359 329 c 1
 367 311 350 300 332 300 c 9
 85 300 l 25
 85 350 l 25
86 470 m 25
 269 470 l 25
 269 470 292 506 317 515 c 1
 343 511 331 482 362 449 c 1
 370 431 353 420 335 420 c 9
 86 420 l 25
 86 470 l 25
56 590 m 25
 290 590 l 25
 290 590 313 626 338 635 c 1
 364 631 352 602 383 569 c 1
 391 551 374 540 356 540 c 9
 56 540 l 25
 56 590 l 25
71 722 m 25
 284 722 l 25
 284 722 307 758 332 767 c 1
 358 763 346 734 377 701 c 1
 385 683 368 672 350 672 c 9
 71 672 l 25
 71 722 l 25
EndSplineSet
EndChar
