Width: 1000
Flags: H
TeX: 117 0
LayerCount: 2
Fore
SplineSet
648 354 m 25
 678.42 329.43 699.982 320.191 726 291 c 24
 748.696 265.535 763.33 249.237 771 216 c 24
 778.147 185.029 781.972 159.727 762 135 c 24
 748.747 118.591 720.883 121.299 708 138 c 24
 682.865 170.582 692.013 200.352 681 240 c 24
 668.612 284.597 660.87 309.54 648 354 c 25
783 -75 m 25
 783 762 l 25
 826.29 742.11 861.953 746.251 894 711 c 24
 907.745 695.881 881.19 681.72 873 663 c 25
 873 -108 l 25
 844.92 -137.25 841.364 -179.156 801 -183 c 24
 768.785 -186.068 768.867 -143.855 747 -120 c 24
 730.229 -101.704 719.55 -92.5498 702 -75 c 25
 783 -75 l 25
672 435 m 25
 885 435 l 25
 885 435 908 471 933 480 c 1
 959 476 947 447 978 414 c 1
 986 396 969 385 951 385 c 9
 672 385 l 25
 672 435 l 25
582 216 m 9
 678 171 l 25
 665.13 158.13 657.455 151.272 645 138 c 24
 586.077 75.2139 561.486 30.7128 495 -24 c 24
 447.701 -62.9229 410.82 -69.75 357 -99 c 25
 407.31 -34.6504 440.788 -2.02832 486 66 c 16
 517.019 112.672 554.373 157.447 582 216 c 9
348 169 m 25
 606 169 l 25
 606 119 l 25
 348 119 l 25
 348 169 l 25
417 289 m 25
 618 289 l 25
 618 239 l 25
 417 239 l 25
 417 289 l 25
432 437 m 25
 612 437 l 25
 612 387 l 25
 432 387 l 25
 432 437 l 25
555 -84 m 25
 555 553 l 25
 423 553 l 25
 423 603 l 25
 555 603 l 25
 571 616 577 641 597 636 c 24
 632 626 649 605 666 573 c 24
 673 560 653 555 645 543 c 25
 645 -108 l 25
 625 -137 628 -173 594 -183 c 24
 568 -191 560 -157 540 -138 c 24
 519 -118 509 -105 489 -84 c 25
 555 -84 l 25
396 147 m 25
 396 630 l 25
 439 610 475 614 507 579 c 24
 521 564 494 550 486 531 c 25
 486 147 l 25
 396 147 l 25
501 780 m 25
 537.27 756.6 565.253 752.197 594 720 c 24
 601.792 711.272 583.17 705.245 576 696 c 24
 538.709 647.914 517.44 620.97 480 573 c 25
 435 561 l 25
 450.21 605.46 460.441 630.009 474 675 c 24
 486.2 715.483 490.47 739.05 501 780 c 25
132 -52 m 25
 291 -52 l 25
 291 -102 l 25
 132 -102 l 25
 132 -52 l 25
132 171 m 25
 234 171 l 25
 250 184 256 209 276 204 c 24
 311 194 328 173 345 141 c 24
 352 128 332 123 324 111 c 25
 324 -120 l 17
 316 -149 310 -171 279 -174 c 1
 255 -172 244 -148 234 -120 c 9
 234 121 l 25
 132 121 l 25
 132 171 l 25
81 201 m 25
 124 181 160 185 192 150 c 24
 206 135 179 121 171 102 c 25
 171 -135 l 17
 163 -164 157 -186 126 -189 c 1
 102 -187 91 -163 81 -135 c 9
 81 201 l 25
78 303 m 25
 243 303 l 25
 243 303 266 339 291 348 c 1
 317 344 305 315 336 282 c 1
 344 264 327 253 309 253 c 9
 78 253 l 25
 78 303 l 25
78 441 m 25
 252 441 l 25
 252 441 275 477 300 486 c 1
 326 482 314 453 345 420 c 1
 353 402 336 391 318 391 c 9
 78 391 l 25
 78 441 l 25
42 573 m 25
 282 573 l 25
 282 573 305 609 330 618 c 1
 356 614 344 585 375 552 c 1
 383 534 366 523 348 523 c 9
 42 523 l 25
 42 573 l 25
75 696 m 25
 249 696 l 25
 249 696 272 732 297 741 c 1
 323 737 311 708 342 675 c 1
 350 657 333 646 315 646 c 9
 75 646 l 25
 75 696 l 25
EndSplineSet
EndChar
