Width: 1000
Flags: H
TeX: 117 0
LayerCount: 2
Fore
SplineSet
357 -106 m 25
 735 -106 l 25
 735 -156 l 25
 357 -156 l 25
 357 -106 l 25
345 26 m 9
 729 26 l 25
 729 -24 l 25
 345 -24 l 17
 345 26 l 9
339 157 m 25
 708 157 l 25
 708 107 l 25
 339 107 l 25
 339 157 l 25
330 273 m 25
 696 273 l 25
 712 286 718 311 738 306 c 24
 773 296 790 275 807 243 c 24
 814 230 794 225 786 213 c 25
 786 -135 l 17
 778 -164 772 -186 741 -189 c 1
 717 -187 706 -163 696 -135 c 9
 696 223 l 25
 330 223 l 25
 330 273 l 25
309 300 m 25
 309 300 388 284 420 249 c 24
 434 234 407 220 399 201 c 25
 399 -141 l 17
 391 -170 385 -192 354 -195 c 1
 330 -193 319 -169 309 -141 c 9
 309 300 l 25
309 363 m 25
 423 363 l 25
 423 363 365 284 324 237 c 24
 286 193 265 168 222 129 c 24
 192 102 174 88 138 69 c 24
 103 50 86 44 42 33 c 1
 80 68 97 84 129 120 c 24
 177 174 203 206 246 264 c 24
 273 301 309 363 309 363 c 25
435 591 m 25
 525 591 l 25
 525 372 l 25
 435 372 l 25
 435 591 l 25
18 393 m 25
 810 393 l 25
 839 421 848 453 873 462 c 1
 899 458 941 405 972 372 c 1
 980 354 963 343 945 343 c 9
 18 343 l 25
 18 393 l 25
144 510 m 25
 672 510 l 25
 701 538 710 570 735 579 c 1
 761 575 803 522 834 489 c 1
 842 471 825 460 807 460 c 9
 144 460 l 25
 144 510 l 25
45 627 m 25
 783 627 l 25
 812 655 821 687 846 696 c 1
 872 692 914 639 945 606 c 1
 953 588 936 577 918 577 c 9
 45 577 l 25
 45 627 l 25
600 792 m 25
 600 792 669 758 696 720 c 24
 704 709 679 706 669 696 c 24
 630 659 570 600 570 600 c 25
 525 606 l 25
 525 606 552 662 567 699 c 24
 581 735 600 792 600 792 c 25
240 777 m 17
 295 766 326 759 372 729 c 24
 401 710 418 691 426 657 c 24
 431 636 421 615 400 608 c 24
 379 601 364 608 348 631 c 0
 329 658 315 685 291 717 c 24
 273 742 260 754 240 777 c 17
EndSplineSet
EndChar
