Width: 1000
Flags: H
TeX: 117 0
LayerCount: 2
Fore
SplineSet
492 -80 m 1
 843 -80 l 1
 843 -130 l 1
 492 -130 l 1
 492 -80 l 1
486 138 m 25
 780 138 l 25
 796 151 802 176 822 171 c 24
 857 161 874 140 891 108 c 24
 898 95 878 90 870 78 c 25
 870 -96 l 17
 862 -125 856 -147 825 -150 c 1
 801 -148 790 -124 780 -96 c 9
 780 88 l 25
 486 88 l 25
 486 138 l 25
450 168 m 25
 493.29 148.11 528.953 152.251 561 117 c 24
 574.745 101.881 548.19 87.7197 540 69 c 25
 540 -117 l 17
 532 -146 526 -168 495 -171 c 1
 471 -169 460 -145 450 -117 c 9
 450 168 l 25
405 282 m 25
 789 282 l 25
 818 310 827 342 852 351 c 1
 878 347 920 294 951 261 c 1
 959 243 942 232 924 232 c 9
 405 232 l 25
 405 282 l 25
435 399 m 25
 777 399 l 25
 777 399 800 435 825 444 c 1
 851 440 839 411 870 378 c 1
 878 360 861 349 843 349 c 9
 435 349 l 25
 435 399 l 25
420 468 m 25
 513.6 487.89 566.333 499.428 660 519 c 24
 723.114 532.188 822 552 822 552 c 1
 822 552 868.77 509.697 870 474 c 24
 870.617 456.113 842.55 468.51 825 465 c 25
 772.35 462.66 742.7 458.609 690 459 c 24
 584.645 459.78 525.3 464.49 420 468 c 25
615 612 m 25
 658 592 694 596 726 561 c 24
 740 546 713 532 705 513 c 25
 705 234 l 17
 697 205 691 183 660 180 c 1
 636 182 625 206 615 234 c 9
 615 612 l 25
615 645 m 25
 615 780 l 25
 658 760 694 764 726 729 c 24
 740 714 713 700 705 681 c 25
 705 645 l 25
 615 645 l 25
852 621 m 25
 420 621 l 25
 420 671 l 25
 843 671 l 25
 864.06 683.09 874.074 710.006 897 702 c 24
 935.28 688.633 954.882 665.01 969 627 c 24
 975.056 610.695 948.87 608.7 936 597 c 25
 837 534 l 25
 852 621 l 25
423 705 m 25
 439.38 669.9 456.09 652.695 465 615 c 24
 471.733 586.512 478.238 564.357 462 540 c 24
 445.454 515.181 422.816 506.123 393 507 c 24
 373.962 507.56 361.582 524.02 360 543 c 24
 357.542 572.497 373.272 587.414 384 615 c 24
 397.865 650.652 407.79 669.9 423 705 c 25
114 88 m 1
 291 88 l 1
 291 38 l 1
 114 38 l 1
 114 88 l 1
120 292 m 1
 279 292 l 1
 279 242 l 1
 120 242 l 1
 120 292 l 1
114 494 m 1
 291 494 l 1
 291 444 l 1
 114 444 l 1
 114 494 l 1
117 684 m 25
 258 684 l 25
 274.38 696.87 279.891 722.435 300 717 c 24
 335.178 707.492 352.287 686.381 369 654 c 24
 375.55 641.309 356.19 635.7 348 624 c 25
 348 15 l 17
 340 -14 334 -36 303 -39 c 1
 279 -37 268 -13 258 15 c 9
 258 634 l 25
 117 634 l 25
 117 684 l 25
63 726 m 25
 106 706 142 710 174 675 c 24
 188 660 161 646 153 627 c 25
 153 -39 l 17
 145 -68 139 -90 108 -93 c 1
 84 -91 73 -67 63 -39 c 9
 63 726 l 25
EndSplineSet
EndChar
