Width: 1000
Flags: H
TeX: 117 0
LayerCount: 2
Fore
SplineSet
555 54 m 25
 631 28 678 24 750 -12 c 24
 803 -39 835 -57 870 -105 c 24
 885 -126 882 -152 864 -171 c 24
 849 -186 829 -178 810 -168 c 24
 781 -153 771 -134 747 -111 c 24
 714 -79 698 -57 663 -27 c 24
 623 7 597 22 555 54 c 25
396 30 m 25
 428 8 455 5 477 -27 c 24
 485 -38 461 -40 450 -48 c 25
 413 -71 394 -90 354 -108 c 24
 309 -129 282 -138 234 -147 c 24
 172 -158 135 -154 72 -159 c 25
 122 -137 152 -127 201 -102 c 24
 248 -79 275 -65 318 -36 c 24
 351 -14 366 4 396 30 c 25
312 630 m 25
 312 672 l 25
 417 695 478 705 582 732 c 24
 647 749 683 765 747 786 c 25
 772 752 793 737 810 699 c 24
 814 691 797 695 789 693 c 25
 741 684 714 675 666 669 c 24
 528 651 450 645 312 630 c 25
879 504 m 25
 336 504 l 17
 308 509 284 527 279 552 c 9
 279 798 l 25
 322 778 358 782 390 747 c 24
 404 732 377 718 369 699 c 25
 369 620 l 17
 369 599 389 585 405 584 c 9
 813 584 l 25
 826 596 837 600 846 615 c 24
 863 644 866 664 879 696 c 25
 887 652 885 625 900 582 c 24
 908 560 942 557 936 534 c 24
 929 510 901 516 879 504 c 25
396 169 m 1
 765 169 l 1
 765 119 l 1
 396 119 l 1
 396 169 l 1
408 267 m 1
 750 267 l 1
 750 217 l 1
 408 217 l 1
 408 267 l 1
414 365 m 1
 747 365 l 1
 747 315 l 1
 414 315 l 1
 414 365 l 1
414 456 m 25
 699 456 l 25
 715 469 721 494 741 489 c 24
 776 479 793 458 810 426 c 24
 817 413 797 408 789 396 c 25
 789 135 l 17
 781 106 775 84 744 81 c 1
 720 83 709 107 699 135 c 9
 699 406 l 25
 414 406 l 25
 414 456 l 25
375 489 m 25
 418 469 454 473 486 438 c 24
 500 423 473 409 465 390 c 25
 465 135 l 17
 457 106 451 84 420 81 c 1
 396 83 385 107 375 135 c 9
 375 489 l 25
213 78 m 25
 807 78 l 25
 836 106 845 138 870 147 c 1
 896 143 938 90 969 57 c 1
 977 39 960 28 942 28 c 9
 213 28 l 25
 213 78 l 25
180 459 m 25
 223 439 259 443 291 408 c 24
 305 393 278 379 270 360 c 25
 270 42 l 17
 262 13 256 -9 225 -12 c 1
 201 -10 190 14 180 42 c 9
 180 459 l 25
EndSplineSet
EndChar
