Width: 1000
Flags: H
TeX: 117 0
LayerCount: 2
Fore
SplineSet
540 196 m 1
 858 196 l 1
 858 146 l 1
 540 146 l 1
 540 196 l 1
555 435 m 25
 801 435 l 25
 817 448 823 473 843 468 c 24
 878 458 895 437 912 405 c 24
 919 392 899 387 891 375 c 25
 891 177 l 17
 883 148 877 126 846 123 c 1
 822 125 811 149 801 177 c 9
 801 385 l 25
 555 385 l 25
 555 435 l 25
552 669 m 25
 834 669 l 25
 834 669 856 700 880 709 c 1
 899 702 923 674 942 648 c 1
 950 630 934 619 916 619 c 9
 552 619 l 25
 552 669 l 25
543 -54 m 25
 873 -54 l 25
 873 -54 895 -23 919 -14 c 1
 938 -21 962 -49 981 -75 c 1
 989 -93 973 -104 955 -104 c 9
 543 -104 l 25
 543 -54 l 25
504 699 m 25
 504 699 583 683 615 648 c 24
 629 633 602 619 594 600 c 25
 594 -69 l 17
 586 -98 580 -120 549 -123 c 1
 525 -121 514 -97 504 -69 c 9
 504 699 l 25
297 204 m 25
 297 204 356 168 384 135 c 24
 420 94 443 70 459 18 c 24
 469 -15 470 -44 447 -69 c 24
 430 -87 401 -81 384 -63 c 24
 353 -30 360 4 339 45 c 24
 314 95 267 168 267 168 c 25
 297 204 l 25
252 282 m 26
 252 558 l 25
 342 558 l 25
 342 243 l 26
 342 173 331 133 303 69 c 24
 281 18 258 -8 217 -46 c 24
 176 -83 145 -97 95 -120 c 24
 65 -134 42 -140 12 -141 c 1
 54 -113 78 -95 118 -58 c 0
 162 -18 190 16 213 75 c 24
 243 151 252 200 252 282 c 26
81 354 m 25
 405 354 l 25
 405 354 427 385 451 394 c 1
 470 387 494 359 513 333 c 1
 521 315 505 304 487 304 c 9
 81 304 l 25
 81 354 l 25
183 582 m 25
 381 582 l 25
 381 582 403 613 427 622 c 1
 446 615 470 587 489 561 c 1
 497 543 481 532 463 532 c 9
 183 532 l 25
 183 582 l 25
162 756 m 25
 162 756 241 746 282 720 c 24
 294 713 275 700 270 687 c 25
 250 638 241 608 219 562 c 0
 189 499 169 463 123 410 c 24
 97 380 73 367 39 354 c 1
 72 416 89 456 113 525 c 24
 133 583 138 618 151 678 c 24
 157 708 162 756 162 756 c 25
EndSplineSet
EndChar
