Width: 1000
Flags: H
TeX: 117 0
LayerCount: 2
Fore
SplineSet
363 193 m 25
 768 193 l 25
 768 143 l 25
 363 143 l 25
 363 193 l 25
351 58 m 25
 780 58 l 25
 780 8 l 25
 351 8 l 25
 351 58 l 25
363 -83 m 25
 765 -83 l 25
 765 -133 l 25
 363 -133 l 25
 363 -83 l 25
357 315 m 25
 723 315 l 25
 739 328 745 353 765 348 c 24
 800 338 817 317 834 285 c 24
 841 272 821 267 813 255 c 25
 813 -120 l 17
 805 -149 799 -171 768 -174 c 1
 744 -172 733 -148 723 -120 c 9
 723 265 l 25
 357 265 l 25
 357 315 l 25
405 306 m 25
 405 -129 l 17
 397 -158 391 -180 360 -183 c 1
 336 -181 325 -157 315 -129 c 9
 315 306 l 25
 405 306 l 25
453 654 m 25
 549 654 l 25
 541 627 538 611 528 585 c 24
 506 528 496 495 468 441 c 24
 430 368 403 331 360 261 c 24
 310 180 292 126 228 54 c 24
 171 -11 135 -39 54 -84 c 9
 95 -27 119 5 159 63 c 24
 200 123 224 157 261 219 c 24
 286 261 297 286 318 330 c 24
 356 411 377 457 411 540 c 24
 429 584 437 610 453 654 c 25
42 426 m 25
 798 426 l 25
 827 454 836 486 861 495 c 1
 887 491 929 438 960 405 c 1
 968 387 951 376 933 376 c 9
 42 376 l 25
 42 426 l 25
148 543 m 25
 663 543 l 25
 692 571 701 603 726 612 c 1
 752 608 794 555 825 522 c 1
 833 504 816 493 798 493 c 9
 148 493 l 25
 148 543 l 25
795 783 m 25
 820 740 852 721 858 672 c 24
 860 653 829 665 810 663 c 24
 725 653 677 648 591 642 c 24
 516 637 474 636 399 633 c 24
 316 630 269 628 186 627 c 24
 136 626 107 627 57 627 c 25
 170 648 235 660 348 681 c 24
 467 703 536 711 654 738 c 24
 710 751 740 765 795 783 c 25
EndSplineSet
EndChar
