Width: 1000
Flags: H
TeX: 117 0
LayerCount: 2
Fore
SplineSet
375 -93 m 25
 747 -93 l 25
 776 -65 785 -33 810 -24 c 1
 836 -28 878 -81 909 -114 c 1
 917 -132 900 -143 882 -143 c 9
 375 -143 l 25
 375 -93 l 25
559 663 m 25
 649 663 l 25
 649 -99 l 25
 559 -99 l 25
 559 663 l 25
705 495 m 25
 795 495 l 25
 795 60 l 25
 705 60 l 25
 705 495 l 25
420 483 m 25
 510 483 l 25
 510 66 l 25
 420 66 l 25
 420 483 l 25
351 300 m 25
 807 300 l 25
 836 328 845 360 870 369 c 1
 896 365 938 312 969 279 c 1
 977 261 960 250 942 250 c 9
 351 250 l 25
 351 300 l 25
369 78 m 25
 789 78 l 25
 818 106 827 138 852 147 c 1
 878 143 920 90 951 57 c 1
 959 39 942 28 924 28 c 9
 369 28 l 25
 369 78 l 25
351 519 m 25
 774 519 l 25
 803 547 812 579 837 588 c 1
 863 584 905 531 936 498 c 1
 944 480 927 469 909 469 c 9
 351 469 l 25
 351 519 l 25
762 777 m 25
 788 737 819 722 828 675 c 24
 831 657 801 666 783 663 c 24
 719 651 683 641 618 636 c 24
 515 627 457 631 354 627 c 25
 451 656 508 667 603 702 c 24
 667 726 700 748 762 777 c 25
87 26 m 25
 294 26 l 25
 294 -24 l 25
 87 -24 l 25
 87 26 l 25
84 254 m 25
 285 254 l 25
 285 204 l 25
 84 204 l 25
 84 254 l 25
78 482 m 25
 285 482 l 25
 285 432 l 25
 78 432 l 25
 78 482 l 25
78 693 m 25
 234 693 l 25
 250 706 256 731 276 726 c 24
 311 716 328 695 345 663 c 24
 352 650 332 645 324 633 c 25
 324 -27 l 17
 316 -56 310 -78 279 -81 c 1
 255 -79 244 -55 234 -27 c 9
 234 643 l 25
 78 643 l 25
 78 693 l 25
39 723 m 25
 82 703 118 707 150 672 c 24
 164 657 137 643 129 624 c 25
 129 -63 l 17
 121 -92 115 -114 84 -117 c 1
 60 -115 49 -91 39 -63 c 9
 39 723 l 25
EndSplineSet
EndChar
