Width: 1000
Flags: H
TeX: 117 0
LayerCount: 2
Fore
SplineSet
743 180 m 25
 743 180 815 161 848 129 c 24
 858 119 831 114 824 102 c 24
 800 63 790 39 767 0 c 24
 746 -37 710 -93 710 -93 c 17
 659 -87 l 17
 665 -71 714 60 719 81 c 8
 728 120 743 180 743 180 c 25
479 189 m 1
 536 154 558 139 593 93 c 24
 617 62 625 37 626 -3 c 24
 627 -25 619 -46 598 -52 c 24
 576 -58 557 -46 545 -27 c 24
 521 12 526 43 512 87 c 24
 500 127 494 148 479 189 c 1
290 -75 m 25
 803 -75 l 25
 832 -47 841 -15 866 -6 c 1
 892 -10 934 -63 965 -96 c 1
 973 -114 956 -125 938 -125 c 9
 290 -125 l 25
 290 -75 l 25
524 273 m 25
 818 273 l 25
 818 223 l 25
 524 223 l 25
 524 273 l 25
515 522 m 25
 776 522 l 25
 792 535 798 560 818 555 c 24
 853 545 870 524 887 492 c 24
 894 479 874 474 866 462 c 25
 866 237 l 17
 858 208 852 186 821 183 c 1
 797 185 786 209 776 237 c 9
 776 472 l 25
 515 472 l 25
 515 522 l 25
471 546 m 25
 514 526 550 530 582 495 c 24
 596 480 569 466 561 447 c 25
 561 240 l 17
 553 211 547 189 516 186 c 1
 492 188 481 212 471 240 c 9
 471 546 l 25
404 687 m 25
 803 687 l 25
 803 687 825 718 849 727 c 1
 868 720 892 692 911 666 c 1
 919 648 903 637 885 637 c 9
 404 637 l 25
 404 687 l 25
284 195 m 1
 284 195 359 169 398 138 c 24
 429 114 450 95 458 57 c 0
 462 36 450 12 434 4 c 0
 415 -5 398 1 382 14 c 24
 356 37 351 57 334 89 c 0
 325 104 275 141 275 141 c 1
 284 195 l 1
233 300 m 18
 233 570 l 9
 323 570 l 25
 323 252 l 18
 323 195 306 150 281 90 c 24
 263 46 246 24 215 -12 c 24
 186 -45 167 -63 128 -84 c 24
 93 -103 66 -108 29 -114 c 1
 66 -81 84 -64 113 -27 c 24
 144 13 160 38 182 84 c 24
 202 125 210 150 221 195 c 24
 230 235 233 259 233 300 c 18
53 372 m 25
 383 372 l 25
 383 372 405 403 429 412 c 1
 448 405 472 377 491 351 c 1
 499 333 483 322 465 322 c 9
 53 322 l 25
 53 372 l 25
170 585 m 25
 365 585 l 25
 365 585 387 616 411 625 c 1
 430 618 454 590 473 564 c 1
 481 546 465 535 447 535 c 9
 170 535 l 25
 170 585 l 25
161 768 m 25
 161 768 232 757 266 729 c 24
 277 720 254 709 248 696 c 24
 226 647 216 619 194 570 c 24
 177 532 171 508 146 474 c 24
 121 439 104 417 68 396 c 9
 81 439 89 463 101 507 c 24
 116 562 124 593 137 648 c 24
 148 695 161 768 161 768 c 25
EndSplineSet
EndChar
