Width: 1000
Flags: H
TeX: 117 0
LayerCount: 2
Fore
SplineSet
489 708 m 1
 579 708 l 1
 579 534 l 1
 489 534 l 1
 489 708 l 1
393 -50 m 1
 834 -50 l 1
 834 -100 l 1
 393 -100 l 1
 393 -50 l 1
381 123 m 1
 840 123 l 1
 840 73 l 1
 381 73 l 1
 381 123 l 1
387 277 m 1
 825 277 l 1
 825 227 l 1
 387 227 l 1
 387 277 l 1
387 420 m 25
 786 420 l 25
 802 433 808 458 828 453 c 24
 863 443 880 422 897 390 c 24
 904 377 884 372 876 360 c 25
 876 -102 l 17
 868 -131 862 -153 831 -156 c 1
 807 -154 796 -130 786 -102 c 9
 786 370 l 25
 387 370 l 25
 387 420 l 25
354 453 m 25
 397 433 433 437 465 402 c 24
 479 387 452 373 444 354 c 25
 444 -108 l 17
 436 -137 430 -159 399 -162 c 1
 375 -160 364 -136 354 -108 c 9
 354 453 l 25
201 559 m 1
 849 559 l 1
 849 509 l 1
 201 509 l 1
 201 559 l 1
195 732 m 25
 786 732 l 25
 802 745 808 770 828 765 c 24
 863 755 880 734 897 702 c 24
 904 689 884 684 876 672 c 25
 876 537 l 17
 868 508 862 486 831 483 c 1
 807 485 796 509 786 537 c 9
 786 682 l 25
 195 682 l 25
 195 732 l 25
177 96 m 25
 177 765 l 25
 220 745 256 749 288 714 c 24
 302 699 275 685 267 666 c 25
 267 96 l 25
 235.41 38.6699 228.373 -1.10871 186 -51 c 24
 153.857 -88.8447 121.95 -94.9199 81 -123 c 25
 105.57 -79.71 124.016 -57.5889 144 -12 c 24
 161.682 28.3369 164.13 53.8799 177 96 c 25
EndSplineSet
EndChar
