Width: 1000
Flags: H
TeX: 117 0
LayerCount: 2
Fore
SplineSet
549 93 m 25
 626 68 672 61 747 30 c 24
 798 9 830 -1 870 -39 c 24
 890 -58 900 -81 891 -108 c 24
 884 -129 861 -137 840 -132 c 24
 802 -124 789 -99 756 -78 c 24
 730 -61 717 -49 690 -33 c 24
 657 -13 637 -3 603 15 c 24
 582 26 570 31 549 42 c 25
 549 93 l 25
774 210 m 25
 876 210 l 25
 851 166 842 138 813 96 c 24
 776 43 757 9 708 -33 c 24
 660 -75 627 -95 567 -117 c 24
 513 -137 477 -132 420 -141 c 25
 468 -115 498 -105 543 -75 c 24
 592 -42 619 -22 660 21 c 24
 696 59 711 85 738 129 c 24
 756 159 760 178 774 210 c 25
423 237 m 25
 816 237 l 25
 845 265 854 297 879 306 c 1
 905 302 947 249 978 216 c 1
 986 198 969 187 951 187 c 9
 423 187 l 25
 423 237 l 25
555 201 m 24
 578 263 590 298 612 360 c 25
 653 345 685 351 717 321 c 24
 729 310 700 300 693 285 c 24
 671 235 665 203 642 153 c 24
 621 107 613 79 582 39 c 24
 569 23 554 10 534 15 c 24
 513 20 499 38 501 60 c 24
 508 119 535 146 555 201 c 24
663 585 m 25
 738 585 l 25
 764 559 776 542 804 519 c 24
 839 490 861 476 900 453 c 24
 922 440 937 438 960 429 c 25
 941 414 928 408 912 390 c 24
 898 375 903 342 882 345 c 24
 843 350 830 378 801 405 c 24
 766 438 749 460 720 498 c 24
 695 530 685 551 663 585 c 25
579 585 m 25
 651 585 l 25
 651 546 l 25
 629 507 625 479 594 447 c 24
 563 414 539 402 498 384 c 24
 461 368 436 369 396 360 c 25
 430 394 451 411 483 447 c 24
 511 479 525 499 549 534 c 24
 562 553 567 565 579 585 c 25
714 723 m 25
 714 411 l 17
 706 382 700 360 669 357 c 1
 645 359 634 383 624 411 c 9
 624 723 l 25
 714 723 l 25
426 606 m 25
 837 606 l 25
 837 606 860 642 885 651 c 1
 911 647 899 618 930 585 c 1
 938 567 921 556 903 556 c 9
 426 556 l 25
 426 606 l 25
858 714 m 24
 861 701 839 703 825 702 c 24
 715 691 653 684 543 681 c 24
 491 680 462 686 411 690 c 25
 501 713 552 726 642 750 c 24
 705 767 741 777 804 795 c 25
 825 763 850 751 858 714 c 24
261 144 m 25
 297 128 324 128 354 102 c 24
 391 70 419 48 429 0 c 24
 435 -26 413 -49 387 -54 c 24
 363 -59 351 -37 336 -18 c 24
 320 2 323 20 309 42 c 24
 293 67 280 79 261 102 c 25
 261 144 l 25
219 195 m 9
 219 549 l 25
 309 549 l 25
 309 114 l 17
 288 57 268 20 228 -30 c 24
 197 -69 171 -84 129 -111 c 24
 104 -127 85 -127 57 -138 c 25
 79 -109 94 -94 114 -63 c 24
 139 -24 157 -4 174 39 c 24
 198 98 207 138 219 195 c 9
75 354 m 25
 372 354 l 25
 372 354 395 390 420 399 c 1
 446 395 434 366 465 333 c 1
 473 315 456 304 438 304 c 9
 75 304 l 25
 75 354 l 25
138 585 m 25
 327 585 l 25
 327 585 350 621 375 630 c 1
 401 626 389 597 420 564 c 1
 428 546 411 535 393 535 c 9
 138 535 l 25
 138 585 l 25
132 759 m 25
 172 740 200 739 234 711 c 24
 243 704 226 695 222 684 c 24
 197 621 188 583 159 522 c 24
 146 495 137 479 114 459 c 24
 89 437 68 433 39 417 c 25
 54 460 65 484 78 528 c 24
 96 588 106 623 120 684 c 24
 127 713 127 730 132 759 c 25
EndSplineSet
EndChar
