Width: 1000
Flags: H
TeX: 117 0
LayerCount: 2
Fore
SplineSet
336 -99 m 25
 797 -99 l 25
 826 -71 835 -39 860 -30 c 1
 886 -34 928 -87 959 -120 c 1
 967 -138 950 -149 932 -149 c 9
 336 -149 l 25
 336 -99 l 25
414 111 m 25
 786 111 l 25
 786 111 809 147 834 156 c 1
 860 152 848 123 879 90 c 1
 887 72 870 61 852 61 c 9
 414 61 l 25
 414 111 l 25
573 -123 m 25
 573 255 l 25
 616 235 652 239 684 204 c 24
 698 189 671 175 663 156 c 25
 663 -123 l 25
 573 -123 l 25
621 279 m 9
 621 444 l 25
 711 444 l 25
 711 324 l 17
 711 317 723 296 747 285 c 9
 837 285 l 25
 845 301 851 310 858 327 c 24
 868 350 873 364 882 387 c 25
 887 361 889 347 894 321 c 24
 897 303 895 292 903 276 c 24
 911 260 934 258 933 240 c 24
 932 223 913 224 900 213 c 25
 690 213 l 17
 659 225 636 244 621 279 c 9
444 315 m 25
 444 447 l 25
 534 447 l 25
 534 312 l 25
 523 284 526 263 507 240 c 24
 481 208 460 193 423 174 c 24
 394 159 374 161 342 153 c 25
 364 178 380 189 399 216 c 24
 425 253 445 276 444 315 c 25
558 450 m 25
 558 756 l 25
 601 736 637 740 669 705 c 24
 683 690 656 676 648 657 c 25
 648 450 l 25
 558 450 l 25
351 459 m 25
 771 459 l 25
 800 487 809 519 834 528 c 1
 860 524 902 471 933 438 c 1
 941 420 924 409 906 409 c 9
 351 409 l 25
 351 459 l 25
399 600 m 25
 783 600 l 25
 783 600 806 636 831 645 c 1
 857 641 845 612 876 579 c 1
 884 561 867 550 849 550 c 9
 399 550 l 25
 399 600 l 25
72 -43 m 1
 279 -43 l 1
 279 -93 l 1
 72 -93 l 1
 72 -43 l 1
81 212 m 1
 270 212 l 1
 270 162 l 1
 81 162 l 1
 81 212 l 1
84 425 m 1
 276 425 l 1
 276 375 l 1
 84 375 l 1
 84 425 l 1
84 642 m 25
 249 642 l 25
 265 655 271 680 291 675 c 24
 326 665 343 644 360 612 c 24
 367 599 347 594 339 582 c 25
 339 -66 l 17
 331 -95 325 -117 294 -120 c 1
 270 -118 259 -94 249 -66 c 9
 249 592 l 25
 84 592 l 25
 84 642 l 25
48 672 m 25
 91 652 127 656 159 621 c 24
 173 606 146 592 138 573 c 25
 138 -102 l 17
 130 -131 124 -153 93 -156 c 1
 69 -154 58 -130 48 -102 c 9
 48 672 l 25
EndSplineSet
EndChar
