Width: 1000
Flags: H
TeX: 117 0
LayerCount: 2
Fore
SplineSet
762 303 m 25
 805.29 274.92 837.749 268.682 873 231 c 24
 881.496 221.917 856.211 220.134 849 210 c 24
 812.687 158.965 804.303 121.193 762 75 c 24
 701.49 8.92578 663.297 -26.4441 588 -75 c 24
 536.324 -108.324 500.653 -117.087 441 -132 c 24
 382.712 -146.572 347.67 -142.98 288 -150 c 25
 362.88 -116.07 409.967 -106.053 480 -63 c 24
 553.784 -17.6406 594.903 11.6819 654 75 c 24
 694.8 118.714 706.402 152.96 732 207 c 24
 748.792 242.449 750.3 265.56 762 303 c 25
747 627 m 25
 794.97 597.75 830.939 592.385 870 552 c 24
 902.739 518.151 924.888 491.083 924 444 c 24
 923.438 414.176 896.472 397.605 867 393 c 24
 846.549 389.805 837.763 410.748 828 429 c 24
 810.025 462.605 812.43 486.727 798 522 c 24
 780.763 564.136 766.89 586.05 747 627 c 25
609 309 m 25
 609 786 l 25
 652.29 766.11 687.953 770.251 720 735 c 24
 733.745 719.881 707.19 705.72 699 687 c 25
 699 270 l 17
 684 237 673.382 209.29 639 204 c 24
 610.275 199.581 604.744 233.908 582 252 c 24
 553.248 274.871 536.25 286.77 507 309 c 25
 609 309 l 25
432 630 m 25
 475.29 613.62 509.702 620.15 543 588 c 24
 556.572 574.896 527.437 562.874 519 546 c 24
 491.15 490.3 485.414 453.224 450 402 c 24
 418.948 357.086 389.61 341.61 351 303 c 25
 367.38 354.48 377.756 383.172 393 435 c 24
 407.015 482.648 416.26 509.298 426 558 c 24
 431.526 585.63 429.66 601.92 432 630 c 25
96 78 m 1
 282 78 l 1
 282 28 l 1
 96 28 l 1
 96 78 l 1
102 285 m 1
 294 285 l 1
 294 235 l 1
 102 235 l 1
 102 285 l 1
105 466 m 1
 297 466 l 1
 297 416 l 1
 105 416 l 1
 105 466 l 1
102 668 m 25
 252 668 l 25
 268 681 274 706 294 701 c 24
 329 691 346 670 363 638 c 24
 370 625 350 620 342 608 c 25
 342 26 l 17
 334 -3 328 -25 297 -28 c 1
 273 -26 262 -2 252 26 c 9
 252 618 l 25
 102 618 l 25
 102 668 l 25
66 698 m 25
 109 678 145 682 177 647 c 24
 191 632 164 618 156 599 c 25
 156 11 l 17
 148 -18 142 -40 111 -43 c 1
 87 -41 76 -17 66 11 c 9
 66 698 l 25
EndSplineSet
EndChar
