Width: 1000
Flags: H
TeX: 117 0
LayerCount: 2
Fore
SplineSet
249 -105 m 1
 762 -105 l 1
 762 -155 l 1
 249 -155 l 1
 249 -105 l 1
243 24 m 1
 756 24 l 1
 756 -26 l 1
 243 -26 l 1
 243 24 l 1
249 141 m 1
 750 141 l 1
 750 91 l 1
 249 91 l 1
 249 141 l 1
237 256 m 25
 705 256 l 25
 721 269 727 294 747 289 c 24
 782 279 799 258 816 226 c 24
 823 213 803 208 795 196 c 25
 795 -131 l 17
 787 -160 781 -182 750 -185 c 1
 726 -183 715 -159 705 -131 c 9
 705 206 l 25
 237 206 l 25
 237 256 l 25
216 283 m 25
 259 263 295 267 327 232 c 24
 341 217 314 203 306 184 c 25
 306 -128 l 17
 298 -157 292 -179 261 -182 c 1
 237 -180 226 -156 216 -128 c 9
 216 283 l 25
744 366 m 24
 697 414 677 449 645 508 c 24
 616 562 610 598 588 655 c 25
 648 655 l 25
 667 617 675 594 696 558 c 24
 720 517 731 490 765 456 c 24
 806 416 835 400 885 372 c 24
 921 352 945 348 984 333 c 25
 962 318 948 311 927 294 c 24
 912 282 909 251 891 258 c 24
 825 284 794 315 744 366 c 24
804 644 m 9
 543 644 l 25
 543 694 l 25
 807 694 l 25
 828 706 837 732 861 726 c 24
 896 717 914 696 930 663 c 24
 937 649 917 643 909 630 c 25
 886 589 874 565 849 525 c 24
 824 486 813 462 780 429 c 24
 729 378 700 347 636 312 c 24
 587 285 579 287 498 276 c 9
 547 312 580 327 624 369 c 24
 674 416 700 446 738 504 c 24
 771 555 789 591 804 644 c 9
381 487 m 17
 453 471 470 470 516 439 c 24
 539 424 553 402 546 375 c 24
 539 350 514 337 489 343 c 24
 457 351 452 379 432 405 c 24
 409 435 401 455 381 487 c 17
156 498 m 25
 190 474 221 471 243 436 c 24
 252 422 225 417 213 406 c 24
 183 379 169 359 135 337 c 24
 103 317 81 309 45 301 c 9
 63 328 74 342 90 370 c 24
 118 419 130 448 156 498 c 25
312 679 m 25
 423 679 l 25
 423 679 445 710 469 719 c 1
 488 712 512 684 531 658 c 1
 539 640 523 629 505 629 c 9
 312 629 l 25
 312 679 l 25
273 342 m 25
 273 792 l 25
 316 772 352 776 384 741 c 24
 398 726 371 712 363 693 c 25
 363 327 l 17
 360 300 346 263 312 252 c 24
 286 243 277 276 255 291 c 24
 226 311 209 322 180 342 c 25
 273 342 l 25
60 563 m 25
 453 563 l 25
 453 563 475 594 499 603 c 1
 518 596 542 568 561 542 c 1
 569 524 553 513 535 513 c 9
 60 513 l 25
 60 563 l 25
EndSplineSet
EndChar
