Width: 1000
Flags: H
TeX: 117 0
LayerCount: 2
Fore
SplineSet
753 132 m 25
 790.44 116.79 817.365 118.146 849 93 c 24
 866.689 78.9395 875.646 60.8799 870 39 c 24
 864.197 16.5127 847.908 -3.81804 825 0 c 24
 797.959 4.50684 801.479 36.9651 780 54 c 24
 766.372 64.8086 754.38 63.1504 738 69 c 25
 753 132 l 25
705 108 m 25
 705 181 l 25
 645 181 l 25
 645 231 l 25
 705 231 l 25
 721.38 243.87 726.891 269.435 747 264 c 24
 782.178 254.492 799.287 233.381 816 201 c 24
 822.55 188.309 803.19 182.7 795 171 c 25
 795 99 l 25
 779.79 79.1104 774.003 65.4026 756 48 c 24
 738.495 31.0791 727.605 21.0418 705 12 c 24
 679.64 1.85547 662.91 4.67969 636 0 c 25
 655.89 23.4004 670.466 34.1202 687 60 c 24
 697.764 76.8477 697.98 89.2803 705 108 c 25
552 135 m 25
 580.08 119.79 604.494 121.285 624 96 c 24
 639.867 75.4307 649.825 49.7941 633 30 c 24
 617.77 12.082 591.663 21.6916 573 36 c 24
 551.403 52.5576 554.7 74.4297 543 99 c 25
 552 135 l 25
489 105 m 25
 489 190 l 25
 450 190 l 25
 450 240 l 25
 489 240 l 25
 505.38 252.87 510.89 278.435 531 273 c 24
 566.178 263.492 583.287 242.381 600 210 c 24
 606.55 197.309 587.19 191.7 579 180 c 25
 579 111 l 25
 567.3 94.6201 562.697 83.7509 549 69 c 24
 532.074 50.7725 521.962 40.3924 501 27 c 24
 479.376 13.1846 464.4 10.5303 441 0 c 25
 489 105 l 25
810 -51 m 25
 810 321 l 25
 444 321 l 25
 444 371 l 25
 810 371 l 25
 826.38 383.87 831.891 409.435 852 404 c 24
 887.178 394.492 904.287 373.381 921 341 c 24
 927.55 328.309 908.19 322.7 900 311 c 25
 900 -90 l 17
 894 -114 880.734 -142.646 852 -147 c 24
 826.524 -150.86 820.258 -122.118 801 -105 c 24
 778.113 -84.6562 766.23 -72.0596 744 -51 c 25
 810 -51 l 25
390 407 m 25
 433.29 387.11 468.953 391.251 501 356 c 24
 514.745 340.881 488.19 326.72 480 308 c 25
 480 -102 l 17
 472 -131 466 -153 435 -156 c 1
 411 -154 400 -130 390 -102 c 9
 390 407 l 25
672 486 m 25
 672 -99 l 17
 664 -128 658 -150 627 -153 c 1
 603 -151 592 -127 582 -99 c 9
 582 486 l 25
 672 486 l 25
540 499 m 1
 717 499 l 1
 717 449 l 1
 540 449 l 1
 540 499 l 1
681 756 m 25
 724 736 760 740 792 705 c 24
 806 690 779 676 771 657 c 25
 771 471 l 17
 763 442 757 420 726 417 c 1
 702 419 691 443 681 471 c 9
 681 756 l 25
489 765 m 25
 532 745 568 749 600 714 c 24
 614 699 587 685 579 666 c 25
 579 468 l 17
 571 439 565 417 534 414 c 1
 510 416 499 440 489 468 c 9
 489 765 l 25
405 627 m 25
 813 627 l 25
 842 655 851 687 876 696 c 1
 902 692 944 639 975 606 c 1
 983 588 966 577 948 577 c 9
 405 577 l 25
 405 627 l 25
141 -11 m 1
 342 -11 l 1
 342 -61 l 1
 141 -61 l 1
 141 -11 l 1
141 239 m 1
 330 239 l 1
 330 189 l 1
 141 189 l 1
 141 239 l 1
138 464 m 1
 327 464 l 1
 327 414 l 1
 138 414 l 1
 138 464 l 1
126 696 m 25
 273 696 l 25
 289 709 295 734 315 729 c 24
 350 719 367 698 384 666 c 24
 391 653 371 648 363 636 c 25
 363 -75 l 17
 355 -104 349 -126 318 -129 c 1
 294 -127 283 -103 273 -75 c 9
 273 646 l 25
 126 646 l 25
 126 696 l 25
93 726 m 25
 136 706 172 710 204 675 c 24
 218 660 191 646 183 627 c 25
 183 -99 l 17
 175 -128 169 -150 138 -153 c 1
 114 -151 103 -127 93 -99 c 9
 93 726 l 25
EndSplineSet
EndChar
