Width: 1000
Flags: H
TeX: 117 0
LayerCount: 2
Fore
SplineSet
840 30 m 25
 840 421 l 25
 654 421 l 25
 654 471 l 25
 840 471 l 25
 856.38 483.87 861.891 509.435 882 504 c 24
 917.178 494.492 934.287 473.381 951 441 c 24
 957.55 428.309 938.19 422.7 930 411 c 25
 930 0 l 25
 915.96 -37.4404 917.621 -63.7372 894 -96 c 24
 867.982 -131.536 850.633 -162.011 807 -168 c 24
 774.772 -172.424 766.617 -137.048 741 -117 c 24
 712.796 -94.9277 697.08 -82.2305 669 -60 c 25
 801 -60 l 25
 813.87 -45.96 826.427 -41.4758 834 -24 c 24
 842.425 -4.55762 837.66 8.94043 840 30 c 25
609 729 m 1
 699 729 l 1
 699 195 l 1
 609 195 l 1
 609 729 l 1
474 221 m 1
 885 221 l 1
 885 171 l 1
 474 171 l 1
 474 221 l 1
438 525 m 25
 481 505 517 509 549 474 c 24
 563 459 536 445 528 426 c 25
 528 72 l 17
 520 43 514 21 483 18 c 1
 459 20 448 44 438 72 c 9
 438 525 l 25
408 744 m 25
 783 744 l 25
 783 744 815 783 840 792 c 1
 866 788 887 756 918 723 c 1
 926 705 909 694 891 694 c 9
 408 694 l 25
 408 744 l 25
93 161 m 1
 321 161 l 1
 321 111 l 1
 93 111 l 1
 93 161 l 1
111 342 m 1
 336 342 l 1
 336 292 l 1
 111 292 l 1
 111 342 l 1
120 516 m 1
 327 516 l 1
 327 466 l 1
 120 466 l 1
 120 516 l 1
96 699 m 25
 294 699 l 25
 310.38 711.87 315.89 737.435 336 732 c 24
 371.178 722.492 388.287 701.381 405 669 c 24
 411.55 656.309 392.19 650.7 384 639 c 25
 384 69 l 17
 376 40 370 18 339 15 c 1
 315 17 304 41 294 69 c 9
 294 649 l 25
 96 649 l 25
 96 699 l 25
63 750 m 25
 106 730 142 734 174 699 c 24
 188 684 161 670 153 651 c 25
 153 54 l 17
 145 25 139 3 108 0 c 1
 84 2 73 26 63 54 c 9
 63 750 l 25
EndSplineSet
EndChar
