Width: 1000
Flags: HW
TeX: 117 0
LayerCount: 2
Fore
SplineSet
278 -67 m 25
 768 -67 l 25
 768 -117 l 25
 278 -117 l 25
 278 -67 l 25
282 111 m 25
 714 111 l 25
 730.38 123.87 735.891 149.435 756 144 c 24
 791.178 134.492 808.287 113.381 825 81 c 24
 831.55 68.3086 812.19 62.7002 804 51 c 25
 804 -105 l 17
 796 -134 790 -156 759 -159 c 1
 735 -157 724 -133 714 -105 c 9
 714 61 l 25
 282 61 l 25
 282 111 l 25
276 239 m 25
 690 239 l 25
 690 189 l 25
 276 189 l 25
 276 239 l 25
264 387 m 25
 633 387 l 25
 649.38 399.87 654.891 425.435 675 420 c 24
 710.178 410.492 727.287 389.381 744 357 c 24
 750.55 344.309 731.19 338.7 723 327 c 25
 723 228 l 17
 715 199 709 177 678 174 c 1
 654 176 643 200 633 228 c 9
 633 337 l 25
 264 337 l 25
 264 387 l 25
237 423 m 25
 280.29 403.11 315.953 407.251 348 372 c 24
 361.745 356.881 335.19 342.72 327 324 c 25
 327 -99 l 17
 319 -128 313 -150 282 -153 c 1
 258 -151 247 -127 237 -99 c 9
 237 423 l 25
438 474 m 25
 438 621 l 25
 481 601 517 605 549 570 c 24
 563 555 536 541 528 522 c 25
 528 474 l 25
 438 474 l 25
795 460 m 25
 144 460 l 25
 144 510 l 25
 795 510 l 25
 818.4 526.38 827.659 560.266 855 552 c 24
 894.723 539.991 906.828 508.778 924 471 c 24
 928.842 460.349 900 453 900 453 c 1
 780 354 l 25
 795 460 l 25
84 342 m 24
 61 351 56 377 60 402 c 24
 64 432 88 441 102 468 c 24
 119 500 126 519 141 552 c 25
 154 523 172 509 174 477 c 24
 176 433 175 403 150 366 c 24
 135 343 109 332 84 342 c 24
576 783 m 25
 619 763 655 767 687 732 c 24
 701 717 674 703 666 684 c 25
 666 600 l 17
 658 571 652 549 621 546 c 1
 597 548 586 572 576 600 c 9
 576 783 l 25
285 786 m 25
 328 766 364 770 396 735 c 24
 410 720 383 706 375 687 c 25
 375 597 l 17
 367 568 361 546 330 543 c 1
 306 545 295 569 285 597 c 9
 285 786 l 25
42 681 m 25
 747 681 l 25
 776 709 785 741 810 750 c 1
 836 746 878 693 909 660 c 1
 917 642 900 631 882 631 c 9
 42 631 l 25
 42 681 l 25
EndSplineSet
EndChar
