Width: 1000
Flags: HW
LayerCount: 2
Fore
SplineSet
543 792 m 25
 586 772 622 776 654 741 c 24
 668 726 641 712 633 693 c 25
 633 591 l 17
 625 562 619 540 588 537 c 1
 564 539 553 563 543 591 c 9
 543 792 l 25
315 795 m 25
 358 775 394 779 426 744 c 24
 440 729 413 715 405 696 c 25
 405 594 l 17
 397 565 391 543 360 540 c 1
 336 542 325 566 315 594 c 9
 315 795 l 25
63 681 m 25
 756 681 l 25
 785 709 794 741 819 750 c 1
 845 746 887 693 918 660 c 1
 926 642 909 631 891 631 c 9
 63 631 l 25
 63 681 l 25
627 147 m 25
 658.59 132.96 682.096 133.892 708 111 c 24
 734.765 87.3477 750.828 68.3418 756 33 c 24
 759.055 12.1299 745.426 -3.78138 726 -12 c 24
 708.229 -19.5186 688.955 -15.8848 678 0 c 24
 661.183 24.3848 675.709 47.0147 666 75 c 24
 655.532 105.171 642.21 118.92 627 147 c 25
915 -108 m 24
 910.746 -132.675 885 -138 864 -147 c 9
 540 -147 l 17
 511 -141 474 -132 459 -105 c 9
 459 195 l 25
 549 195 l 25
 549 -36 l 17
 543 -63 564 -62 582 -66 c 9
 804 -66 l 25
 815.7 -40.2598 821.765 -25.4902 834 0 c 24
 849.85 33.0195 859.62 51.2402 876 84 c 25
 877.17 27.8398 867.818 -4.95214 879 -60 c 24
 883.658 -82.9316 918.976 -84.9405 915 -108 c 24
393 210 m 25
 471 210 l 25
 458.13 170.22 455.301 146.062 438 108 c 24
 414.158 55.5488 404.418 21.9376 366 -21 c 24
 323.092 -68.9561 292.62 -93.455 234 -120 c 24
 166.013 -150.786 120.54 -147.45 48 -165 c 25
 94.7998 -136.92 124.338 -125.747 168 -93 c 24
 218.37 -55.2227 245.646 -31.5889 288 15 c 24
 316.377 46.2139 328 67.8574 348 105 c 24
 369.122 144.227 375.45 169.05 393 210 c 25
450 345 m 1
 540 345 l 1
 540 186 l 1
 450 186 l 1
 450 345 l 1
246 216 m 1
 768 216 l 1
 768 166 l 1
 246 166 l 1
 246 216 l 1
243 363 m 25
 729 363 l 25
 745 376 751 401 771 396 c 24
 806 386 823 365 840 333 c 24
 847 320 827 315 819 303 c 25
 819 186 l 17
 811 157 805 135 774 132 c 1
 750 134 739 158 729 186 c 9
 729 313 l 25
 243 313 l 25
 243 363 l 25
204 387 m 25
 247 367 283 371 315 336 c 24
 329 321 302 307 294 288 c 25
 294 186 l 17
 286 157 280 135 249 132 c 1
 225 134 214 158 204 186 c 9
 204 387 l 25
510 354 m 25
 441 345 l 25
 552 499 l 25
 351 499 l 25
 351 549 l 25
 549 549 l 25
 572.4 563.04 583.052 593.448 609 585 c 24
 647.619 572.427 661.194 543.974 678 507 c 24
 683.146 495.678 663.36 494.19 654 486 c 25
 510 354 l 25
336 582 m 25
 376 564 415 574 438 537 c 24
 451 516 411 510 393 492 c 25
 364 466 348 451 318 426 c 24
 266 383 241 352 183 318 c 24
 138 292 106 292 57 276 c 25
 105 319 135 341 180 387 c 24
 220 428 240 453 276 498 c 24
 301 529 313 549 336 582 c 25
EndSplineSet
EndChar
