Width: 1000
Flags: H
TeX: 117 0
LayerCount: 2
Fore
SplineSet
543 462 m 25
 543 -129 l 17
 535 -158 529 -180 498 -183 c 1
 474 -181 463 -157 453 -129 c 9
 453 462 l 25
 543 462 l 25
36 48 m 25
 825 48 l 25
 854 76 863 108 888 117 c 1
 914 113 956 60 987 27 c 1
 995 9 978 -2 960 -2 c 9
 36 -2 l 25
 36 48 l 25
645 462 m 25
 735 462 l 25
 735 165 l 25
 645 165 l 25
 645 462 l 25
261 471 m 25
 351 471 l 25
 351 174 l 25
 261 174 l 25
 261 471 l 25
114 186 m 25
 741 186 l 25
 770 214 779 246 804 255 c 1
 830 251 872 198 903 165 c 1
 911 147 894 136 876 136 c 9
 114 136 l 25
 114 186 l 25
12 341 m 25
 825 341 l 25
 854 369 863 401 888 410 c 1
 914 406 956 353 987 320 c 1
 995 302 978 291 960 291 c 9
 12 291 l 25
 12 341 l 25
147 494 m 25
 720 494 l 25
 749 522 758 554 783 563 c 1
 809 559 851 506 882 473 c 1
 890 455 873 444 855 444 c 9
 147 444 l 25
 147 494 l 25
567 777 m 25
 567 777 646 761 678 726 c 24
 692 711 665 697 657 678 c 25
 657 543 l 17
 649 514 643 492 612 489 c 1
 588 491 577 515 567 543 c 9
 567 777 l 25
312 780 m 25
 312 780 391 764 423 729 c 24
 437 714 410 700 402 681 c 25
 402 549 l 17
 394 520 388 498 357 495 c 1
 333 497 322 521 312 549 c 9
 312 780 l 25
66 642 m 25
 795 642 l 25
 824 670 833 702 858 711 c 1
 884 707 926 654 957 621 c 1
 965 603 948 592 930 592 c 9
 66 592 l 25
 66 642 l 25
EndSplineSet
EndChar
