Width: 1000
Flags: H
TeX: 117 0
LayerCount: 2
Fore
SplineSet
306 -78 m 1
 750 -78 l 1
 750 -128 l 1
 306 -128 l 1
 306 -78 l 1
300 126 m 25
 690 126 l 25
 706.38 138.87 711.891 164.435 732 159 c 24
 767.178 149.492 784.287 128.381 801 96 c 24
 807.55 83.3086 788.19 77.7002 780 66 c 25
 780 -106 l 17
 772 -135 766 -157 735 -160 c 1
 711 -158 700 -134 690 -106 c 9
 690 76 l 25
 300 76 l 25
 300 126 l 25
264 156 m 25
 307.29 136.11 342.953 140.251 375 105 c 24
 388.745 89.8809 362.19 75.7197 354 57 c 25
 354 -106 l 17
 346 -135 340 -157 309 -160 c 1
 285 -158 274 -134 264 -106 c 9
 264 156 l 25
624 441 m 25
 747 441 l 25
 725.94 395.37 716.861 368.23 693 324 c 24
 668.799 279.14 650.91 256.29 624 213 c 25
 576 213 l 25
 590.04 252.78 603.309 273.72 612 315 c 24
 622.169 363.304 619.32 391.86 624 441 c 25
372 342 m 24
 367.735 379.853 361.02 400.56 354 438 c 25
 393.78 404.07 427.689 394.957 456 351 c 24
 475.174 321.229 472.784 296.086 468 261 c 24
 465.28 241.055 456.689 226.476 438 219 c 24
 416.165 210.266 389.119 204.278 378 225 c 24
 356.396 265.26 377.116 296.598 372 342 c 24
144 243 m 25
 792 243 l 25
 821 271 830 303 855 312 c 1
 881 308 923 255 954 222 c 1
 962 204 945 193 927 193 c 9
 144 193 l 25
 144 243 l 25
204 453 m 25
 726 453 l 25
 755 481 764 513 789 522 c 1
 815 518 857 465 888 432 c 1
 896 414 879 403 861 403 c 9
 204 403 l 25
 204 453 l 25
468 432 m 25
 468 591 l 25
 511.29 571.11 546.953 575.251 579 540 c 24
 592.745 524.881 566.19 510.72 558 492 c 25
 558 432 l 25
 468 432 l 25
594 771 m 25
 637.29 751.11 672.953 755.251 705 720 c 24
 718.745 704.881 692.19 690.72 684 672 c 25
 684 561 l 17
 676 532 670 510 639 507 c 1
 615 509 604 533 594 561 c 9
 594 771 l 25
342 777 m 25
 385 757 421 761 453 726 c 24
 467 711 440 697 432 678 c 25
 432 543 l 17
 424 514 418 492 387 489 c 1
 363 491 352 515 342 543 c 9
 342 777 l 25
126 657 m 25
 768 657 l 25
 797 685 806 717 831 726 c 1
 857 722 899 669 930 636 c 1
 938 618 921 607 903 607 c 9
 126 607 l 25
 126 657 l 25
EndSplineSet
EndChar
