Width: 1000
Flags: H
TeX: 117 0
LayerCount: 2
Fore
SplineSet
501 152 m 25
 582 152 l 25
 582 152 633 99 672 74 c 24
 736 32 773 10 843 -19 c 24
 892 -39 975 -52 975 -52 c 25
 975 -52 922 -71 891 -88 c 24
 871 -99 868 -124 846 -124 c 24
 811 -124 794 -106 765 -88 c 24
 714 -56 688 -33 642 5 c 24
 604 37 583 56 549 92 c 24
 528 114 501 152 501 152 c 25
384 155 m 25
 456 155 l 25
 456 107 l 25
 456 107 419 63 390 41 c 24
 340 3 310 -16 255 -46 c 24
 215 -68 191 -79 147 -91 c 24
 99 -105 72 -109 21 -112 c 1
 71 -86 94 -73 138 -43 c 24
 191 -7 220 16 270 56 c 24
 316 93 384 155 384 155 c 25
535 524 m 25
 535 -142 l 17
 527 -171 521 -193 490 -196 c 1
 466 -194 455 -170 445 -142 c 9
 445 524 l 25
 535 524 l 25
0 182 m 25
 804 182 l 25
 833 210 842 242 867 251 c 1
 893 247 935 194 966 161 c 1
 974 143 957 132 939 132 c 9
 0 132 l 25
 0 182 l 25
240 296 m 25
 747 296 l 25
 747 246 l 25
 240 246 l 25
 240 296 l 25
240 428 m 25
 738 428 l 25
 738 378 l 25
 240 378 l 25
 240 428 l 25
228 554 m 25
 705 554 l 25
 721 567 727 592 747 587 c 24
 782 577 799 556 816 524 c 24
 823 511 803 506 795 494 c 25
 795 284 l 17
 787 255 781 233 750 230 c 1
 726 232 715 256 705 284 c 9
 705 504 l 25
 228 504 l 25
 228 554 l 25
546 793 m 25
 546 793 625 777 657 742 c 24
 671 727 644 713 636 694 c 25
 636 605 l 17
 628 576 622 554 591 551 c 1
 567 553 556 577 546 605 c 9
 546 793 l 25
306 793 m 25
 306 793 385 777 417 742 c 24
 431 727 404 713 396 694 c 25
 396 593 l 17
 388 564 382 542 351 539 c 1
 327 541 316 565 306 593 c 9
 306 793 l 25
174 586 m 25
 174 586 253 570 285 535 c 24
 299 520 272 506 264 487 c 25
 264 272 l 17
 256 243 250 221 219 218 c 1
 195 220 184 244 174 272 c 9
 174 586 l 25
42 690 m 25
 798 690 l 25
 827 718 836 750 861 759 c 1
 887 755 929 702 960 669 c 1
 968 651 951 640 933 640 c 9
 42 640 l 25
 42 690 l 25
EndSplineSet
EndChar
