Width: 1000
Flags: H
TeX: 117 0
LayerCount: 2
Fore
SplineSet
822 -33 m 25
 822 772 l 25
 865 752 901 756 933 721 c 24
 947 706 920 692 912 673 c 25
 912 -69 l 17
 906 -101 893 -130 861 -134 c 24
 830 -138 824 -102 798 -83 c 24
 770 -62 752 -52 723 -33 c 25
 822 -33 l 25
645 602 m 25
 688 582 724 586 756 551 c 24
 770 536 743 522 735 503 c 25
 735 126 l 17
 727 97 721 75 690 72 c 1
 666 74 655 98 645 126 c 9
 645 602 l 25
342 347 m 25
 376 322 401 314 429 282 c 24
 459 248 481 226 489 181 c 24
 493 157 479 137 456 129 c 24
 439 123 428 141 417 156 c 24
 393 191 390 218 369 255 c 24
 354 281 342 293 324 318 c 25
 342 347 l 25
504 441 m 25
 378 441 l 25
 378 491 l 25
 498 491 l 25
 516 509 519 543 543 537 c 24
 582 527 594 497 612 462 c 24
 617 452 601 448 594 439 c 25
 586 379 585 344 573 285 c 24
 563 234 558 204 537 156 c 24
 509 92 491 55 447 0 c 24
 415 -41 389 -58 345 -87 c 24
 316 -106 296 -107 264 -120 c 25
 306 -66 334 -39 372 18 c 24
 411 76 432 110 459 174 c 24
 481 226 486 259 495 315 c 24
 503 364 500 392 504 441 c 25
387 658 m 25
 474 658 l 25
 467 629 464 612 456 583 c 24
 442 533 436 504 417 456 c 24
 391 391 379 351 339 294 c 24
 309 251 279 239 240 204 c 25
 260 251 273 276 291 324 c 24
 319 400 335 443 357 521 c 24
 372 574 375 605 387 658 c 25
279 684 m 25
 549 684 l 25
 549 684 571 715 595 724 c 1
 614 717 638 689 657 663 c 1
 665 645 649 634 631 634 c 9
 279 634 l 25
 279 684 l 25
33 161 m 25
 99 174 l 25
 122 235 133 271 159 331 c 24
 192 408 204 447 249 527 c 9
 235 445 228 399 213 318 c 24
 200 248 177 138 177 138 c 1
 177 138 210 13 207 -69 c 24
 206 -100 198 -130 168 -137 c 24
 140 -143 119 -118 111 -91 c 24
 90 -18 104 27 99 103 c 25
 33 161 l 25
102 750 m 25
 142 734 172 736 204 708 c 24
 234 682 254 658 252 619 c 24
 251 592 224 571 198 576 c 24
 168 582 165 611 150 638 c 24
 127 680 121 706 102 750 c 25
EndSplineSet
EndChar
