Width: 1000
Flags: HW
TeX: 117 0
LayerCount: 2
Fore
SplineSet
755 231 m 1
 835 231 l 1
 835 -89 l 1
 755 -89 l 1
 755 231 l 1
663 -60 m 1
 921 -60 l 1
 921 -110 l 1
 663 -110 l 1
 663 -60 l 1
661 99 m 1
 910 99 l 1
 910 49 l 1
 661 49 l 1
 661 99 l 1
655 267 m 25
 865 267 l 25
 881 280 887 305 907 300 c 24
 942 290 959 269 976 237 c 24
 983 224 963 219 955 207 c 25
 955 -84 l 17
 947 -113 941 -135 910 -138 c 1
 886 -136 875 -112 865 -84 c 9
 865 217 l 17
 655 217 l 9
 655 267 l 25
636 291 m 25
 679 271 715 275 747 240 c 24
 761 225 734 211 726 192 c 25
 726 -83 l 17
 718 -112 712 -134 681 -137 c 1
 657 -135 646 -111 636 -83 c 9
 636 291 l 25
417 237 m 1
 498 237 l 1
 498 -83 l 1
 417 -83 l 1
 417 237 l 1
358 -59 m 1
 574 -59 l 1
 574 -109 l 1
 358 -109 l 1
 358 -59 l 1
349 111 m 1
 559 111 l 1
 559 61 l 1
 349 61 l 1
 349 111 l 1
343 279 m 25
 532 279 l 25
 548 292 554 317 574 312 c 24
 609 302 626 281 643 249 c 24
 650 236 630 231 622 219 c 25
 622 -84 l 17
 614 -113 608 -135 577 -138 c 1
 553 -136 542 -112 532 -84 c 9
 532 229 l 25
 343 229 l 25
 343 279 l 25
289 309 m 25
 332 289 368 293 400 258 c 24
 414 243 387 229 379 210 c 25
 379 -89 l 17
 371 -118 365 -140 334 -143 c 1
 310 -141 299 -117 289 -89 c 9
 289 309 l 25
565 690 m 1
 655 690 l 1
 655 372 l 1
 565 372 l 1
 565 690 l 1
444 393 m 1
 778 393 l 1
 778 343 l 1
 444 343 l 1
 444 393 l 1
441 546 m 1
 766 546 l 1
 766 496 l 1
 441 496 l 1
 441 546 l 1
432 708 m 25
 732 708 l 25
 748 721 754 746 774 741 c 24
 809 731 826 710 843 678 c 24
 850 665 830 660 822 648 c 25
 822 372 l 17
 814 343 808 321 777 318 c 1
 753 320 742 344 732 372 c 9
 732 658 l 25
 432 658 l 25
 432 708 l 25
396 732 m 25
 439 712 475 716 507 681 c 24
 521 666 494 652 486 633 c 25
 486 372 l 17
 478 343 472 321 441 318 c 1
 417 320 406 344 396 372 c 9
 396 732 l 25
163 540 m 25
 206 520 242 524 274 489 c 24
 288 474 261 460 253 441 c 25
 253 -99 l 17
 245 -128 239 -150 208 -153 c 1
 184 -151 173 -127 163 -99 c 9
 163 540 l 25
256 768 m 25
 293 745 324 742 352 708 c 24
 362 696 341 686 334 672 c 25
 299 616 282 582 244 528 c 24
 200 467 177 431 124 378 c 24
 85 340 54 329 10 297 c 25
 49 361 73 396 109 462 c 24
 152 540 172 586 211 666 c 24
 230 705 238 728 256 768 c 25
EndSplineSet
EndChar
