Width: 1000
Flags: HW
TeX: 117 0
LayerCount: 2
Fore
SplineSet
657 222 m 9
 678 276 l 25
 725 242 751 223 798 189 c 24
 818 175 829 167 849 153 c 25
 836 135 830 125 816 108 c 24
 807 97 803 73 792 81 c 24
 730 125 702 165 657 222 c 9
624 273 m 9
 624 379 l 25
 531 379 l 25
 531 429 l 25
 624 429 l 25
 640 442 646 467 666 462 c 24
 701 452 718 431 735 399 c 24
 742 386 722 381 714 369 c 25
 714 264 l 25
 706 241 707 224 693 204 c 24
 665 164 647 141 609 111 c 24
 579 88 556 85 522 69 c 25
 551 112 574 133 597 180 c 24
 614 214 621 243 624 273 c 9
549 717 m 25
 549 -96 l 17
 541 -125 535 -147 504 -150 c 1
 480 -148 469 -124 459 -96 c 9
 459 717 l 25
 549 717 l 25
354 282 m 25
 394 254 423 246 456 210 c 24
 478 185 487 165 489 132 c 24
 490 110 484 88 462 81 c 24
 440 74 426 91 411 108 c 24
 394 127 399 147 384 168 c 16
 370 187 336 219 336 219 c 9
 354 282 l 25
309 291 m 25
 309 370 l 25
 204 370 l 25
 204 420 l 25
 309 420 l 25
 325 433 331 458 351 453 c 24
 386 443 403 422 420 390 c 24
 427 377 407 372 399 360 c 25
 399 267 l 25
 392 241 394 224 381 201 c 24
 358 161 346 136 309 108 c 24
 268 77 236 77 189 57 c 25
 218 91 239 107 264 144 c 24
 281 169 285 187 294 216 c 24
 303 245 303 262 309 291 c 25
732 -120 m 24
 700 -98 681 -87 648 -66 c 25
 783 -66 l 25
 783 496 l 25
 147 496 l 25
 147 546 l 25
 783 546 l 25
 799 559 805 584 825 579 c 24
 860 569 877 548 894 516 c 24
 901 503 881 498 873 486 c 25
 873 -114 l 17
 864 -138 844 -173 810 -174 c 24
 773 -176 763 -141 732 -120 c 24
126 575 m 25
 169 555 205 559 237 524 c 24
 251 509 224 495 216 476 c 25
 216 -111 l 17
 208 -140 202 -162 171 -165 c 1
 147 -163 136 -139 126 -111 c 9
 126 575 l 25
39 731 m 25
 801 731 l 25
 830 759 839 791 864 800 c 1
 890 796 932 743 963 710 c 1
 971 692 954 681 936 681 c 9
 39 681 l 25
 39 731 l 25
EndSplineSet
EndChar
