Width: 1000
Flags: H
TeX: 117 0
LayerCount: 2
Fore
SplineSet
0 308 m 25
 838 308 l 25
 867 336 876 368 901 377 c 1
 927 373 969 320 1000 287 c 1
 1008 269 991 258 973 258 c 9
 0 258 l 25
 0 308 l 25
652 680 m 25
 652 -73 l 17
 644 -102 638 -124 607 -127 c 1
 583 -125 572 -101 562 -73 c 9
 562 680 l 25
 652 680 l 25
450 680 m 25
 450 -79 l 17
 442 -108 436 -130 405 -133 c 1
 381 -131 370 -107 360 -79 c 9
 360 680 l 25
 450 680 l 25
753 -40 m 25
 753 642 l 25
 201 642 l 25
 201 692 l 25
 753 692 l 25
 769.38 704.87 774.891 730.435 795 725 c 24
 830.178 715.492 847.287 694.381 864 662 c 24
 870.55 649.309 851.19 643.7 843 632 c 25
 843 -82 l 17
 834 -103 810.958 -137.113 777 -139 c 24
 751.273 -140.43 755.778 -103.237 735 -88 c 24
 702.086 -63.8633 678.27 -58.7197 642 -40 c 25
 753 -40 l 25
153 731 m 25
 196 711 232 715 264 680 c 24
 278 665 251 651 243 632 c 25
 243 -76 l 17
 235 -105 229 -127 198 -130 c 1
 174 -128 163 -104 153 -76 c 9
 153 731 l 25
EndSplineSet
EndChar
