Width: 1000
Flags: H
TeX: 117 0
LayerCount: 2
Fore
SplineSet
600 24 m 25
 660 10 696 11 753 -12 c 24
 794 -29 819 -42 846 -78 c 24
 862 -99 866 -122 852 -144 c 24
 840 -163 817 -161 795 -156 c 24
 770 -150 760 -134 741 -117 c 24
 718 -97 709 -82 687 -60 c 24
 654 -27 634 -9 600 24 c 25
393 27 m 25
 427 5 455 2 480 -30 c 24
 488 -41 464 -43 453 -51 c 25
 418 -72 401 -89 363 -105 c 24
 309 -128 277 -140 219 -150 c 24
 164 -160 131 -154 75 -156 c 25
 134 -130 168 -119 225 -90 c 24
 267 -69 289 -54 327 -27 c 24
 354 -8 367 6 393 27 c 25
567 254 m 1
 657 254 l 1
 657 21 l 1
 567 21 l 1
 567 254 l 1
357 257 m 1
 447 257 l 1
 447 27 l 1
 357 27 l 1
 357 257 l 1
72 66 m 25
 789 66 l 25
 818 94 827 126 852 135 c 1
 878 131 920 78 951 45 c 1
 959 27 942 16 924 16 c 9
 72 16 l 25
 72 66 l 25
153 177 m 25
 726 177 l 25
 755 205 764 237 789 246 c 1
 815 242 857 189 888 156 c 1
 896 138 879 127 861 127 c 9
 153 127 l 25
 153 177 l 25
459 447 m 1
 549 447 l 1
 549 251 l 1
 459 251 l 1
 459 447 l 1
282 364 m 1
 723 364 l 1
 723 314 l 1
 282 314 l 1
 282 364 l 1
276 269 m 1
 723 269 l 1
 723 219 l 1
 276 219 l 1
 276 269 l 1
279 462 m 25
 687 462 l 25
 703 475 709 500 729 495 c 24
 764 485 781 464 798 432 c 24
 805 419 785 414 777 402 c 25
 777 258 l 17
 769 229 763 207 732 204 c 1
 708 206 697 230 687 258 c 9
 687 412 l 25
 279 412 l 25
 279 462 l 25
240 489 m 25
 283 469 319 473 351 438 c 24
 365 423 338 409 330 390 c 25
 330 251 l 17
 322 222 316 200 285 197 c 1
 261 199 250 223 240 251 c 9
 240 489 l 25
576 666 m 25
 622 684 648 692 693 711 c 24
 741 731 816 765 816 765 c 1
 816 765 860 717 864 678 c 24
 865 662 841 669 825 666 c 24
 731 648 677 640 582 624 c 25
 576 666 l 25
918 492 m 9
 609 492 l 17
 581 497 557 515 552 540 c 9
 552 789 l 25
 595 769 631 773 663 738 c 24
 677 723 650 709 642 690 c 25
 642 608 l 17
 642 587 662 573 678 572 c 9
 852 572 l 25
 859 579 863 588 870 603 c 24
 885 637 894 656 909 690 c 25
 915 644 909 617 924 573 c 24
 931 551 965 551 963 528 c 24
 961 506 939 501 918 492 c 9
99 700 m 1
 435 700 l 1
 435 650 l 1
 99 650 l 1
 99 700 l 1
120 564 m 25
 157 568 178 570 216 573 c 24
 291 578 333 580 408 585 c 25
 414 531 l 25
 330 516 282 509 198 492 c 24
 182 489 171 469 159 480 c 24
 132 504 135 531 120 564 c 25
360 786 m 25
 403 766 439 770 471 735 c 24
 485 720 458 706 450 687 c 25
 450 534 l 17
 442 505 436 483 405 480 c 1
 381 482 370 506 360 534 c 9
 360 786 l 25
EndSplineSet
EndChar
