Width: 1000
Flags: H
TeX: 117 0
LayerCount: 2
Fore
SplineSet
627 492 m 25
 682 400 706 343 768 255 c 24
 810 196 841 167 894 117 c 24
 924 89 947 80 981 57 c 25
 948 42 929 35 897 18 c 24
 881 9 873 -20 858 -9 c 24
 808 26 796 64 762 114 c 24
 727 165 710 195 681 249 c 24
 644 318 628 359 594 429 c 25
 627 492 l 25
837 579 m 25
 871 539 902 524 924 477 c 24
 930 464 909 460 897 453 c 24
 849 423 820 409 771 381 c 24
 735 360 714 348 678 327 c 25
 654 372 l 25
 690 407 714 424 747 462 c 24
 785 505 802 533 837 579 c 25
543 -132 m 24
 500 -105 472 -97 426 -75 c 25
 570 -75 l 25
 570 768 l 25
 613 748 649 752 681 717 c 24
 695 702 668 688 660 669 c 25
 660 -120 l 17
 651 -147 629 -179 594 -183 c 24
 566 -186 567 -147 543 -132 c 24
444 390 m 9
 444 457 l 25
 267 457 l 25
 267 507 l 25
 444 507 l 25
 460 520 466 545 486 540 c 24
 521 530 538 509 555 477 c 24
 562 464 542 459 534 447 c 25
 534 342 l 17
 522 288 514 253 489 201 c 24
 463 148 445 118 405 75 c 24
 354 21 321 -7 258 -45 c 24
 221 -67 194 -65 153 -78 c 25
 210 -23 249 2 300 63 c 24
 344 115 368 147 396 210 c 24
 425 276 441 327 444 390 c 9
42 162 m 25
 129 189 l 25
 150 219 162 236 183 267 c 24
 229 335 254 373 300 441 c 25
 284 379 279 343 258 282 c 24
 239 225 198 141 198 141 c 1
 198 141 220 47 210 -12 c 24
 205 -40 189 -66 162 -66 c 0
 133 -66 122 -29 114 3 c 24
 102 53 114 135 114 135 c 1
 42 162 l 25
99 660 m 17
 150 630 176 619 213 579 c 24
 238 552 251 529 252 492 c 24
 253 470 238 448 216 447 c 24
 190 445 176 464 162 486 c 24
 142 517 145 541 132 576 c 24
 120 609 112 627 99 660 c 17
EndSplineSet
EndChar
