Width: 1000
Flags: H
TeX: 117 0
LayerCount: 2
Fore
SplineSet
693 312 m 25
 704 272 704 248 720 210 c 24
 745 150 759 115 798 63 c 24
 849 -5 885 -39 948 -96 c 9
 926 -108 913 -114 891 -126 c 24
 879 -132 872 -148 861 -141 c 24
 824 -116 811 -91 786 -54 c 24
 752 -4 737 27 711 81 c 24
 690 126 682 154 666 201 c 24
 660 220 659 232 654 252 c 25
 693 312 l 25
819 303 m 25
 900 303 l 25
 879 230 875 187 846 117 c 24
 820 55 800 20 759 -33 c 24
 732 -68 709 -83 672 -108 c 24
 650 -123 634 -124 609 -135 c 17
 654 -90 685 -44 723 21 c 24
 753 73 764 105 783 162 c 24
 801 216 805 248 819 303 c 25
687 336 m 25
 846 336 l 25
 846 336 868 367 892 376 c 1
 911 369 935 341 954 315 c 1
 962 297 946 286 928 286 c 9
 687 286 l 25
 687 336 l 25
699 483 m 25
 732 467 755 465 783 441 c 24
 790 435 778 428 774 420 c 25
 761 391 756 373 741 345 c 24
 718 302 707 276 678 237 c 24
 659 212 645 198 618 183 c 9
 639 257 652 298 672 372 c 24
 684 415 688 440 699 483 c 25
453 123 m 1
 564 123 l 1
 564 73 l 1
 453 73 l 1
 453 123 l 1
441 217 m 1
 591 217 l 1
 591 167 l 1
 441 167 l 1
 441 217 l 1
378 282 m 1
 468 282 l 1
 468 0 l 1
 378 0 l 1
 378 282 l 1
618 291 m 25
 618 -99 l 17
 610 -128 604 -150 573 -153 c 1
 549 -151 538 -127 528 -99 c 9
 528 291 l 25
 618 291 l 25
327 15 m 25
 585 39 l 25
 588 -18 l 25
 518 -33 478 -40 408 -57 c 24
 390 -61 377 -84 363 -72 c 24
 336 -48 341 -19 327 15 c 25
450 387 m 1
 540 387 l 1
 540 285 l 1
 450 285 l 1
 450 387 l 1
351 318 m 25
 555 318 l 25
 555 318 577 349 601 358 c 1
 620 351 644 323 663 297 c 1
 671 279 655 268 637 268 c 9
 351 268 l 25
 351 318 l 25
381 411 m 25
 525 411 l 25
 525 411 547 442 571 451 c 1
 590 444 614 416 633 390 c 1
 641 372 625 361 607 361 c 9
 381 361 l 25
 381 411 l 25
318 504 m 25
 816 504 l 25
 816 504 854 564 879 573 c 1
 905 569 947 516 978 483 c 1
 986 465 969 454 951 454 c 9
 318 454 l 25
 318 504 l 25
279 90 m 9
 279 533 l 25
 322 513 358 517 390 482 c 24
 404 467 377 453 369 434 c 25
 369 93 l 17
 366 57 355 25 336 -15 c 24
 318 -52 305 -73 276 -102 c 24
 255 -124 236 -128 210 -144 c 25
 230 -94 246 -67 261 -15 c 24
 273 25 279 54 279 90 c 9
672 597 m 1
 840 597 l 1
 840 547 l 1
 672 547 l 1
 672 597 l 1
657 726 m 25
 783 726 l 25
 799 739 805 764 825 759 c 24
 860 749 877 728 894 696 c 24
 901 683 881 678 873 666 c 25
 873 579 l 17
 865 550 859 528 828 525 c 1
 804 527 793 551 783 579 c 9
 783 676 l 25
 657 676 l 25
 657 726 l 25
630 757 m 25
 673 737 709 741 741 706 c 24
 755 691 728 677 720 658 c 25
 720 579 l 17
 712 550 706 528 675 525 c 1
 651 527 640 551 630 579 c 9
 630 757 l 25
351 597 m 1
 537 597 l 1
 537 547 l 1
 351 547 l 1
 351 597 l 1
342 732 m 25
 489 732 l 25
 505 745 511 770 531 765 c 24
 566 755 583 734 600 702 c 24
 607 689 587 684 579 672 c 25
 579 586 l 17
 571 557 565 535 534 532 c 1
 510 534 499 558 489 586 c 9
 489 682 l 25
 342 682 l 25
 342 732 l 25
327 756 m 25
 370 736 406 740 438 705 c 24
 452 690 425 676 417 657 c 25
 417 576 l 17
 409 547 403 525 372 522 c 1
 348 524 337 548 327 576 c 9
 327 756 l 25
144 585 m 25
 187 565 223 569 255 534 c 24
 269 519 242 505 234 486 c 25
 234 -120 l 17
 226 -149 220 -171 189 -174 c 1
 165 -172 154 -148 144 -120 c 9
 144 585 l 25
213 792 m 25
 248 764 275 755 303 720 c 24
 309 712 290 711 282 705 c 25
 249 654 234 623 198 573 c 24
 164 526 146 499 105 459 c 24
 75 430 63 417 18 399 c 9
 48 455 66 486 96 543 c 24
 125 599 141 630 168 687 c 24
 187 727 195 751 213 792 c 25
EndSplineSet
EndChar
