Width: 1000
Flags: H
TeX: 117 0
LayerCount: 2
Fore
SplineSet
420 525 m 25
 458.61 500.43 489.761 497.207 519 462 c 24
 549.82 424.89 567 396.235 567 348 c 24
 567 309.679 551.507 278.425 516 264 c 24
 493.006 254.658 478.329 285.288 471 309 c 24
 457.162 353.769 475.768 383.396 465 429 c 24
 455.498 469.242 437.55 487.56 420 525 c 25
600 -30 m 25
 600 694 l 25
 339 694 l 25
 339 744 l 25
 600 744 l 25
 616.38 756.87 621.891 782.435 642 777 c 24
 677.178 767.492 694.287 746.381 711 714 c 24
 717.55 701.309 698.19 695.7 690 684 c 25
 690 63 l 1
 693 36.1689 717 15 750 12 c 9
 870 12 l 25
 880.53 34.2305 888.496 45.9188 897 69 c 24
 913.118 112.749 918.96 138.54 933 183 c 25
 931.83 111.63 920.923 70.7998 930 0 c 24
 933.013 -23.498 966.35 -27.5478 963 -51 c 24
 959.922 -72.5449 935.55 -71.1299 918 -84 c 25
 645 -84 l 1
 618.703 -79.4922 600 -30 600 -30 c 25
279 261 m 25
 279 774 l 25
 322.29 754.11 357.953 758.251 390 723 c 24
 403.745 707.881 377.19 693.72 369 675 c 25
 369 255 l 25
 359.64 198.84 362.639 165.134 345 111 c 24
 328.303 59.7559 315.468 30.2461 282 -12 c 24
 242.902 -61.3525 215.181 -86.2939 162 -120 c 24
 130.1 -140.219 105.27 -136.47 69 -147 c 25
 95.9102 -121.26 114.533 -109.914 138 -81 c 24
 180.342 -28.8291 203.098 1.98926 237 60 c 24
 256.074 92.6387 265.268 112.995 273 150 c 24
 281.867 192.437 276.66 217.71 279 261 c 25
EndSplineSet
EndChar
