Width: 1000
Flags: H
TeX: 117 0
LayerCount: 2
Fore
SplineSet
246 330 m 25
 287 300 317 290 351 252 c 24
 383 216 402 191 411 144 c 24
 416 120 407 96 384 87 c 24
 363 78 346 94 330 111 c 24
 310 133 308 152 297 180 c 24
 284 212 281 231 270 264 c 24
 261 290 255 304 246 330 c 25
636 327 m 24
 664 262 683 226 723 168 c 24
 750 128 770 107 807 75 c 24
 845 42 871 29 912 0 c 25
 879 -12 860 -16 828 -30 c 24
 813 -37 807 -61 792 -54 c 24
 757 -38 746 -13 723 18 c 24
 685 69 666 100 636 156 c 24
 607 210 590 241 570 300 c 24
 542 385 528 426 513 522 c 9
 570 522 l 17
 597 429 604 401 636 327 c 24
627 246 m 25
 597 294 l 25
 629 312 648 319 678 339 c 24
 715 363 733 379 768 405 c 25
 793 371 817 357 831 318 c 24
 835 307 815 310 804 306 c 24
 735 282 696 269 627 246 c 25
519 228 m 25
 558 135 l 25
 505 103 479 79 423 54 c 24
 349 21 304 7 225 -12 c 24
 161 -28 144 -30 57 -36 c 9
 153 7 210 25 303 75 c 24
 375 113 411 142 477 189 c 24
 495 202 503 213 519 228 c 25
459 354 m 25
 510 288 l 25
 487 273 475 262 450 249 c 24
 392 219 360 198 297 180 c 24
 231 161 191 165 123 156 c 25
 212 202 265 222 351 273 c 24
 396 300 417 322 459 354 c 25
417 429 m 25
 454 390 483 374 513 330 c 24
 548 278 566 246 582 186 c 24
 601 116 606 73 600 0 c 24
 596 -49 584 -77 555 -117 c 24
 538 -141 518 -157 489 -153 c 24
 463 -149 464 -120 444 -102 c 24
 424 -83 409 -76 387 -60 c 25
 477 -60 l 17
 501 -48 508 -27 513 0 c 24
 524 59 525 94 516 153 c 24
 508 207 496 237 471 285 c 24
 443 338 416 360 381 408 c 25
 417 429 l 25
459 528 m 25
 489 506 516 503 537 471 c 24
 544 460 521 457 510 450 c 24
 452 411 423 382 360 351 c 24
 301 322 265 311 201 297 c 24
 163 289 141 295 102 294 c 25
 145 314 172 321 213 345 c 24
 283 386 322 411 387 459 c 24
 418 482 431 501 459 528 c 25
225 552 m 25
 660 552 l 25
 689 580 698 612 723 621 c 1
 749 617 791 564 822 531 c 1
 830 513 813 502 795 502 c 9
 225 502 l 25
 225 552 l 25
788 660 m 25
 216 660 l 25
 216 710 l 25
 798 710 l 25
 816 722 823 747 843 740 c 24
 881 727 899 704 918 668 c 24
 924 656 905 652 897 641 c 25
 788 566 l 25
 788 660 l 25
213 758 m 25
 225 719 242 699 243 659 c 24
 244 627 238 606 219 581 c 24
 202 559 184 544 156 545 c 24
 134 546 115 563 117 584 c 24
 121 624 149 639 168 674 c 24
 186 707 195 725 213 758 c 25
EndSplineSet
EndChar
