Width: 1000
Flags: HW
LayerCount: 2
Fore
SplineSet
81 228 m 25
 171 240 l 25
 202.59 299.67 220.472 333.298 252 393 c 24
 275.462 437.428 289.339 462.159 312 507 c 24
 344.334 570.979 361.41 607.65 393 672 c 25
 359.07 562.02 344.084 498.611 306 390 c 24
 280.835 318.234 231 210 231 210 c 1
 231 210 258.517 123.264 267 66 c 24
 272.658 27.8066 278.985 3.70303 267 -33 c 24
 258.782 -58.166 245.27 -84.2837 219 -81 c 24
 189.265 -77.2832 177.687 -50.2109 171 -21 c 24
 154.533 50.9326 159 88 162 168 c 9
 81 228 l 25
123 690 m 25
 165.12 677.13 192.041 677.542 231 657 c 24
 258.087 642.718 281.863 633.001 288 603 c 24
 294.531 571.068 284.97 543.301 258 525 c 24
 239.302 512.312 219.174 529.256 204 546 c 24
 182.541 569.679 186.667 593.147 171 621 c 24
 154.929 649.571 141.72 663.09 123 690 c 25
627 267 m 24
 596.884 209.13 579.684 175.336 537 126 c 24
 488.748 70.2285 456.476 42.207 396 0 c 24
 343.222 -36.835 306.33 -45.75 249 -75 c 25
 316.86 -9.48047 361.502 21.4748 423 93 c 24
 469.755 147.378 489.184 183.87 525 246 c 24
 546.715 283.669 552.79 308.072 570 348 c 24
 582.041 375.936 588.3 391.92 600 420 c 25
 690 420 l 25
 665.43 360.33 656.79 324.243 627 267 c 24
657 -54 m 25
 657 714 l 25
 747 714 l 25
 747 -75 l 25
 726 -104 727 -140 693 -150 c 24
 669 -157 667 -121 648 -105 c 24
 624 -84 610 -74 585 -54 c 25
 657 -54 l 25
372 432 m 25
 807 432 l 25
 836 460 845 492 870 501 c 1
 896 497 938 444 969 411 c 1
 977 393 960 382 942 382 c 9
 372 382 l 25
 372 432 l 25
471 696 m 25
 561 696 l 25
 561 414 l 25
 471 414 l 25
 471 696 l 25
408 737 m 25
 795 737 l 25
 795 737 818 773 843 782 c 1
 869 778 857 749 888 716 c 1
 896 698 879 687 861 687 c 9
 408 687 l 25
 408 737 l 25
EndSplineSet
EndChar
