Width: 1000
Flags: HW
TeX: 117 0
LayerCount: 2
Fore
SplineSet
455 693 m 1
 545 693 l 1
 545 359 l 1
 455 359 l 1
 455 693 l 1
164 372 m 1
 836 372 l 1
 836 322 l 1
 164 322 l 1
 164 372 l 1
752 -117 m 24
 708 -93 681 -86 635 -67 c 17
 746 -67 l 2
 766 -67 788 -49 788 -24 c 10
 788 676 l 25
 146 676 l 25
 146 726 l 25
 788 726 l 25
 804 739 810 764 830 759 c 24
 865 749 882 728 899 696 c 24
 906 683 886 678 878 666 c 25
 878 -54 l 18
 878 -79 874 -105 857 -132 c 24
 845 -151 831 -165 809 -162 c 24
 781 -158 777 -131 752 -117 c 24
122 751 m 25
 122 751 201 735 233 700 c 24
 247 685 220 671 212 652 c 25
 212 -108 l 17
 204 -137 198 -159 167 -162 c 1
 143 -160 132 -136 122 -108 c 9
 122 751 l 25
EndSplineSet
EndChar
