Width: 1000
Flags: H
TeX: 117 0
LayerCount: 2
Fore
SplineSet
507 290 m 25
 568 290 l 25
 598 252 610 226 645 192 c 24
 702 137 737 109 801 63 c 24
 832 41 854 36 888 18 c 25
 870 7 860 2 843 -9 c 24
 828 -18 821 -41 805 -34 c 24
 752 -12 731 18 689 56 c 24
 646 95 622 117 587 163 c 24
 551 209 538 240 507 290 c 25
769 267 m 25
 484 267 l 25
 484 317 l 25
 780 317 l 25
 795 328 801 351 819 345 c 24
 854 333 870 312 888 279 c 24
 894 268 877 263 870 252 c 25
 833 204 816 173 774 129 c 24
 721 74 693 38 627 0 c 24
 574 -30 537 -36 477 -42 c 9
 526 -2 557 16 603 60 c 24
 651 106 676 134 717 186 c 24
 740 215 749 235 769 267 c 25
635 473 m 25
 777 473 l 25
 777 473 799 504 823 513 c 1
 842 506 866 478 885 452 c 1
 893 434 877 423 859 423 c 9
 635 423 l 25
 635 473 l 25
596 280 m 25
 596 637 l 25
 639 617 675 621 707 586 c 24
 721 571 694 557 686 538 c 25
 686 280 l 25
 596 280 l 25
894 -141 m 9
 391 -141 l 17
 363 -136 339 -118 334 -93 c 9
 334 324 l 25
 424 324 l 25
 424 -25 l 17
 424 -46 444 -60 460 -61 c 9
 819 -61 l 25
 835 -39 846 -28 859 -4 c 24
 881 35 890 59 910 99 c 25
 909 35 899 -1 907 -64 c 24
 909 -83 939 -85 936 -104 c 24
 932 -126 912 -135 894 -141 c 9
174 156 m 9
 174 320 l 25
 264 320 l 25
 264 183 l 17
 255 117 258 76 231 15 c 24
 207 -40 184 -69 138 -108 c 24
 112 -130 99 -132 54 -135 c 1
 102 -78 117 -58 141 0 c 24
 165 57 171 90 174 156 c 9
63 357 m 25
 434 357 l 25
 434 357 456 388 480 397 c 1
 499 390 523 362 542 336 c 1
 550 318 534 307 516 307 c 9
 63 307 l 25
 63 357 l 25
128 528 m 25
 366 528 l 25
 366 528 388 559 412 568 c 1
 431 561 455 533 474 507 c 1
 482 489 466 478 448 478 c 9
 128 478 l 25
 128 528 l 25
789 660 m 25
 159 660 l 25
 159 710 l 25
 789 710 l 25
 810 722 824 749 846 740 c 24
 889 723 905 696 929 657 c 24
 935 647 913 650 903 645 c 25
 792 547 l 25
 789 660 l 25
168 759 m 25
 177 719 193 698 192 657 c 24
 191 618 189 590 164 560 c 24
 146 538 121 532 94 540 c 24
 72 547 59 567 62 590 c 24
 67 626 92 638 111 669 c 24
 133 704 146 724 168 759 c 25
EndSplineSet
EndChar
