Width: 1000
Flags: H
TeX: 117 0
LayerCount: 2
Fore
SplineSet
543 639 m 25
 543 801 l 25
 543 801 622 785 654 750 c 24
 668 735 641 721 633 702 c 25
 633 639 l 25
 543 639 l 25
777 117 m 17
 817 103 836 94 867 69 c 24
 895 46 913 31 924 -3 c 24
 932 -28 932 -51 912 -69 c 24
 897 -83 873 -78 858 -63 c 24
 831 -36 835 -8 819 27 c 24
 803 62 793 82 777 117 c 17
584 156 m 17
 622 138 644 127 671 96 c 24
 691 72 700 52 698 21 c 24
 697 2 684 -12 665 -16 c 24
 647 -19 634 -8 624 8 c 24
 609 33 613 54 606 81 c 0
 597 110 592 127 584 156 c 17
746 -150 m 10
 501 -150 l 17
 473 -145 449 -127 444 -102 c 9
 444 135 l 25
 444 135 523 119 555 84 c 24
 569 69 542 55 534 36 c 25
 534 -34 l 17
 534 -55 554 -69 570 -70 c 9
 685 -70 l 18
 697 -70 716 -41 729 -18 c 24
 744 7 756 51 756 51 c 25
 756 51 762 -19 777 -60 c 24
 785 -82 821 -85 813 -107 c 24
 803 -136 766 -150 746 -150 c 10
264 -78 m 24
 262 -46 292 -36 306 -6 c 24
 324 34 334 58 345 99 c 1
 362 70 374 46 378 9 c 24
 382 -32 383 -59 365 -96 c 24
 355 -117 335 -130 312 -126 c 24
 286 -121 265 -104 264 -78 c 24
390 190 m 25
 774 190 l 25
 774 140 l 25
 390 140 l 25
 390 190 l 25
396 297 m 25
 786 297 l 25
 786 247 l 25
 396 247 l 25
 396 297 l 25
396 399 m 25
 732 399 l 25
 748 412 754 437 774 432 c 24
 809 422 826 401 843 369 c 24
 850 356 830 351 822 339 c 25
 822 162 l 17
 814 133 808 111 777 108 c 1
 753 110 742 134 732 162 c 9
 732 349 l 25
 396 349 l 25
 396 399 l 25
363 429 m 25
 363 429 442 413 474 378 c 24
 488 363 461 349 453 330 c 25
 453 162 l 17
 445 133 439 111 408 108 c 1
 384 110 373 134 363 162 c 9
 363 429 l 25
694 480 m 25
 637 480 l 25
 637 480 648 516 652 540 c 24
 658 575 663 630 663 630 c 25
 766 630 l 25
 694 480 l 25
441 552 m 24
 431 578 420 621 420 621 c 25
 489 621 l 25
 489 621 516 587 525 561 c 24
 535 533 553 511 537 486 c 24
 524 465 494 469 474 483 c 24
 449 500 452 524 441 552 c 24
294 507 m 25
 777 507 l 25
 806 535 815 567 840 576 c 1
 866 572 908 519 939 486 c 1
 947 468 930 457 912 457 c 9
 294 457 l 25
 294 507 l 25
336 669 m 25
 711 669 l 25
 740 697 749 729 774 738 c 1
 800 734 842 681 873 648 c 1
 881 630 864 619 846 619 c 9
 336 619 l 25
 336 669 l 25
141 539 m 25
 141 539 220 523 252 488 c 24
 266 473 239 459 231 440 c 25
 231 -121 l 17
 223 -150 217 -172 186 -175 c 1
 162 -173 151 -149 141 -121 c 9
 141 539 l 25
198 782 m 25
 198 782 272 753 306 719 c 24
 315 710 291 706 285 695 c 24
 259 646 250 615 225 566 c 24
 187 492 170 448 123 380 c 24
 95 339 75 320 33 290 c 1
 52 332 62 357 78 401 c 0
 102 468 115 506 137 574 c 24
 153 623 162 651 177 701 c 24
 186 732 198 782 198 782 c 25
EndSplineSet
EndChar
