Width: 1000
Flags: H
TeX: 117 0
LayerCount: 2
Fore
SplineSet
549 87 m 25
 612.18 63.5996 650.484 56.6143 711 27 c 24
 761.137 2.46484 792.328 -10.75 831 -51 c 24
 852.538 -73.417 864.451 -95.5889 858 -126 c 24
 853.657 -146.474 830.737 -152.828 810 -150 c 24
 773.709 -145.051 754.503 -131.002 726 -108 c 24
 686.68 -76.2676 672.96 -49.4131 639 -12 c 24
 603.93 26.6367 584.1 48.3896 549 87 c 25
366 99 m 25
 403.44 65.0703 436.177 55.4297 462 12 c 24
 469.657 -0.878906 444.083 -3.13965 432 -12 c 24
 391.419 -41.7598 369.431 -59.9424 327 -87 c 24
 288.577 -111.501 268.057 -129.074 225 -144 c 24
 179.021 -159.939 149.97 -156.81 102 -165 c 25
 140.61 -134.58 163.548 -118.834 201 -87 c 24
 233.803 -59.1172 253.43 -44.2061 282 -12 c 24
 318.026 28.6123 333.24 55.71 366 99 c 25
81 165 m 25
 771 165 l 25
 800 193 809 225 834 234 c 1
 860 230 902 177 933 144 c 1
 941 126 924 115 906 115 c 9
 81 115 l 25
 81 165 l 25
456 282 m 1
 546 282 l 1
 546 135 l 1
 456 135 l 1
 456 282 l 1
285 316 m 1
 723 316 l 1
 723 266 l 1
 285 266 l 1
 285 316 l 1
291 440 m 1
 699 440 l 1
 699 390 l 1
 291 390 l 1
 291 440 l 1
298 555 m 25
 651 555 l 25
 667.38 567.87 672.891 593.435 693 588 c 24
 728.178 578.492 745.287 557.381 762 525 c 24
 768.55 512.309 749.19 506.7 741 495 c 25
 741 291 l 17
 733 262 727 240 696 237 c 1
 672 239 661 263 651 291 c 9
 651 505 l 25
 298 505 l 25
 298 555 l 25
270 594 m 25
 313.29 574.11 348.953 578.251 381 543 c 24
 394.745 527.881 368.19 513.72 360 495 c 25
 360 285 l 17
 352 256 346 234 315 231 c 1
 291 233 280 257 270 285 c 9
 270 594 l 25
810 637 m 25
 174 637 l 25
 174 687 l 25
 813 687 l 25
 835.23 697.53 847.085 722.942 870 714 c 24
 906.297 699.835 922.767 675.646 936 639 c 24
 941.646 623.359 919.53 618.87 909 606 c 25
 789 531 l 25
 810 637 l 25
165 738 m 25
 182.55 688.86 210.715 664.175 210 612 c 24
 209.441 571.188 193.221 545.291 162 519 c 24
 142.291 502.402 113.374 496.972 96 516 c 24
 77.0498 536.755 91.2002 561 99 588 c 24
 106.854 615.187 123.604 625.098 135 651 c 24
 149.454 683.852 153.3 704.07 165 738 c 25
EndSplineSet
EndChar
