Width: 1000
Flags: H
TeX: 117 0
LayerCount: 2
Fore
SplineSet
144 585 m 25
 187 565 223 569 255 534 c 24
 269 519 242 505 234 486 c 25
 234 -120 l 17
 226 -149 220 -171 189 -174 c 1
 165 -172 154 -148 144 -120 c 9
 144 585 l 25
210 780 m 25
 245 755 270 748 300 717 c 24
 306 711 293 706 288 699 c 25
 258 650 243 620 210 573 c 24
 172 519 152 487 105 441 c 24
 69 406 48 396 0 369 c 9
 30 418 50 444 78 495 c 24
 112 558 129 595 159 660 c 24
 180 706 190 733 210 780 c 25
660 81 m 25
 840 141 l 1
 840 141 873 93 879 57 c 24
 881 48 864 55 855 54 c 25
 672 30 l 25
 660 81 l 25
918 -141 m 9
 679 -141 l 17
 651 -136 627 -118 622 -93 c 9
 622 204 l 25
 712 204 l 25
 712 -25 l 17
 712 -46 732 -60 748 -61 c 9
 861 -61 l 25
 872 -42 878 -31 888 -12 c 24
 905 22 914 41 930 75 c 25
 930 24 923 -6 930 -57 c 24
 933 -80 960 -88 957 -111 c 24
 954 -130 936 -135 918 -141 c 9
408 -129 m 24
 394 -134 382 -156 372 -144 c 24
 345 -113 350 -84 336 -45 c 25
 387 -41 417 -40 468 -36 c 24
 534 -31 570 -29 636 -24 c 17
 609 -54 569 -69 522 -90 c 24
 479 -110 452 -113 408 -129 c 24
435 96 m 25
 516 96 l 25
 516 96 538 127 562 136 c 1
 581 129 605 101 624 75 c 1
 632 57 616 46 598 46 c 9
 435 46 l 25
 435 96 l 25
399 204 m 1
 489 204 l 1
 489 -72 l 1
 399 -72 l 1
 399 204 l 1
657 393 m 1
 747 393 l 1
 747 201 l 1
 657 201 l 1
 657 393 l 1
480 402 m 1
 570 402 l 1
 570 198 l 1
 480 198 l 1
 480 402 l 1
309 645 m 25
 483 645 l 25
 499 658 505 683 525 678 c 24
 560 668 577 647 594 615 c 24
 601 602 581 597 573 585 c 25
 573 486 l 17
 565 457 559 435 528 432 c 1
 504 434 493 458 483 486 c 9
 483 595 l 25
 309 595 l 25
 309 645 l 25
561 393 m 25
 561 531 l 25
 604 511 640 515 672 480 c 24
 686 465 659 451 651 432 c 25
 651 393 l 25
 561 393 l 25
303 414 m 25
 807 414 l 25
 836 442 845 474 870 483 c 1
 896 479 938 426 969 393 c 1
 977 375 960 364 942 364 c 9
 303 364 l 25
 303 414 l 25
288 63 m 25
 288 441 l 25
 331 421 367 425 399 390 c 24
 413 375 386 361 378 342 c 25
 378 78 l 17
 378 30 364 12 345 -27 c 24
 327 -63 316 -85 285 -111 c 24
 255 -136 230 -137 195 -153 c 17
 228 -111 243 -87 264 -39 c 24
 280 -1 279 23 288 63 c 25
306 222 m 1
 858 222 l 1
 858 172 l 1
 306 172 l 1
 306 222 l 1
306 329 m 9
 807 329 l 25
 823 342 829 367 849 362 c 24
 884 352 901 331 918 299 c 24
 925 286 905 281 897 269 c 25
 897 212 l 17
 889 183 883 161 852 158 c 1
 828 160 817 184 807 212 c 9
 807 279 l 25
 306 279 l 17
 306 296 313 312 306 329 c 9
375 606 m 25
 418 586 454 590 486 555 c 24
 500 540 473 526 465 507 c 25
 465 492 l 17
 457 463 451 441 420 438 c 1
 396 440 385 464 375 492 c 9
 375 606 l 25
696 612 m 25
 739 592 775 596 807 561 c 24
 821 546 794 532 786 513 c 25
 786 495 l 17
 778 466 772 444 741 441 c 1
 717 443 706 467 696 495 c 9
 696 612 l 25
792 486 m 9
 792 606 l 25
 651 606 l 25
 651 656 l 25
 792 656 l 25
 808 669 814 694 834 689 c 24
 869 679 886 658 903 626 c 24
 910 613 890 608 882 596 c 25
 882 554 l 17
 882 533 902 519 918 518 c 9
 927 518 l 25
 960 597 l 25
 965 561 963 539 972 504 c 24
 976 488 995 484 993 468 c 24
 991 452 978 441 963 438 c 9
 849 438 l 17
 821 443 797 461 792 486 c 9
603 534 m 25
 603 681 l 25
 646 661 682 665 714 630 c 24
 728 615 701 601 693 582 c 25
 693 516 l 17
 689 489 677 469 656 447 c 24
 634 423 614 420 587 402 c 25
 591 429 593 444 596 471 c 24
 599 496 600 509 603 534 c 25
276 663 m 25
 319 643 355 647 387 612 c 24
 401 597 374 583 366 564 c 25
 366 486 l 17
 358 457 352 435 321 432 c 1
 297 434 286 458 276 486 c 9
 276 663 l 25
582 748 m 25
 816 748 l 25
 816 748 838 779 862 788 c 1
 881 781 905 753 924 727 c 1
 932 709 916 698 898 698 c 9
 582 698 l 25
 582 748 l 25
264 741 m 25
 471 741 l 25
 471 741 493 772 517 781 c 1
 536 774 560 746 579 720 c 1
 587 702 571 691 553 691 c 9
 264 691 l 25
 264 741 l 25
EndSplineSet
EndChar
