Width: 1000
Flags: H
TeX: 117 0
LayerCount: 2
Fore
SplineSet
255 239 m 25
 735 239 l 25
 735 189 l 25
 255 189 l 25
 255 239 l 25
465 438 m 25
 465 786 l 25
 508.29 766.11 543.953 770.251 576 735 c 24
 589.745 719.881 563.19 705.72 555 687 c 25
 555 438 l 25
 465 438 l 25
555 -105 m 9
 555 213 l 25
 645 213 l 1
 645 -60 l 1
 648.238 -79.2012 687 -87 687 -87 c 25
 831 -87 l 25
 843.87 -69.4502 853.431 -61.0244 864 -42 c 24
 882.811 -8.14062 889.62 12.9004 906 48 c 25
 903.66 -5.82031 895.6 -36.3096 900 -90 c 24
 901.582 -109.302 924.526 -115.957 921 -135 c 24
 917.385 -154.523 899.04 -156.96 885 -171 c 25
 612 -171 l 1
 573 -168 561 -138 555 -105 c 9
264 -171 m 24
 204.699 -191.965 167.01 -187.47 105 -198 c 25
 152.97 -174.6 182.606 -166.072 228 -138 c 24
 271.987 -110.798 303.7 -99.6181 333 -57 c 24
 370.549 -2.38379 393 45 393 102 c 9
 393 225 l 25
 483 225 l 25
 483 66 l 17
 465 -3 449.23 -41.8876 402 -93 c 24
 360.043 -138.405 322.287 -150.393 264 -171 c 24
252 450 m 25
 699 450 l 25
 715 463 721 488 741 483 c 24
 776 473 793 452 810 420 c 24
 817 407 797 402 789 390 c 25
 789 213 l 17
 781 184 775 162 744 159 c 1
 720 161 709 185 699 213 c 9
 699 400 l 25
 252 400 l 25
 252 450 l 25
225 486 m 25
 268 466 304 470 336 435 c 24
 350 420 323 406 315 387 c 25
 315 180 l 17
 307 151 301 129 270 126 c 1
 246 128 235 152 225 180 c 9
 225 486 l 25
99 609 m 25
 750 609 l 25
 779 637 788 669 813 678 c 1
 839 674 881 621 912 588 c 1
 920 570 903 559 885 559 c 9
 99 559 l 25
 99 609 l 25
EndSplineSet
EndChar
