Width: 1000
Flags: H
TeX: 117 0
LayerCount: 2
Fore
SplineSet
898 -141 m 9
 667 -141 l 17
 639 -136 615 -118 610 -93 c 9
 610 333 l 25
 700 333 l 25
 700 -25 l 17
 700 -46 720 -60 736 -61 c 9
 835 -61 l 25
 843 -35 849 -20 856 6 c 24
 867 45 871 68 880 108 c 25
 891 44 891 6 907 -57 c 24
 912 -76 936 -80 934 -99 c 24
 932 -120 916 -132 898 -141 c 9
472 222 m 9
 472 330 l 25
 562 330 l 25
 562 207 l 17
 550 96 547 81 505 15 c 0
 469 -42 432 -75 370 -114 c 24
 329 -140 295 -138 250 -144 c 9
 287 -114 314 -102 346 -66 c 24
 389 -17 413 13 439 72 c 24
 463 127 466 144 472 222 c 9
412 357 m 25
 808 357 l 25
 808 307 l 25
 412 307 l 25
 412 357 l 25
397 696 m 25
 751 696 l 25
 767 709 773 734 793 729 c 24
 828 719 845 698 862 666 c 24
 869 653 849 648 841 636 c 25
 841 336 l 17
 833 307 827 285 796 282 c 1
 772 284 761 308 751 336 c 9
 751 646 l 25
 397 646 l 25
 397 696 l 25
379 723 m 25
 422 703 458 707 490 672 c 24
 504 657 477 643 469 624 c 25
 469 345 l 17
 461 316 455 294 424 291 c 1
 400 293 389 317 379 345 c 9
 379 723 l 25
67 156 m 25
 148 180 l 25
 178 237 195 270 226 327 c 24
 264 395 277 429 325 501 c 9
 299 406 285 353 259 258 c 24
 245 209 223 132 223 132 c 1
 223 132 249 12 238 -63 c 24
 234 -90 214 -114 187 -111 c 24
 156 -107 139 -82 133 -51 c 24
 119 13 137 51 139 117 c 25
 67 156 l 25
97 699 m 25
 141 678 172 675 211 645 c 24
 240 622 257 603 265 567 c 24
 270 543 264 518 241 510 c 24
 215 501 194 517 175 537 c 24
 150 564 152 590 136 624 c 24
 122 654 112 670 97 699 c 25
EndSplineSet
EndChar
