Width: 1000
Flags: H
TeX: 117 0
LayerCount: 2
Fore
SplineSet
450 195 m 25
 528 174 l 25
 546.72 141.24 550.759 118.045 576 90 c 24
 625.334 35.1846 658.002 8.24823 717 -36 c 24
 742.956 -55.4668 760.461 -64.3871 792 -72 c 24
 863.254 -89.1992 905.46 -88.4697 978 -99 c 25
 939.39 -123.57 917.766 -137.676 879 -162 c 24
 858.094 -175.118 849.503 -197.957 825 -195 c 24
 774.05 -188.851 747.618 -169.592 705 -141 c 24
 654.086 -106.843 626.976 -83.3276 588 -36 c 24
 544.243 17.1328 530.3 54.9102 495 114 c 24
 476.467 145.023 467.55 163.41 450 195 c 25
714 157 m 25
 471 157 l 25
 471 207 l 25
 729 207 l 25
 750.06 221.04 759.301 251.887 783 243 c 24
 821.154 228.692 836.782 200.874 849 162 c 24
 853.771 146.818 828.87 147.36 816 138 c 25
 765.69 95.8799 738.075 71.1896 687 30 c 24
 629.248 -16.5742 599.289 -46.6953 537 -87 c 24
 479.445 -124.241 446.229 -146.916 381 -168 c 24
 328.38 -185.009 294.99 -177.15 240 -183 c 25
 298.5 -152.58 334.288 -140.267 390 -105 c 24
 462.173 -59.3125 500.581 -29.7091 567 24 c 24
 627.117 72.6133 656.67 105.13 714 157 c 25
489 315 m 25
 522.93 292.77 553.224 291.565 576 258 c 24
 584.839 244.975 556.625 242.613 546 231 c 24
 506.252 187.555 487.914 159.35 447 117 c 24
 421.075 90.166 405.898 74.9159 375 54 c 24
 329.452 23.167 299.97 11.9102 252 -15 c 25
 296.46 37.6504 324.351 65.0997 366 120 c 24
 401.694 167.052 418.492 196.048 450 246 c 24
 466.491 272.145 473.79 288.09 489 315 c 25
639 303 m 9
 639 474 l 25
 729 474 l 25
 729 381 l 17
 729 361.562 730.096 342.795 759 339 c 9
 816 339 l 25
 834.72 347.19 850.658 344.523 864 360 c 24
 882.158 381.064 880.47 400.26 891 426 c 25
 896.85 394.41 892.492 374.149 906 345 c 24
 915.74 323.982 948.89 326.147 948 303 c 24
 947.137 280.542 920.55 281.04 903 267 c 25
 696 267 l 17
 668.057 263.008 649.057 275.008 639 303 c 9
447 474 m 25
 543 474 l 25
 534.81 443.58 539.058 422.485 522 396 c 24
 493.315 351.464 471.451 328.689 429 297 c 24
 387.07 265.7 355.8 260.4 309 237 c 25
 351.12 290.82 382.611 315.94 417 375 c 24
 437.301 409.864 435.3 435.39 447 474 c 25
546 471 m 25
 546 777 l 25
 589 757 625 761 657 726 c 24
 671 711 644 697 636 678 c 25
 636 471 l 25
 546 471 l 25
315 495 m 25
 789 495 l 25
 818 523 827 555 852 564 c 1
 878 560 920 507 951 474 c 1
 959 456 942 445 924 445 c 9
 315 445 l 25
 315 495 l 25
345 648 m 25
 753 648 l 25
 753 648 776 684 801 693 c 1
 827 689 815 660 846 627 c 1
 854 609 837 598 819 598 c 9
 345 598 l 25
 345 648 l 25
30 174 m 25
 111 186 l 25
 134.4 232.8 147.6 259.2 171 306 c 24
 199.08 362.16 216.233 393.202 243 450 c 24
 264.22 495.027 274.11 521.37 294 567 c 25
 272.94 460.53 265.633 399.463 240 294 c 24
 224.619 230.721 189 135 189 135 c 1
 189 135 229.627 35.7012 225 -30 c 24
 223.081 -57.2461 201.22 -75.7317 174 -78 c 24
 147.157 -80.2373 125.291 -64.6278 117 -39 c 24
 97.1621 22.3164 111.51 61.6504 108 126 c 25
 30 174 l 25
90 708 m 25
 139.14 690.45 173.587 693.396 216 663 c 24
 247.655 640.313 264.141 617.502 270 579 c 24
 273.713 554.6 260.793 531.564 237 525 c 24
 213.775 518.594 198.635 536.67 183 555 c 24
 162.955 578.501 166.044 600.605 150 627 c 24
 129.58 660.594 113.4 676.41 90 708 c 25
EndSplineSet
EndChar
