Width: 1000
Flags: HW
LayerCount: 2
Fore
SplineSet
455 384 m 25
 455 800 l 25
 498 780 534 784 566 749 c 24
 580 734 553 720 545 701 c 25
 545 384 l 25
 455 384 l 25
351 183 m 1
 558 183 l 25
 558 183 580 214 604 223 c 1
 623 216 647 188 666 162 c 1
 674 144 658 133 640 133 c 9
 351 133 l 25
 351 183 l 1
348 60 m 1
 555 60 l 25
 555 60 577 91 601 100 c 1
 620 93 644 65 663 39 c 1
 671 21 655 10 637 10 c 9
 348 10 l 25
 348 60 l 1
202 411 m 1
 796 411 l 1
 796 361 l 1
 202 361 l 1
 202 411 l 1
208 535 m 1
 784 535 l 1
 784 485 l 1
 208 485 l 1
 208 535 l 1
675 -96 m 9
 675 261 l 25
 279 261 l 25
 279 311 l 25
 675 311 l 25
 691 324 697 349 717 344 c 24
 752 334 769 313 786 281 c 24
 793 268 773 263 765 251 c 25
 765 -114 l 17
 757 -143 739 -181 702 -189 c 24
 673 -195 667 -158 642 -141 c 24
 614 -122 596 -114 567 -96 c 25
 675 -96 l 9
252 338 m 25
 295 318 331 322 363 287 c 24
 377 272 350 258 342 239 c 25
 342 -135 l 17
 334 -164 328 -186 297 -189 c 1
 273 -187 262 -163 252 -135 c 9
 252 338 l 25
205 658 m 25
 745 658 l 25
 761 671 767 696 787 691 c 24
 822 681 839 660 856 628 c 24
 863 615 843 610 835 598 c 25
 835 398 l 17
 827 369 821 347 790 344 c 1
 766 346 755 370 745 398 c 9
 745 608 l 25
 205 608 l 25
 205 658 l 25
166 685 m 25
 209 665 245 669 277 634 c 24
 291 619 264 605 256 586 c 25
 256 389 l 17
 248 360 242 338 211 335 c 1
 187 337 176 361 166 389 c 9
 166 685 l 25
EndSplineSet
EndChar
