Width: 1000
Flags: H
TeX: 117 0
LayerCount: 2
Fore
SplineSet
708 72 m 25
 757 44 789 34 834 0 c 24
 868 -25 892 -39 909 -78 c 24
 919 -101 919 -129 897 -141 c 24
 874 -154 855 -135 834 -120 c 24
 798 -94 786 -71 756 -39 c 24
 733 -14 721 1 699 27 c 25
 708 72 l 25
717 172 m 25
 751 157 777 159 804 133 c 24
 813 124 793 117 786 106 c 25
 764 65 758 37 729 0 c 24
 688 -51 663 -80 609 -117 c 24
 574 -141 558 -141 507 -153 c 9
 547 -111 573 -91 609 -45 c 24
 639 -6 653 19 675 63 c 24
 695 104 701 129 717 172 c 25
453 87 m 25
 490 64 518 59 549 27 c 24
 572 4 584 -16 585 -48 c 24
 586 -67 571 -83 552 -84 c 24
 527 -85 516 -68 498 -51 c 24
 479 -34 474 -20 459 0 c 24
 447 17 441 27 429 45 c 25
 453 87 l 25
435 186 m 25
 469 166 495 164 522 135 c 24
 530 126 511 120 504 111 c 25
 474 60 460 29 426 -21 c 24
 406 -51 393 -69 366 -93 c 24
 337 -119 315 -128 282 -150 c 25
 315 -92 336 -60 366 0 c 24
 385 38 393 62 408 102 c 24
 420 134 424 153 435 186 c 25
657 204 m 1
 831 204 l 1
 831 154 l 1
 657 154 l 1
 657 204 l 1
663 369 m 25
 786 369 l 25
 802 382 808 407 828 402 c 24
 863 392 880 371 897 339 c 24
 904 326 884 321 876 309 c 25
 876 184 l 17
 868 155 862 133 831 130 c 1
 807 132 796 156 786 184 c 9
 786 319 l 25
 663 319 l 25
 663 369 l 25
621 396 m 25
 664 376 700 380 732 345 c 24
 746 330 719 316 711 297 c 25
 711 187 l 17
 703 158 697 136 666 133 c 1
 642 135 631 159 621 187 c 9
 621 396 l 25
369 214 m 1
 552 214 l 1
 552 164 l 1
 369 164 l 1
 369 214 l 1
366 375 m 25
 507 375 l 25
 523 388 529 413 549 408 c 24
 584 398 601 377 618 345 c 24
 625 332 605 327 597 315 c 25
 597 189 l 17
 589 160 583 138 552 135 c 1
 528 137 517 161 507 189 c 9
 507 325 l 25
 366 325 l 25
 366 375 l 25
339 396 m 25
 382 376 418 380 450 345 c 24
 464 330 437 316 429 297 c 25
 429 192 l 17
 421 163 415 141 384 138 c 1
 360 140 349 164 339 192 c 9
 339 396 l 25
450 498 m 25
 654 498 l 25
 654 498 676 529 700 538 c 1
 719 531 743 503 762 477 c 1
 770 459 754 448 736 448 c 9
 450 448 l 25
 450 498 l 25
579 675 m 25
 612 717 l 25
 644 689 660 671 693 645 c 24
 736 611 761 592 807 561 c 24
 850 531 875 515 921 489 c 24
 945 475 959 471 984 459 c 25
 965 445 953 440 936 423 c 24
 924 411 928 381 912 387 c 24
 857 408 838 440 792 477 c 24
 756 506 736 523 702 555 c 24
 653 601 627 628 579 675 c 25
555 768 m 25
 592 739 621 730 651 693 c 24
 658 685 636 686 627 681 c 25
 586 638 563 613 522 570 c 24
 485 531 470 502 426 471 c 24
 378 437 351 420 291 405 c 9
 325 445 345 466 378 507 c 24
 420 560 445 589 483 645 c 24
 514 691 527 720 555 768 c 25
177 495 m 25
 220 475 256 479 288 444 c 24
 302 429 275 415 267 396 c 25
 267 -111 l 17
 259 -140 253 -162 222 -165 c 1
 198 -163 187 -139 177 -111 c 9
 177 495 l 25
225 747 m 25
 271 725 303 722 342 690 c 24
 351 682 333 674 327 663 c 25
 297 602 278 569 249 507 c 24
 224 454 218 420 189 369 c 24
 162 321 147 293 108 255 c 24
 83 231 60 229 30 213 c 25
 56 261 74 286 96 336 c 24
 128 411 142 456 168 534 c 24
 185 584 193 612 207 663 c 24
 216 695 218 714 225 747 c 25
EndSplineSet
EndChar
