Width: 1000
Flags: HW
LayerCount: 2
Fore
SplineSet
456 483 m 26
 456 795 l 25
 456 795 535 779 567 744 c 24
 581 729 554 715 546 696 c 25
 546 504 l 26
 546 442 545 405 524 347 c 24
 502 286 482 252 438 204 c 24
 398 161 368 142 315 117 c 24
 272 96 235 91 195 87 c 1
 236 111 257 124 291 156 c 24
 336 199 360 225 396 276 c 24
 418 307 429 327 440 364 c 24
 453 409 456 436 456 483 c 26
510 432 m 9
 510 432 563 359 603 318 c 24
 638 282 661 266 702 237 c 24
 735 213 792 183 792 183 c 25
 792 183 748 161 722 144 c 24
 709 135 711 112 693 117 c 0
 662 125 639 148 612 177 c 24
 572 219 555 249 522 297 c 24
 504 324 480 369 480 369 c 17
 510 432 l 9
768 -57 m 25
 768 559 l 25
 147 559 l 25
 147 609 l 25
 768 609 l 25
 784 622 790 647 810 642 c 24
 845 632 862 611 879 579 c 24
 886 566 866 561 858 549 c 25
 858 -72 l 18
 858 -108 833 -153 789 -171 c 24
 764 -181 763 -137 741 -120 c 24
 704 -92 679 -82 639 -57 c 25
 768 -57 l 25
126 639 m 25
 126 639 205 623 237 588 c 24
 251 573 224 559 216 540 c 25
 216 -126 l 17
 208 -155 202 -177 171 -180 c 1
 147 -178 136 -154 126 -126 c 9
 126 639 l 25
EndSplineSet
EndChar
