Width: 1000
Flags: HW
LayerCount: 2
Fore
SplineSet
78 132 m 25
 156 156 l 25
 178 212 191 244 213 300 c 24
 232 348 240 376 261 423 c 24
 287 482 300 519 333 573 c 9
 319 503 313 463 297 393 c 24
 281 321 270 281 252 210 c 24
 243 173 228 114 228 114 c 1
 228 114 255 15 249 -48 c 24
 246 -82 237 -115 204 -123 c 24
 174 -130 153 -101 144 -72 c 24
 127 -12 143 25 143 87 c 25
 78 132 l 25
96 711 m 25
 137 693 165 692 201 666 c 24
 231 644 252 627 261 591 c 24
 267 565 258 539 234 528 c 24
 211 518 192 534 174 552 c 24
 151 575 150 597 135 627 c 24
 119 659 111 678 96 711 c 25
420 -60 m 1
 861 -60 l 1
 861 -110 l 1
 420 -110 l 1
 420 -60 l 1
525 90 m 1
 729 90 l 1
 729 40 l 1
 525 40 l 1
 525 90 l 1
525 300 m 25
 684 300 l 25
 700 313 706 338 726 333 c 24
 761 323 778 302 795 270 c 24
 802 257 782 252 774 240 c 25
 774 78 l 17
 766 49 760 27 729 24 c 1
 705 26 694 50 684 78 c 9
 684 250 l 25
 525 250 l 25
 525 300 l 25
480 330 m 25
 523 310 559 314 591 279 c 24
 605 264 578 250 570 231 c 25
 570 39 l 17
 562 10 556 -12 525 -15 c 1
 501 -13 490 11 480 39 c 9
 480 330 l 25
573 285 m 25
 573 684 l 25
 616 664 652 668 684 633 c 24
 698 618 671 604 663 585 c 25
 663 285 l 25
 573 285 l 25
447 507 m 25
 717 507 l 25
 717 507 739 538 763 547 c 1
 782 540 806 512 825 486 c 1
 833 468 817 457 799 457 c 9
 447 457 l 25
 447 507 l 25
420 711 m 25
 810 711 l 25
 826 724 832 749 852 744 c 24
 887 734 904 713 921 681 c 24
 928 668 908 663 900 651 c 25
 900 -105 l 17
 892 -134 886 -156 855 -159 c 1
 831 -157 820 -133 810 -105 c 9
 810 661 l 25
 420 661 l 25
 420 711 l 25
363 744 m 25
 406 724 442 728 474 693 c 24
 488 678 461 664 453 645 c 25
 453 -108 l 17
 445 -137 439 -159 408 -162 c 1
 384 -160 373 -136 363 -108 c 9
 363 744 l 25
EndSplineSet
EndChar
