Width: 1000
Flags: H
TeX: 117 0
LayerCount: 2
Fore
SplineSet
888 -125 m 9
 582 -125 l 17
 554 -120 530 -102 525 -77 c 9
 525 468 l 25
 615 468 l 25
 615 -9 l 17
 615 -30 635 -44 651 -45 c 9
 819 -45 l 25
 831 -16 838 1 849 30 c 24
 863 66 869 87 882 123 c 25
 888 64 885 22 897 -29 c 0
 902 -50 939 -59 936 -86 c 24
 934 -110 915 -116 888 -125 c 9
318 177 m 1
 318 444 l 9
 408 444 l 25
 408 174 l 17
 402 99 378 52 333 -12 c 24
 293 -68 257 -90 198 -126 c 24
 160 -149 138 -153 90 -159 c 9
 127 -125 153 -110 186 -72 c 24
 231 -21 259 8 291 69 c 24
 311 107 315 135 318 177 c 1
678 636 m 17
 735 600 768 580 810 528 c 24
 836 495 849 468 846 426 c 24
 844 401 826 384 801 381 c 24
 778 378 766 395 753 414 c 24
 736 440 739 460 729 489 c 24
 710 546 698 579 678 636 c 17
114 508 m 25
 765 510 l 17
 783 453 l 9
 665 441 598 434 480 423 c 24
 375 413 315 410 210 399 c 24
 192 397 177 377 165 390 c 24
 132 428 134 462 114 508 c 25
351 462 m 25
 294 468 l 25
 334 545 358 588 396 666 c 24
 418 711 427 737 447 783 c 25
 487 763 519 765 549 732 c 24
 560 720 534 712 525 699 c 24
 457 607 419 554 351 462 c 25
EndSplineSet
EndChar
