Width: 1000
Flags: H
TeX: 117 0
LayerCount: 2
Fore
SplineSet
492 417 m 25
 825 417 l 25
 825 417 847 448 871 457 c 1
 890 450 914 422 933 396 c 1
 941 378 925 367 907 367 c 9
 492 367 l 25
 492 417 l 25
48 372 m 25
 450 372 l 25
 450 372 472 403 496 412 c 1
 515 405 539 377 558 351 c 1
 566 333 550 322 532 322 c 9
 48 322 l 25
 48 372 l 25
492 318 m 25
 527 297 553 293 582 264 c 24
 605 242 618 224 621 192 c 24
 623 171 614 153 594 144 c 24
 576 136 558 144 546 159 c 24
 526 184 529 207 519 237 c 24
 508 269 503 286 492 318 c 25
687 75 m 25
 687 612 l 25
 730 592 766 596 798 561 c 24
 812 546 785 532 777 513 c 25
 777 57 l 17
 777 33 761 -17 723 -27 c 24
 693 -35 690 8 666 27 c 24
 641 48 624 56 597 75 c 25
 687 75 l 25
894 -128 m 9
 387 -128 l 17
 359 -123 335 -105 330 -80 c 9
 330 345 l 25
 420 345 l 25
 420 -12 l 17
 420 -33 440 -47 456 -48 c 9
 828 -48 l 25
 837 -15 843 4 852 37 c 24
 860 66 865 83 873 112 c 25
 887 51 889 15 909 -45 c 24
 915 -64 943 -67 939 -86 c 24
 935 -110 915 -122 894 -128 c 9
171 90 m 1
 171 354 l 25
 261 354 l 25
 261 78 l 17
 252 15 242 -9 210 -54 c 24
 184 -91 156 -103 117 -126 c 24
 92 -141 75 -141 48 -150 c 25
 84 -102 114 -81 141 -27 c 24
 162 15 169 51 171 90 c 1
135 522 m 25
 399 522 l 25
 399 522 421 553 445 562 c 1
 464 555 488 527 507 501 c 1
 515 483 499 472 481 472 c 9
 135 472 l 25
 135 522 l 25
795 646 m 25
 162 646 l 25
 162 696 l 25
 801 696 l 25
 819 705 828 729 846 720 c 24
 886 700 905 677 924 636 c 24
 930 623 906 623 894 615 c 25
 795 558 l 25
 795 646 l 25
180 741 m 25
 184 711 190 694 189 663 c 24
 188 631 186 612 174 582 c 24
 164 557 157 540 135 525 c 24
 114 511 92 498 72 513 c 24
 49 530 48 558 57 585 c 24
 70 625 97 636 123 669 c 24
 145 697 158 713 180 741 c 25
EndSplineSet
EndChar
