Width: 1000
Flags: H
TeX: 117 0
LayerCount: 2
Fore
SplineSet
912 -138 m 1
 621 -138 l 17
 593 -133 569 -115 564 -90 c 9
 564 384 l 25
 654 384 l 25
 654 -22 l 17
 654 -43 674 -57 690 -58 c 9
 837 -58 l 25
 850 -20 857 1 870 39 c 24
 884 78 892 99 906 138 c 25
 911 65 903 23 918 -48 c 24
 923 -73 958 -76 956 -101 c 24
 955 -123 939 -132 912 -138 c 1
363 171 m 9
 363 384 l 25
 453 384 l 25
 453 174 l 17
 453 129 440 93 417 48 c 24
 393 1 374 -26 333 -60 c 24
 288 -98 263 -117 201 -135 c 0
 150 -150 84 -159 21 -156 c 1
 94 -131 119 -122 174 -87 c 24
 229 -52 262 -31 300 21 c 24
 337 72 354 108 363 171 c 9
708 705 m 25
 747 679 777 675 807 639 c 24
 815 629 792 625 783 615 c 24
 753 584 741 562 708 534 c 24
 670 502 657 483 603 462 c 9
 626 508 643 532 663 579 c 24
 684 627 690 656 708 705 c 25
225 690 m 25
 278 656 316 647 360 603 c 24
 385 578 398 555 396 519 c 24
 395 494 379 474 354 471 c 24
 329 468 314 486 300 507 c 24
 277 540 279 566 264 603 c 24
 250 637 240 656 225 690 c 25
465 381 m 25
 465 792 l 25
 508 772 544 776 576 741 c 24
 590 726 563 712 555 693 c 25
 555 381 l 25
 465 381 l 25
57 414 m 25
 816 414 l 25
 816 414 854 474 879 483 c 1
 905 479 947 426 978 393 c 1
 986 375 969 364 951 364 c 9
 57 364 l 25
 57 414 l 25
EndSplineSet
EndChar
