Width: 1000
Flags: H
TeX: 117 0
LayerCount: 2
Fore
SplineSet
606 -45 m 25
 606 445 l 25
 360 445 l 25
 360 495 l 25
 606 495 l 25
 622.38 507.87 627.891 533.435 648 528 c 24
 683.178 518.492 700.287 497.381 717 465 c 24
 723.55 452.309 704.19 446.7 696 435 c 25
 696 36 l 1
 707 16 741 0 741 0 c 25
 831 0 l 25
 918 126 l 25
 906.3 71.0098 882.67 40.9678 888 -15 c 24
 890.51 -41.3545 929.788 -37.2647 936 -63 c 24
 940.341 -80.9824 919.53 -86.79 909 -102 c 25
 642 -102 l 1
 612 -95 606 -45 606 -45 c 25
321 141 m 25
 321 522 l 25
 364.29 502.11 399.953 506.251 432 471 c 24
 445.745 455.881 419.19 441.72 411 423 c 25
 411 93 l 25
 384.09 47.3701 378.868 14.0391 342 -24 c 24
 303.152 -64.0811 272.752 -78.7646 222 -102 c 24
 174.509 -123.743 143.31 -123.96 93 -138 c 25
 144.48 -93.54 177.625 -72.8105 225 -24 c 24
 255.315 7.2334 269.11 28.3779 291 66 c 24
 306.843 93.2295 309.3 111.75 321 141 c 25
810 616 m 25
 219 616 l 25
 219 666 l 25
 807 666 l 25
 828.06 680.04 837.322 710.945 861 702 c 24
 904.368 685.616 925.146 658.188 942 615 c 24
 948.924 597.257 921.87 593.04 909 579 c 25
 801 507 l 25
 810 616 l 25
219 750 m 25
 236.55 704.37 258.526 681.581 264 633 c 24
 268.291 594.916 261.789 570.403 243 537 c 24
 228.309 510.882 212.967 489 183 489 c 24
 153.033 489 125.981 507.182 123 537 c 24
 119.642 570.58 157.133 578.232 171 609 c 24
 194.869 661.959 200.28 695.01 219 750 c 25
EndSplineSet
EndChar
