Width: 1000
Flags: HW
LayerCount: 2
Fore
SplineSet
270 235 m 1
 729 235 l 1
 729 185 l 1
 270 185 l 1
 270 235 l 1
282 101 m 1
 747 101 l 1
 747 51 l 1
 282 51 l 1
 282 101 l 1
276 -50 m 1
 747 -50 l 1
 747 -100 l 1
 276 -100 l 1
 276 -50 l 1
168 490 m 1
 801 490 l 1
 801 440 l 1
 168 440 l 1
 168 490 l 1
174 611 m 1
 789 611 l 1
 789 561 l 1
 174 561 l 1
 174 611 l 1
255 360 m 25
 687 360 l 25
 703 373 709 398 729 393 c 24
 764 383 781 362 798 330 c 24
 805 317 785 312 777 300 c 25
 777 -102 l 17
 769 -131 763 -153 732 -156 c 1
 708 -154 697 -130 687 -102 c 9
 687 310 l 25
 255 310 l 25
 255 360 l 25
228 387 m 25
 271 367 307 371 339 336 c 24
 353 321 326 307 318 288 c 25
 318 -111 l 17
 310 -140 304 -162 273 -165 c 1
 249 -163 238 -139 228 -111 c 9
 228 387 l 25
147 735 m 25
 750 735 l 25
 766.38 747.87 771.891 773.435 792 768 c 24
 827.178 758.492 844.287 737.381 861 705 c 24
 867.55 692.309 848.19 686.7 840 675 c 25
 840 447 l 17
 832 418 826 396 795 393 c 1
 771 395 760 419 750 447 c 9
 750 685 l 25
 147 685 l 25
 147 735 l 25
132 762 m 25
 175.29 742.11 210.953 746.251 243 711 c 24
 256.745 695.881 230.19 681.72 222 663 c 25
 222 438 l 17
 214 409 208 387 177 384 c 1
 153 386 142 410 132 438 c 9
 132 762 l 25
EndSplineSet
EndChar
