Width: 1000
Flags: H
TeX: 117 0
LayerCount: 2
Fore
SplineSet
678 147 m 24
 655.217 195.364 645.06 223.86 624 273 c 25
 624 489 l 25
 656.76 405.93 673.207 358.239 708 276 c 24
 737.579 206.085 749.667 163.931 789 99 c 24
 823.935 41.3311 850.54 12.8633 897 -36 c 24
 918.931 -59.0654 937.26 -65.2803 963 -84 c 25
 938.43 -106.23 925.947 -120.395 900 -141 c 24
 886.015 -152.106 877.064 -172.803 861 -165 c 24
 825.952 -147.977 814.713 -123.608 795 -90 c 24
 742.849 -1.08594 721.928 53.749 678 147 c 24
828 546 m 25
 861.93 501.54 891.004 482.519 915 432 c 24
 920.119 421.223 896.289 429.862 885 426 c 16
 801 393 l 0
 684 369 l 9
 719.1 407.61 741.07 427.523 774 468 c 24
 797.35 496.7 806.94 515.58 828 546 c 25
585 351 m 25
 585 780 l 25
 628.29 760.11 663.953 764.251 696 729 c 24
 709.745 713.881 683.19 699.72 675 681 c 25
 675 339 l 25
 655.11 260.61 655.57 212.458 624 138 c 24
 592.822 64.4678 567.403 25.1289 516 -36 c 24
 479.543 -79.3545 451.618 -98.6738 402 -126 c 24
 369.188 -144.07 345.27 -140.64 309 -150 c 25
 363.99 -97.3496 405.287 -76.6172 450 -15 c 24
 502.554 57.4209 524.034 105.049 555 189 c 24
 577.236 249.284 573.3 287.82 585 351 c 25
477 531 m 25
 492.21 485.37 510.034 461.727 516 414 c 24
 520.824 375.408 524.741 347.9 504 315 c 24
 486.418 287.111 461.955 275.085 429 276 c 24
 408.177 276.578 394.55 297.22 396 318 c 24
 398.622 355.586 424.607 369.783 438 405 c 24
 456.284 453.081 461.79 481.86 477 531 c 25
279 465 m 25
 333 348 l 25
 307.26 309.39 298.161 283.385 267 249 c 24
 229.674 207.812 205.249 186.833 159 156 c 24
 134.047 139.365 115.08 139.53 87 129 c 25
 129.12 188.67 154.315 221.343 195 282 c 24
 218.696 317.329 234.254 336.338 252 375 c 24
 267.287 408.305 268.47 429.9 279 465 c 25
327 738 m 25
 360.93 708.75 390.952 701.413 414 663 c 24
 421.709 650.152 400.711 643.478 390 633 c 24
 346.792 590.731 321.638 567.633 276 528 c 24
 232.678 490.378 210.108 466.271 162 435 c 24
 139.036 420.073 121.74 420.36 96 411 c 25
 135.78 462.48 160.463 489.862 198 543 c 24
 250.611 617.477 276.69 661.95 327 738 c 25
150 687 m 25
 188.61 648.39 220.495 634.571 249 588 c 24
 304.756 496.905 336.196 442.386 363 339 c 24
 386.227 249.413 381.787 194.299 375 102 c 24
 369.964 33.5127 361.469 -6.50684 333 -69 c 24
 312.318 -114.397 299.103 -151.568 252 -168 c 24
 225.395 -177.281 223.925 -133.925 204 -114 c 24
 184.075 -94.0752 171.06 -84.7197 150 -66 c 25
 216 -66 l 25
 234.72 -40.2598 252.18 -29.5508 264 0 c 24
 285.499 53.748 297.085 86.1846 300 144 c 24
 304.198 227.261 297.766 275.139 282 357 c 24
 267.163 434.035 251.136 476.16 222 549 c 24
 199.455 605.363 178.08 633.18 150 687 c 25
EndSplineSet
EndChar
