Width: 1000
Flags: H
TeX: 117 0
LayerCount: 2
Fore
SplineSet
444 -51 m 25
 444 459 l 25
 534 459 l 25
 534 -96 l 17
 528 -138 507 -165 468 -168 c 9
 447 -145 439 -127 414 -108 c 24
 376 -80 350 -73 309 -51 c 25
 444 -51 l 25
147 137 m 25
 750 137 l 25
 750 87 l 25
 147 87 l 25
 147 137 l 25
114 315 m 25
 810 315 l 25
 810 315 848 375 873 384 c 1
 899 380 941 327 972 294 c 1
 980 276 963 265 945 265 c 9
 114 265 l 25
 114 315 l 25
222 480 m 25
 684 480 l 25
 700.38 492.87 705.891 518.435 726 513 c 24
 761.178 503.492 778.287 482.381 795 450 c 24
 801.55 437.309 782.19 431.7 774 420 c 25
 774 114 l 17
 766 85 760 63 729 60 c 1
 705 62 694 86 684 114 c 9
 684 430 l 25
 222 430 l 25
 222 480 l 25
468 693 m 25
 501 660 529 649 552 609 c 24
 571 576 581 549 570 513 c 24
 563 488 538 476 513 480 c 24
 486 484 471 502 462 528 c 24
 452 557 470 576 468 606 c 24
 466 633 459 648 453 675 c 25
 468 693 l 25
699 693 m 25
 748.14 674.28 781.921 675.155 825 645 c 24
 866.482 615.963 894.366 594.475 909 546 c 24
 916.887 519.876 898.889 494.63 873 486 c 24
 847.641 477.547 830.058 495.33 810 513 c 24
 779.272 540.069 772.581 565.024 747 597 c 24
 725.754 623.558 713.286 638.211 690 663 c 24
 676.96 676.882 668.04 683.13 654 696 c 25
 699 693 l 25
732 795 m 25
 755 773 770 762 792 738 c 24
 806 723 822 716 822 696 c 24
 822 684 792 690 792 690 c 1
 792 690 538 671 375 657 c 24
 316 652 284 648 225 642 c 25
 231 675 l 25
 322 695 374 705 465 726 c 24
 539 743 581 752 654 771 c 24
 685 779 702 786 732 795 c 25
210 723 m 25
 251 700 284 699 315 663 c 24
 325 651 291 652 282 639 c 24
 255 602 249 575 222 537 c 24
 194 497 176 475 141 441 c 24
 119 419 101 414 75 396 c 25
 96 444 109 471 129 519 c 24
 153 577 166 610 189 669 c 24
 197 690 202 702 210 723 c 25
EndSplineSet
EndChar
