Width: 1000
Flags: HW
LayerCount: 2
Fore
SplineSet
765 552 m 1
 765 552 836 539 864 507 c 24
 877 493 853 480 846 462 c 25
 825 426 819 401 792 369 c 24
 758 328 744 300 693 276 c 9
 714 344 729 381 747 450 c 24
 757 489 765 552 765 552 c 1
372 528 m 1
 420 514 437 508 468 480 c 24
 504 448 526 425 540 378 c 24
 548 353 542 326 518 314 c 0
 498 304 483 315 471 330 c 24
 452 353 457 375 444 402 c 24
 419 453 406 478 372 528 c 1
357 276 m 25
 835 276 l 25
 864 304 873 336 898 345 c 1
 924 341 966 288 997 255 c 1
 1005 237 988 226 970 226 c 9
 357 226 l 25
 357 276 l 25
663 264 m 25
 689 216 696 185 729 141 c 24
 780 73 812 36 876 -21 c 24
 919 -60 952 -70 1000 -102 c 25
 967 -115 945 -116 915 -135 c 24
 902 -143 909 -171 894 -168 c 24
 861 -161 848 -141 825 -117 c 24
 780 -70 755 -42 720 12 c 24
 679 75 665 116 630 183 c 25
 663 264 l 25
573 258 m 26
 573 789 l 25
 573 789 652 773 684 738 c 24
 698 723 671 709 663 690 c 25
 663 264 l 26
 663 169 640 113 594 30 c 24
 554 -42 517 -77 449 -122 c 24
 398 -156 366 -162 297 -165 c 1
 360 -126 384 -108 429 -60 c 24
 478 -7 504 27 534 93 c 24
 561 153 573 192 573 258 c 26
375 624 m 25
 780 624 l 25
 809 652 818 684 843 693 c 1
 869 689 911 636 942 603 c 1
 950 585 933 574 915 574 c 9
 375 574 l 25
 375 624 l 25
321 405 m 25
 348 306 l 25
 315 262 302 232 264 192 c 24
 224 151 199 129 150 99 c 24
 109 74 84 60 36 54 c 1
 93 102 113 123 157 171 c 24
 193 211 212 235 243 279 c 24
 276 326 291 356 321 405 c 25
279 708 m 1
 279 708 343 687 363 654 c 24
 373 637 348 627 339 609 c 25
 312 573 299 550 270 516 c 24
 220 457 193 421 135 369 c 24
 108 345 105 342 54 324 c 9
 89 377 110 406 144 459 c 24
 175 507 192 535 219 585 c 24
 244 632 279 708 279 708 c 1
87 717 m 1
 159 684 196 658 243 597 c 24
 302 522 325 470 351 378 c 24
 378 283 379 225 377 126 c 24
 375 53 373 8 340 -57 c 24
 312 -111 276 -162 228 -165 c 0
 204 -166 203 -137 186 -120 c 24
 161 -96 146 -83 120 -60 c 25
 210 -60 l 26
 251 -60 268 -21 279 18 c 0
 294 72 294 109 294 168 c 24
 294 243 293 286 279 360 c 24
 270 407 253 430 234 474 c 24
 214 521 207 550 180 594 c 24
 149 645 129 669 87 717 c 1
EndSplineSet
EndChar
