Width: 1000
Flags: H
TeX: 117 0
LayerCount: 2
Fore
SplineSet
627 636 m 1
 717 636 l 1
 717 321 l 1
 627 321 l 1
 627 636 l 1
417 103 m 25
 838 103 l 25
 867 131 876 163 901 172 c 1
 927 168 969 115 1000 82 c 1
 1008 64 991 53 973 53 c 9
 417 53 l 25
 417 103 l 25
669 312 m 17
 717.447 289.073 750.141 294.851 780 261 c 9
 759 213 l 25
 759 -135 l 17
 751 -164 745 -186 714 -189 c 1
 690 -187 679 -163 669 -135 c 9
 669 312 l 17
555 312 m 25
 587.76 293.28 617.579 295.06 639 264 c 24
 649.14 249.298 625.444 239.487 615 225 c 24
 589.135 189.123 578.246 165.272 546 135 c 24
 519.959 110.553 498.42 105.72 468 87 c 25
 493.74 143.16 511.72 173.38 534 231 c 24
 545.77 261.438 546.81 280.41 555 312 c 25
468 340 m 1
 867 340 l 1
 867 290 l 1
 468 290 l 1
 468 340 l 1
486 508 m 1
 870 508 l 1
 870 458 l 1
 486 458 l 1
 486 508 l 1
477 663 m 25
 819 663 l 25
 835.38 675.87 840.891 701.435 861 696 c 24
 896.178 686.492 913.287 665.381 930 633 c 24
 936.55 620.309 917.19 614.7 909 603 c 25
 909 315 l 17
 901 286 895 264 864 261 c 1
 840 263 829 287 819 315 c 9
 819 613 l 25
 477 613 l 25
 477 663 l 25
429 702 m 25
 472.29 682.11 507.953 686.251 540 651 c 24
 553.745 635.881 527.19 621.72 519 603 c 25
 519 300 l 17
 511 271 505 249 474 246 c 1
 450 248 439 272 429 300 c 9
 429 702 l 25
597 795 m 25
 638 776 669 778 702 747 c 24
 713 737 691 727 684 714 c 24
 663 678 651 657 630 621 c 25
 573 621 l 25
 578 647 581 661 585 687 c 24
 591 729 592 753 597 795 c 25
153 243 m 25
 303 243 l 25
 319 256 325 281 345 276 c 24
 380 266 397 245 414 213 c 24
 421 200 401 195 393 183 c 25
 393 -135 l 17
 385 -164 379 -186 348 -189 c 1
 324 -187 313 -163 303 -135 c 9
 303 193 l 25
 153 193 l 25
 153 243 l 25
144 448 m 1
 327 448 l 25
 327 448 350 484 375 493 c 1
 401 489 389 460 420 427 c 1
 428 409 411 398 393 398 c 9
 144 398 l 25
 144 448 l 1
276 417 m 9
 276 762 l 25
 319 742 355 746 387 711 c 24
 401 696 374 682 366 663 c 25
 366 417 l 17
 276 417 l 9
105 69 m 25
 105 732 l 25
 148.29 712.11 183.953 716.251 216 681 c 24
 229.745 665.881 203.19 651.72 195 633 c 25
 195 57 l 17
 183 0 173.93 -33.505 141 -81 c 24
 111.209 -123.968 78.7803 -134.07 39 -168 c 25
 56.5498 -125.88 71.7588 -103.957 84 -60 c 24
 97.6748 -10.8965 96.8096 18.6904 105 69 c 25
EndSplineSet
EndChar
