Width: 1000
Flags: H
TeX: 117 0
LayerCount: 2
Fore
SplineSet
495 375 m 25
 526.59 329.37 543.134 302.72 576 258 c 24
 614.528 205.576 631.294 171.29 678 126 c 24
 747.917 58.2012 789.627 20.3386 873 -30 c 24
 915.788 -55.834 948.03 -51.96 996 -66 c 25
 963.24 -83.5498 942.057 -89.1406 912 -111 c 24
 889.91 -127.065 890.384 -169.067 864 -162 c 24
 806.107 -146.493 785.506 -109.235 744 -66 c 24
 672.623 8.35059 634.423 53.0919 576 138 c 24
 546.03 181.556 536.099 210.971 519 261 c 24
 504.307 303.993 504.36 330.54 495 375 c 25
726 390 m 25
 765.78 365.43 799.064 363.726 828 327 c 24
 838.442 313.746 812.26 305.714 804 291 c 24
 774.789 238.969 762.622 207.213 732 156 c 24
 694.695 93.6113 678.151 54.4559 630 0 c 24
 578.891 -57.8027 547.11 -90.9278 480 -129 c 24
 422.686 -161.515 381.18 -158.28 318 -177 c 25
 374.16 -133.71 413.149 -117.396 462 -66 c 24
 526.484 1.84277 556.064 46.8333 606 126 c 24
 652.342 199.47 672.055 244.922 708 324 c 24
 719.04 348.289 718.98 364.26 726 390 c 25
708 549 m 25
 781.71 512.73 832.46 506.825 897 456 c 24
 930.308 429.771 946.271 402.36 948 360 c 24
 949.082 333.496 929.514 309.803 903 309 c 24
 874.836 308.146 866.299 334.758 849 357 c 24
 824.854 388.045 821.28 412.3 798 444 c 24
 766.076 487.472 743.1 508.05 708 549 c 25
501 546 m 25
 538.44 517.92 571.874 513.483 597 474 c 24
 605.928 459.971 576.248 458.248 564 447 c 24
 518.893 405.574 500.099 374.226 450 339 c 24
 423.667 320.484 402.42 322.53 372 312 c 25
 415.29 382.2 443.183 419.773 483 492 c 24
 493.718 511.44 493.98 524.94 501 546 c 25
276 429 m 25
 321 303 l 25
 297.6 260.88 290.306 233.247 261 195 c 24
 220.732 142.447 195.883 113.127 144 72 c 24
 98.8486 36.21 65.3096 28.0801 15 0 c 25
 62.9697 60.8398 94.2078 92.0871 138 156 c 24
 180.986 218.736 202.692 256.129 237 324 c 24
 256.707 362.985 260.79 388.05 276 429 c 25
561 594 m 25
 561 774 l 25
 604 754 640 758 672 723 c 24
 686 708 659 694 651 675 c 25
 651 594 l 25
 561 594 l 25
312 624 m 25
 813 624 l 25
 842 652 851 684 876 693 c 1
 902 689 944 636 975 603 c 1
 983 585 966 574 948 574 c 9
 312 574 l 25
 312 624 l 25
252 747 m 25
 288.27 717.75 319.688 711.119 345 672 c 24
 353.09 659.497 325.792 657.69 318 645 c 24
 284.579 590.572 277.123 552.973 240 501 c 24
 200.522 445.73 176.457 413.899 123 372 c 24
 87.9346 344.517 58.9502 344.55 18 327 c 25
 62.46 387.84 91.9103 419.195 132 483 c 24
 175.17 551.708 197.422 592.129 231 666 c 24
 244.504 695.709 243.81 715.41 252 747 c 25
48 720 m 25
 92.46 691.92 125.035 685.4 162 648 c 24
 225.988 583.259 264.506 544.487 303 462 c 24
 348.003 365.565 363.014 304.038 372 198 c 24
 380.828 93.8232 381.062 30.1846 348 -69 c 24
 330.47 -121.592 300.906 -151.535 249 -171 c 24
 224.974 -180.01 222.413 -140.872 204 -123 c 24
 182.595 -102.225 169.23 -91.8896 147 -72 c 25
 228 -72 l 25
 246.72 -43.9199 268.094 -32.8087 276 0 c 24
 292.208 67.2637 291.556 107.903 288 177 c 24
 283.322 267.885 285.57 322.283 255 408 c 24
 224.668 493.048 184.92 530.759 135 606 c 24
 104.08 652.604 81.9297 675.54 48 720 c 25
EndSplineSet
EndChar
