Width: 1000
Flags: HW
LayerCount: 2
Fore
SplineSet
279 408 m 25
 312 303 l 25
 274.56 260.88 257.776 232.824 216 195 c 24
 170.725 154.008 143.074 132.223 90 102 c 24
 57.8486 83.6914 35.0996 83.7002 0 72 c 25
 52.6504 125.82 86.9025 152.076 135 210 c 24
 195.997 283.459 222.84 330.78 279 408 c 25
291 768 m 25
 327.27 744.6 358.475 742.807 384 708 c 24
 393.309 695.307 365.982 690.926 357 678 c 24
 317.926 621.771 303.429 584.743 261 531 c 24
 215.349 473.176 190.033 438.385 132 393 c 24
 96.9053 365.555 67.9502 365.55 27 348 c 25
 69.1201 398.31 97.373 423.247 135 477 c 24
 179.531 540.616 200.311 579.56 237 648 c 24
 261.247 693.23 269.94 721.2 291 768 c 25
75 750 m 25
 126.48 706.71 166.72 692.868 207 639 c 24
 265.607 560.621 291.272 509.234 324 417 c 24
 356.305 325.96 371.373 270.6 372 174 c 24
 372.566 86.8076 363 21 327 -45 c 0
 305.208 -84.9531 276 -135 237 -150 c 0
 209.202 -160.692 204.637 -116.467 183 -96 c 24
 161.33 -75.501 148.23 -64.8896 126 -45 c 25
 219 -45 l 25
 235.38 -16.9199 251.108 -3.96692 261 27 c 24
 278.387 81.4287 290.23 113.905 288 171 c 24
 284.291 265.95 272.532 319.757 246 411 c 24
 224.208 485.944 200.151 524.314 165 594 c 24
 133.366 656.712 110.1 689.16 75 750 c 25
621 765 m 25
 664 745 700 749 732 714 c 24
 746 699 719 685 711 666 c 25
 711 -117 l 17
 703 -146 697 -168 666 -171 c 1
 642 -169 631 -145 621 -117 c 9
 621 765 l 25
438 261 m 25
 876 261 l 25
 876 211 l 25
 438 211 l 25
 438 261 l 25
429 548 m 25
 846 548 l 25
 862.38 560.87 867.891 586.435 888 581 c 24
 923.178 571.492 940.287 550.381 957 518 c 24
 963.55 505.309 944.19 499.7 936 488 c 25
 936 234 l 17
 928 205 922 183 891 180 c 1
 867 182 856 206 846 234 c 9
 846 498 l 25
 429 498 l 25
 429 548 l 25
393 587 m 25
 436.29 567.11 471.953 571.251 504 536 c 24
 517.745 520.881 491.19 506.72 483 488 c 25
 483 213 l 17
 475 184 469 162 438 159 c 1
 414 161 403 185 393 213 c 9
 393 587 l 25
EndSplineSet
EndChar
