Width: 1000
Flags: H
TeX: 117 0
LayerCount: 2
Fore
SplineSet
423 305 m 1
 891 305 l 1
 891 255 l 1
 423 255 l 1
 423 305 l 1
693 687 m 25
 693 -111 l 17
 685 -140 679 -162 648 -165 c 1
 624 -163 613 -139 603 -111 c 9
 603 687 l 25
 693 687 l 25
417 509 m 25
 879 509 l 25
 879 459 l 25
 417 459 l 25
 417 509 l 25
429 708 m 25
 822 708 l 25
 838.38 720.87 843.891 746.435 864 741 c 24
 899.178 731.492 916.287 710.381 933 678 c 24
 939.55 665.309 920.19 659.7 912 648 c 25
 912 282 l 17
 904 253 898 231 867 228 c 1
 843 230 832 254 822 282 c 9
 822 658 l 25
 429 658 l 25
 429 708 l 25
396 741 m 25
 439.29 721.11 474.953 725.251 507 690 c 24
 520.745 674.881 494.19 660.72 486 642 c 25
 486 264 l 17
 478 235 472 213 441 210 c 1
 417 212 406 236 396 264 c 9
 396 741 l 25
264 495 m 25
 303 360 l 25
 285.45 335.43 277.165 320.332 258 297 c 24
 223.278 254.729 208.116 225.666 165 192 c 24
 121.276 157.859 88.1396 151.74 39 126 c 25
 76.4404 172.8 101.237 196.481 135 246 c 24
 171.626 299.719 189.092 332.27 219 390 c 24
 239.494 429.559 246.45 454.05 264 495 c 25
294 774 m 25
 319.74 742.41 344.866 730.834 360 693 c 24
 364.916 680.71 344.382 679.245 336 669 c 24
 302.21 627.701 289.147 599.307 252 561 c 24
 213.832 521.639 193.182 495.234 144 471 c 24
 109.113 453.81 83.6104 463.68 45 459 c 25
 88.29 501.12 116.785 521.063 156 567 c 24
 199.005 617.377 218.259 649.888 255 705 c 24
 272.146 730.72 278.79 747.09 294 774 c 25
105 -15 m 25
 207 -15 l 25
 222.21 6.05957 237.313 14.5175 246 39 c 24
 263.572 88.5205 270.295 118.523 273 171 c 24
 276.201 233.104 268.388 268.254 261 330 c 24
 251.995 405.252 251.732 449.103 231 522 c 24
 215.106 577.885 197.893 607.179 168 657 c 24
 141.391 701.349 118.59 721.05 87 762 c 25
 127.95 737.43 159.709 734.183 192 699 c 24
 240.305 646.37 262.131 609.589 288 543 c 24
 326.021 445.132 340.977 386.184 354 282 c 24
 364.598 197.218 362.047 147.279 348 63 c 24
 337.17 -1.97754 325.913 -40.1388 291 -96 c 24
 271.031 -127.95 250.664 -153.991 213 -153 c 24
 185.721 -152.282 193.818 -114.49 177 -93 c 24
 151.485 -60.3984 133.08 -45.4199 105 -15 c 25
EndSplineSet
EndChar
