Width: 1000
Flags: H
TeX: 117 0
LayerCount: 2
Fore
SplineSet
771 519 m 24
 787.72 538.883 794.79 551.94 810 573 c 25
 841.59 539.07 872.6 528.551 891 486 c 24
 897.316 471.394 870.562 471.771 858 462 c 24
 807.373 422.624 780.446 398.299 729 360 c 24
 675.104 319.877 642.99 299.61 588 261 c 25
 588 309 l 25
 659.37 390.9 701.083 435.855 771 519 c 24
555 -39 m 9
 555 759 l 25
 598.29 739.11 633.953 743.251 666 708 c 24
 679.745 692.881 653.19 678.72 645 660 c 25
 645 24 l 17
 648 -15 657 -15 690 -21 c 9
 834 -21 l 25
 844.53 -4.62012 852.573 3.44531 861 21 c 24
 880.745 62.1367 888.45 86.8799 906 129 c 25
 911.85 68.1602 908.847 32.9004 921 -27 c 24
 925.475 -49.0557 955.117 -56.6494 948 -78 c 24
 940.382 -100.855 924 -99 894 -108 c 9
 612 -108 l 17
 561 -102 555 -84.1758 555 -39 c 9
84 246 m 25
 155.37 254.19 196.194 254.862 267 267 c 24
 360.187 282.975 411.57 298.11 504 318 c 25
 420.93 271.2 375.79 241.606 291 198 c 24
 252.742 178.325 228.78 172.38 189 156 c 24
 169.11 147.81 154.332 121.001 138 135 c 24
 101.448 166.33 105.06 202.71 84 246 c 25
156 528 m 25
 405 528 l 25
 405 528 428 564 453 573 c 1
 479 569 467 540 498 507 c 1
 506 489 489 478 471 478 c 9
 156 478 l 25
 156 528 l 25
282 762 m 25
 325 742 361 746 393 711 c 24
 407 696 380 682 372 663 c 25
 372 -84 l 17
 364 -113 358 -135 327 -138 c 1
 303 -136 292 -112 282 -84 c 9
 282 762 l 25
111 519 m 9
 111 690 l 25
 154.29 670.11 189.953 674.251 222 639 c 24
 235.745 623.881 209.19 609.72 201 591 c 25
 201 480 l 17
 192 444 177.212 408.123 147 372 c 24
 121.601 341.631 95.7598 337.23 63 315 c 25
 75.8701 346.59 88.1875 362.796 96 396 c 24
 107.068 443.041 111 489 111 519 c 9
EndSplineSet
EndChar
