Width: 1000
Flags: H
TeX: 117 0
LayerCount: 2
Fore
SplineSet
531 270 m 25
 570 206 576 157 630 105 c 24
 704 33 756 -0 852 -39 c 16
 915 -65 923 -54 984 -75 c 9
 951 -98 930 -108 900 -135 c 24
 887 -146 893 -174 876 -171 c 24
 819 -160 789 -141 744 -105 c 24
 658 -38 608 2 543 90 c 24
 507 139 504 180 492 237 c 9
 531 270 l 25
636 291 m 25
 683 277 711 275 756 255 c 24
 803 234 832 222 870 186 c 24
 890 167 904 147 897 120 c 24
 891 96 868 84 843 87 c 24
 816 90 808 113 789 132 c 24
 761 160 750 179 723 207 c 24
 690 241 670 258 636 291 c 25
774 267 m 24
 799 295 807 316 828 348 c 25
 862 322 891 317 915 282 c 24
 923 270 899 267 888 258 c 24
 863 237 849 223 822 204 c 24
 779 173 756 152 708 129 c 24
 670 111 644 111 603 99 c 25
 670 165 711 198 774 267 c 24
612 534 m 25
 670 515 706 511 762 486 c 24
 804 467 834 460 861 423 c 24
 878 400 882 370 861 351 c 24
 842 333 817 349 795 363 c 24
 761 385 753 410 723 438 c 24
 681 477 655 497 612 534 c 25
807 567 m 25
 835 541 862 535 879 501 c 24
 885 488 863 486 852 477 c 24
 820 452 803 436 768 414 c 24
 734 393 715 380 678 366 c 24
 637 351 612 351 570 342 c 25
 602 370 620 386 651 414 c 24
 686 446 707 464 741 498 c 24
 768 524 781 540 807 567 c 25
167 281 m 25
 212 264 242 265 282 239 c 24
 332 205 363 183 393 130 c 24
 404 110 393 86 373 75 c 24
 355 64 337 75 321 88 c 24
 294 110 289 132 267 159 c 24
 247 184 234 197 214 221 c 24
 195 244 185 257 167 281 c 25
354 333 m 25
 381 306 408 299 423 264 c 24
 429 250 407 245 396 234 c 24
 369 207 354 192 324 168 c 24
 282 135 260 114 213 90 c 24
 164 65 132 63 81 45 c 25
 122 80 147 97 186 135 c 24
 236 184 263 213 309 267 c 24
 329 291 336 307 354 333 c 25
261 411 m 24
 237 432 227 447 204 468 c 24
 181 489 166 499 141 519 c 17
 204 510 241 503 300 480 c 24
 340 464 366 454 393 420 c 24
 409 400 416 376 402 354 c 24
 390 335 366 337 345 345 c 24
 306 361 292 384 261 411 c 24
357 570 m 25
 389 542 415 534 438 498 c 24
 444 488 426 485 417 477 c 24
 385 449 367 433 333 408 c 24
 283 370 257 344 201 315 c 24
 146 287 114 279 51 264 c 9
 97 301 124 320 168 360 c 24
 223 410 253 440 303 495 c 24
 327 522 336 541 357 570 c 25
462 258 m 9
 462 798 l 25
 505 778 541 782 573 747 c 24
 587 732 560 718 552 699 c 25
 552 258 l 17
 549 189 544 142 522 72 c 24
 509 30 495 7 465 -24 c 24
 426 -64 397 -81 348 -108 c 24
 302 -134 273 -145 222 -159 c 24
 157 -177 118 -177 51 -189 c 25
 118 -155 157 -139 222 -102 c 24
 271 -74 301 -60 342 -21 c 24
 385 20 412 45 435 99 c 24
 460 157 459 210 462 258 c 9
108 648 m 25
 810 648 l 25
 839 676 848 708 873 717 c 1
 899 713 941 660 972 627 c 1
 980 609 963 598 945 598 c 9
 108 598 l 25
 108 648 l 25
EndSplineSet
EndChar
