Width: 1000
Flags: H
TeX: 117 0
LayerCount: 2
Fore
SplineSet
768 304 m 25
 615 304 l 25
 615 354 l 25
 795 354 l 25
 812.55 364.53 822.109 390.939 840 381 c 24
 876.62 360.655 889.382 333.616 903 294 c 24
 906.971 282.448 884.7 288.51 873 285 c 25
 851.94 268.62 838.69 261.003 819 243 c 24
 797.621 223.453 787.89 210.06 768 189 c 25
 792.57 166.77 808.322 156.157 831 132 c 24
 862.271 98.6885 889.157 84.4727 906 42 c 24
 918.107 11.4697 913.984 -12.2822 900 -42 c 24
 884.145 -75.6943 869.726 -100.492 834 -111 c 24
 814.142 -116.841 813.866 -85.2939 798 -72 c 24
 770.372 -48.8525 752.25 -39.0596 723 -18 c 25
 795 -18 l 17
 799.842 -7.21387 818.988 8.43262 819 42 c 9
 803.79 66.5703 798.806 83.0596 780 105 c 24
 749.306 140.81 726.93 156.24 693 189 c 17
 720 216 725.721 229.971 744 258 c 24
 755.054 274.949 758.64 286.06 768 304 c 25
588 384 m 25
 631.29 364.11 666.953 368.251 699 333 c 24
 712.745 317.881 686.19 303.72 678 285 c 25
 678 -132 l 17
 670 -161 664 -183 633 -186 c 1
 609 -184 598 -160 588 -132 c 9
 588 384 l 25
240 128 m 1
 480 128 l 1
 480 78 l 1
 240 78 l 1
 240 128 l 1
255 256 m 1
 456 256 l 1
 456 206 l 1
 255 206 l 1
 255 256 l 1
507 333 m 25
 507 -132 l 17
 499 -161 493 -183 462 -186 c 1
 438 -184 427 -160 417 -132 c 9
 417 333 l 25
 507 333 l 25
204 333 m 1
 294 333 l 1
 294 -36 l 1
 204 -36 l 1
 204 333 l 1
129 0 m 25
 468 15 l 25
 456 -42 l 25
 363.57 -63.0596 311.029 -73.2512 219 -96 c 24
 206.767 -99.0234 197.618 -117.193 189 -108 c 24
 156.045 -72.8486 152.4 -42.1201 129 0 c 25
123 354 m 25
 477 354 l 25
 477 354 500 390 525 399 c 1
 551 395 539 366 570 333 c 1
 578 315 561 304 543 304 c 9
 123 304 l 25
 123 354 l 25
657 717 m 25
 692.1 680.73 721.958 667.823 747 624 c 24
 753.252 613.059 728.016 618.12 717 612 c 24
 675.254 588.808 654.552 570.677 612 549 c 24
 530.377 507.418 484.747 482.231 399 450 c 24
 319.27 420.03 272.778 405.372 189 390 c 24
 144.119 381.765 117.63 390 72 390 c 25
 137.52 413.4 176.128 422.419 240 450 c 24
 330.794 489.207 381.862 512.409 468 561 c 24
 519.176 589.868 545.686 610.598 591 648 c 24
 619.719 671.705 631.26 690.09 657 717 c 25
282 702 m 25
 349.86 670.41 386.998 650.012 456 621 c 24
 592.992 563.401 667.771 523.075 810 480 c 24
 874.18 460.562 914.31 469.02 981 462 c 25
 945.9 439.77 923.524 430.853 891 405 c 24
 877.262 394.08 881.546 369.366 864 369 c 24
 816.6 368.013 790.601 383.379 747 402 c 24
 677.693 431.6 642.922 457.344 576 492 c 24
 511.879 525.206 473.057 539.08 411 576 c 24
 380.221 594.312 367.08 610.77 339 633 c 25
 282 702 l 25
642 792 m 25
 705.18 777.96 744.435 781.315 804 756 c 24
 840.674 740.413 861.796 724.347 882 690 c 24
 899.366 660.478 906.554 634.867 894 603 c 24
 886.511 583.989 861.164 581.643 843 591 c 24
 815.541 605.146 815.02 630.477 795 654 c 24
 768.169 685.527 753.741 704.273 723 732 c 24
 693.808 758.33 673.59 768.6 642 792 c 25
363 800 m 25
 393.42 770.75 421.645 762.501 441 725 c 24
 447.258 712.875 422.087 714.953 411 707 c 24
 368.22 676.31 347.333 654.4 303 626 c 24
 272.159 606.242 254.218 594.062 219 584 c 24
 179.369 572.677 154.95 576.68 114 572 c 25
 143.25 596.57 159.921 610.229 189 635 c 24
 223.102 664.05 243.494 679.176 276 710 c 24
 311.424 743.592 329.07 764.9 363 800 c 25
EndSplineSet
EndChar
