Width: 1000
Flags: H
TeX: 117 0
LayerCount: 2
Fore
SplineSet
447 795 m 25
 490 775 526 779 558 744 c 24
 572 729 545 715 537 696 c 25
 537 -105 l 17
 529 -134 523 -156 492 -159 c 1
 468 -157 457 -133 447 -105 c 9
 447 795 l 25
39 288 m 25
 729 288 l 25
 758 316 767 348 792 357 c 1
 818 353 860 300 891 267 c 1
 899 249 882 238 864 238 c 9
 39 238 l 25
 39 288 l 25
239 543 m 25
 663 543 l 25
 692 571 701 603 726 612 c 1
 752 608 794 555 825 522 c 1
 833 504 816 493 798 493 c 9
 239 493 l 25
 239 543 l 25
240 726 m 25
 281 703 317 704 345 666 c 24
 357 651 315 627 315 627 c 1
 315 627 270 479 216 399 c 24
 183 351 145 342 99 306 c 25
 127 367 148 399 171 462 c 24
 197 534 203 577 222 651 c 24
 230 680 233 697 240 726 c 25
EndSplineSet
EndChar
