Width: 1000
Flags: H
TeX: 117 0
LayerCount: 2
Fore
SplineSet
720 708 m 25
 810 708 l 25
 858 666 884 641 933 600 c 24
 959 578 974 567 1000 546 c 25
 977 531 965 522 942 507 c 24
 928 498 920 474 906 483 c 24
 857 514 844 549 807 594 c 24
 771 637 754 664 720 708 c 25
582 171 m 25
 619 157 644 156 678 135 c 24
 721 108 751 92 777 48 c 24
 788 29 778 9 762 -6 c 24
 750 -17 733 -16 720 -6 c 24
 688 17 679 41 654 72 c 24
 625 110 610 132 582 171 c 25
711 240 m 25
 747 222 776 224 804 195 c 24
 814 185 791 177 783 165 c 25
 769 144 763 131 747 111 c 24
 718 76 706 51 669 24 c 24
 632 -4 603 -7 561 -27 c 25
 595 21 619 45 648 96 c 24
 678 149 686 184 711 240 c 25
579 447 m 25
 626 426 657 422 699 393 c 24
 731 372 749 356 765 321 c 24
 775 299 780 275 762 258 c 24
 747 244 727 257 711 270 c 24
 686 290 682 310 663 336 c 24
 631 380 612 404 579 447 c 25
717 474 m 25
 751 456 779 458 804 429 c 24
 813 418 786 416 777 405 c 24
 750 370 744 344 714 312 c 24
 692 288 674 279 645 264 c 24
 613 247 592 244 558 231 c 25
 597 279 623 302 657 354 c 24
 686 398 694 427 717 474 c 25
243 168 m 25
 286 148 316 146 354 117 c 24
 392 88 418 69 435 24 c 24
 445 -1 439 -32 414 -42 c 24
 389 -51 375 -25 357 -6 c 24
 333 20 329 42 309 72 c 24
 284 110 269 131 243 168 c 25
381 219 m 25
 411 191 440 184 459 147 c 24
 466 134 444 129 435 117 c 25
 408 91 394 76 366 51 c 24
 341 28 329 11 300 -6 c 24
 264 -28 240 -32 201 -48 c 25
 252 19 286 53 333 123 c 24
 356 158 362 182 381 219 c 25
234 450 m 25
 285 429 321 428 366 396 c 24
 407 367 431 344 447 297 c 24
 454 276 434 260 414 252 c 24
 396 245 380 251 366 264 c 24
 338 288 333 312 312 342 c 24
 282 384 264 408 234 450 c 25
375 480 m 25
 412 464 442 467 471 438 c 24
 482 427 457 419 447 408 c 24
 400 359 379 325 324 285 c 24
 287 258 258 258 216 240 c 25
 251 287 274 311 306 360 c 24
 336 405 348 433 375 480 c 25
807 -57 m 25
 807 469 l 25
 150 469 l 25
 150 519 l 25
 807 519 l 25
 823 532 829 557 849 552 c 24
 884 542 901 521 918 489 c 24
 925 476 905 471 897 459 c 25
 897 -84 l 17
 873 -102 864 -148 825 -156 c 24
 798 -161 795 -126 774 -108 c 24
 750 -87 736 -77 711 -57 c 25
 807 -57 l 25
129 549 m 25
 172 529 208 533 240 498 c 24
 254 483 227 469 219 450 c 25
 219 -105 l 17
 211 -134 205 -156 174 -159 c 1
 150 -157 139 -133 129 -105 c 9
 129 549 l 25
552 702 m 25
 552 -111 l 17
 544 -140 538 -162 507 -165 c 1
 483 -163 472 -139 462 -111 c 9
 462 702 l 25
 552 702 l 25
216 705 m 25
 321 705 l 25
 295 669 284 646 255 612 c 24
 222 573 205 546 162 519 c 24
 127 497 100 501 60 489 c 25
 99 536 123 560 159 609 c 24
 184 644 194 668 216 705 c 25
75 735 m 25
 825 735 l 25
 825 735 854 786 879 795 c 1
 905 791 938 747 969 714 c 1
 977 696 960 685 942 685 c 9
 75 685 l 25
 75 735 l 25
EndSplineSet
EndChar
