Width: 1000
Flags: HW
LayerCount: 2
Fore
SplineSet
291 -87 m 25
 807 -87 l 25
 836 -59 845 -27 870 -18 c 1
 896 -22 938 -75 969 -108 c 1
 977 -126 960 -137 942 -137 c 9
 291 -137 l 25
 291 -87 l 25
474 154 m 25
 789 154 l 25
 789 104 l 25
 474 104 l 25
 474 154 l 25
462 427 m 25
 786 427 l 25
 786 377 l 25
 462 377 l 25
 462 427 l 25
468 678 m 25
 738 678 l 25
 754.38 695.55 756.234 726.395 780 723 c 24
 813.589 718.201 830.027 694.352 843 663 c 24
 848.693 649.24 826.53 646.53 816 636 c 25
 816 -108 l 25
 741 -108 l 25
 741 630 l 25
 468 630 l 25
 468 678 l 25
438 702 m 25
 481 682 517 686 549 651 c 24
 563 636 536 622 528 603 c 25
 528 -108 l 25
 438 -108 l 25
 438 702 l 25
306 387 m 25
 288.45 355.41 281.344 335.867 261 306 c 24
 226.222 254.941 207.924 224.43 165 180 c 24
 140.423 154.561 121.382 145.319 90 129 c 24
 62.4189 114.657 44.25 112.53 15 102 c 25
 54.7803 145.29 81.25 166.326 117 213 c 24
 165.738 276.631 186.353 317.435 231 384 c 24
 250.703 413.376 262.11 429.75 282 459 c 25
 306 387 l 25
306 759 m 25
 336.42 730.92 384 728.352 384 687 c 24
 384 651.939 335.536 659.04 312 633 c 24
 279.796 597.37 276.719 565.201 243 531 c 24
 193.865 481.163 161.736 456.462 102 420 c 24
 70.4199 400.724 47.0996 401.7 12 390 c 25
 58.7998 435.63 89.2507 457.555 132 507 c 24
 186.637 570.194 213.534 609.256 261 678 c 24
 281.533 707.737 288.45 727.41 306 759 c 25
45 735 m 25
 96.4805 706.92 134.548 703.454 177 663 c 24
 236.472 606.327 263.762 565.726 300 492 c 24
 332.683 425.508 341.95 382.535 351 309 c 24
 360.862 228.866 361.273 181.64 348 102 c 24
 336.381 32.2852 317.421 -4.73833 288 -69 c 24
 272.599 -102.641 265.959 -128.357 234 -147 c 24
 215.12 -158.014 192.772 -149.738 180 -132 c 24
 166.327 -113.01 189.556 -93.3602 180 -72 c 24
 168.171 -45.5576 148.89 -39.0596 129 -18 c 25
 219 -18 l 25
 240.06 6.57031 262.767 14.2998 273 45 c 24
 292.382 103.145 292 139.713 292 201 c 24
 292 278.692 291.208 324.256 270 399 c 24
 250.432 467.963 226.57 502.948 189 564 c 24
 160.653 610.063 136.839 630.629 102 672 c 24
 80.6572 697.345 67.2305 710.43 45 735 c 25
EndSplineSet
EndChar
