Width: 1000
Flags: H
TeX: 117 0
LayerCount: 2
Fore
SplineSet
297 63 m 25
 356.67 30.2402 400.688 25.9261 450 -21 c 24
 477.88 -47.5303 487.25 -75.75 483 -114 c 24
 480.253 -138.723 459.859 -155.143 435 -156 c 24
 413.503 -156.741 407.13 -135.407 396 -117 c 24
 376.207 -84.2646 375.435 -60.5187 357 -27 c 24
 336.67 9.96289 320.4 27.9004 297 63 c 25
138 -192 m 24
 108.848 -164.014 114.21 -133.44 99 -96 c 25
 117.72 -91.3203 128.304 -88.7735 147 -84 c 24
 238.284 -60.6934 289.74 -47.4004 381 -24 c 25
 405 -72 l 25
 314.91 -109.44 262.985 -128.007 174 -168 c 24
 158.609 -174.917 150.173 -203.686 138 -192 c 24
759 717 m 25
 796.44 693.6 827.258 691.347 855 657 c 24
 864.212 645.596 834.87 646.02 822 639 c 25
 802.11 621.45 792.009 610.194 771 594 c 24
 735.775 566.848 714.27 553.74 678 528 c 25
 651 528 l 25
 680.25 572.46 699.596 595.793 726 642 c 24
 741.854 669.746 746.13 687.75 759 717 c 25
207 687 m 25
 252.63 653.07 289.028 644.836 324 600 c 24
 339.111 580.627 335.31 558.812 324 537 c 24
 315.797 521.18 298.311 511.823 282 519 c 24
 260.315 528.541 258.976 548.513 249 570 c 24
 243.491 581.864 247.42 590.688 243 603 c 24
 230.958 636.546 221.04 654.24 207 687 c 25
552 138 m 25
 589.44 121.62 616.972 122.596 648 96 c 24
 669.468 77.5996 679.526 58.2334 678 30 c 24
 676.787 7.55762 663.247 -7.67347 642 -15 c 24
 622.4 -21.7588 603.051 -16.8711 591 0 c 24
 575.227 22.083 589.38 42.8846 582 69 c 24
 574.02 97.2373 563.7 111.09 552 138 c 25
708 -129 m 24
 682.224 -108.747 665.91 -99.7197 639 -81 c 25
 732 -81 l 25
 732 330 l 25
 775.29 310.11 810.953 314.251 843 279 c 24
 856.745 263.881 830.19 249.72 822 231 c 25
 822 -117 l 17
 807 -144 797.952 -176.531 765 -180 c 24
 735.335 -183.123 731.455 -147.429 708 -129 c 24
522 234 m 25
 870 234 l 25
 870 234 893 270 918 279 c 1
 944 275 932 246 963 213 c 1
 971 195 954 184 936 184 c 9
 522 184 l 25
 522 234 l 25
186 126 m 1
 432 126 l 1
 432 76 l 1
 186 76 l 1
 186 126 l 1
195 223 m 1
 408 223 l 1
 408 173 l 1
 195 173 l 1
 195 223 l 1
180 321 m 25
 387 321 l 25
 403.38 333.87 408.89 359.435 429 354 c 24
 464.178 344.492 481.287 323.381 498 291 c 24
 504.55 278.309 485.19 272.7 477 261 c 25
 477 120 l 17
 469 91 463 69 432 66 c 1
 408 68 397 92 387 120 c 9
 387 271 l 25
 180 271 l 25
 180 321 l 25
135 -105 m 9
 135 354 l 25
 178.29 334.11 213.953 338.251 246 303 c 24
 259.745 287.881 233.19 273.72 225 255 c 25
 225 -105 l 17
 135 -105 l 9
540 531 m 1
 630 531 l 1
 630 375 l 1
 540 375 l 1
 540 531 l 1
345 528 m 1
 435 528 l 1
 435 369 l 1
 345 369 l 1
 345 528 l 1
201 408 m 1
 771 408 l 1
 771 358 l 1
 201 358 l 1
 201 408 l 1
186 549 m 25
 729 549 l 25
 745.38 561.87 750.891 587.435 771 582 c 24
 806.178 572.492 823.287 551.381 840 519 c 24
 846.55 506.309 827.19 500.7 819 489 c 25
 819 396 l 17
 811 367 805 345 774 342 c 1
 750 344 739 368 729 396 c 9
 729 499 l 25
 186 499 l 25
 186 549 l 25
159 576 m 25
 202.29 560.79 237.01 568.891 270 537 c 24
 284.691 522.799 257.19 507.72 249 489 c 25
 249 396 l 17
 241 367 235 345 204 342 c 1
 180 344 169 368 159 396 c 9
 159 576 l 25
459 702 m 25
 489.42 675.09 513.806 666.341 537 633 c 24
 552.882 610.17 564.256 590.225 555 564 c 24
 546.785 540.726 525.682 531 501 531 c 24
 481.954 531 470.863 545.879 465 564 c 24
 456.709 589.628 472.328 606.414 468 633 c 24
 463.95 657.875 453.36 669.6 444 693 c 25
 459 702 l 25
756 795 m 25
 789.93 759.9 819.066 747.549 843 705 c 24
 849.413 693.599 822.87 701.34 810 699 c 25
 755.01 694.32 724.064 690.698 669 687 c 24
 567.271 680.168 509.952 673.046 408 672 c 24
 281.598 670.703 210.36 677.49 84 681 c 25
 168.24 693.87 215.825 700.709 300 714 c 24
 415.897 732.3 481.476 741.479 597 762 c 24
 659.355 773.076 693.99 782.13 756 795 c 25
EndSplineSet
EndChar
