Width: 1000
Flags: H
TeX: 117 0
LayerCount: 2
Fore
SplineSet
696 267 m 25
 777 267 l 25
 810.93 240.09 827.061 220.604 864 198 c 24
 905.962 172.321 933.54 165.06 978 144 c 25
 954.6 131.13 938.387 128.25 918 111 c 24
 906.809 101.53 912.389 70.1622 900 78 c 24
 840.568 115.6 822.589 156.204 771 204 c 24
 742.978 229.962 725.25 242.43 696 267 c 25
681 102 m 25
 727.8 77.4297 753.864 62.9197 801 39 c 24
 832.266 23.1338 850.82 16.0352 882 0 c 24
 891.815 -5.04785 896.64 -9.15039 906 -15 c 25
 882.6 -33.7197 868.812 -43.5677 846 -63 c 24
 837.183 -70.5107 835.106 -89.6591 825 -84 c 24
 796.766 -68.1885 790.137 -47.0956 771 -21 c 24
 751.418 5.70312 745.554 24.2764 726 51 c 24
 710.336 72.4072 698.55 82.1104 681 102 c 25
849 132 m 24
 855.701 117.566 824.759 125.951 810 120 c 24
 752.152 96.6748 663 57 663 57 c 1
 663 57 708.387 110.775 735 147 c 24
 750.567 168.188 756.96 181.77 771 204 c 25
 801.42 175.92 831.566 169.549 849 132 c 24
384 21 m 1
 384 21 453.844 36.2622 498 48 c 24
 546.305 60.8408 573.03 69.96 621 84 c 25
 624 63 l 25
 558.48 20.8799 521.674 -3.12105 456 -45 c 24
 440.941 -54.6025 430.165 -81.0681 417 -69 c 24
 389.441 -43.7383 384 21 384 21 c 1
471 195 m 25
 501.42 176.28 527.33 175.395 549 147 c 24
 564.761 126.349 565.976 105.724 558 81 c 24
 552.32 63.3936 537.367 51.7959 519 54 c 24
 499.286 56.3652 489.473 71.2295 483 90 c 24
 476.472 108.934 491.274 121.103 489 141 c 24
 486.479 163.056 478.02 173.94 471 195 c 25
600 -54 m 25
 600 243 l 25
 643 223 679 227 711 192 c 24
 725 177 698 163 690 144 c 25
 690 -84 l 25
 647 -105 646 -137 618 -138 c 24
 592 -139 595 -105 576 -87 c 24
 559 -72 547 -67 528 -54 c 25
 600 -54 l 25
225 93 m 25
 216 150 l 25
 252.27 127.77 274.023 117.215 309 93 c 24
 334.991 75.0059 360.9 71.5987 372 42 c 24
 381.765 15.96 374.986 -8.751 354 -27 c 24
 338.759 -40.2529 318.375 -31.0974 303 -18 c 24
 283.084 -1.03516 288.042 20.5945 273 42 c 24
 257.296 64.3477 243.72 73.1104 225 93 c 25
492 279 m 25
 582 279 l 25
 569.13 255.6 565.425 240.058 549 219 c 24
 519.471 181.142 504.4 156.439 465 129 c 24
 436.763 109.335 413.76 112.53 381 102 c 25
 406.74 139.44 422.861 159.508 447 198 c 24
 466.199 228.615 474.45 247.41 492 279 c 25
651 282 m 25
 651 513 l 25
 694 493 730 497 762 462 c 24
 776 447 749 433 741 414 c 25
 741 282 l 25
 651 282 l 25
507 285 m 25
 507 516 l 25
 550.29 496.11 585.953 500.251 618 465 c 24
 631.745 449.881 605.19 435.72 597 417 c 25
 597 285 l 25
 507 285 l 25
336 294 m 25
 759 294 l 25
 788 322 797 354 822 363 c 1
 848 359 890 306 921 273 c 1
 929 255 912 244 894 244 c 9
 336 244 l 25
 336 294 l 25
405 417 m 25
 786 417 l 25
 786 417 809 453 834 462 c 1
 860 458 848 429 879 396 c 1
 887 378 870 367 852 367 c 9
 405 367 l 25
 405 417 l 25
438 562 m 25
 786 562 l 25
 786 512 l 25
 438 512 l 25
 438 562 l 25
438 647 m 25
 783 647 l 25
 783 597 l 25
 438 597 l 25
 438 647 l 25
432 726 m 25
 750 726 l 25
 766.38 738.87 771.891 764.435 792 759 c 24
 827.178 749.492 844.287 728.381 861 696 c 24
 867.55 683.309 848.19 677.7 840 666 c 25
 840 540 l 17
 832 511 826 489 795 486 c 1
 771 488 760 512 750 540 c 9
 750 676 l 25
 432 676 l 25
 432 726 l 25
417 762 m 25
 460.29 742.11 495.953 746.251 528 711 c 24
 541.745 695.881 515.19 681.72 507 663 c 25
 507 537 l 17
 499 508 493 486 462 483 c 1
 438 485 427 509 417 537 c 9
 417 762 l 25
306 570 m 25
 337.59 545.43 366.087 541.121 387 507 c 24
 394.83 494.226 372.824 488.313 363 477 c 24
 334.204 443.841 318.324 424.768 288 393 c 24
 269.141 373.242 256.89 363.72 237 345 c 25
 228 384 l 25
 246.72 419.1 260.616 437.315 276 474 c 24
 291.17 510.174 294.3 532.56 306 570 c 25
174 159 m 25
 174 726 l 25
 217 706 253 710 285 675 c 24
 299 660 272 646 264 627 c 25
 264 147 l 25
 233 90 227 54 195 0 c 24
 172 -38 155 -58 120 -84 c 24
 88 -108 63 -110 27 -126 c 25
 66 -77 97.3837 -55.4807 126 0 c 24
 155.692 57.5674 155.28 96.9902 174 159 c 25
105 498 m 25
 119 440 133 408 141 348 c 24
 147 304 160 274 141 234 c 24
 130 211 101 206 78 216 c 24
 55 226 51 248 51 273 c 24
 51 302 74 313 81 342 c 24
 95 402 96 437 105 498 c 25
EndSplineSet
EndChar
