Width: 1000
Flags: H
TeX: 117 0
LayerCount: 2
Fore
SplineSet
720 699 m 25
 757.44 676.77 787.028 674.505 816 642 c 24
 838.156 617.142 853.027 592.753 843 561 c 24
 834.647 534.551 807.161 522.381 780 528 c 24
 758.474 532.454 762.039 557.863 756 579 c 24
 750.179 599.374 756.089 612.704 750 633 c 24
 741.875 660.082 731.7 673.26 720 699 c 25
618 423 m 25
 657 423 l 25
 678.06 346.95 675.709 298.581 711 228 c 24
 755.281 139.438 791.631 94.4795 858 21 c 24
 891.281 -15.8477 922.05 -22.9199 963 -51 c 25
 926.73 -68.5498 902.031 -71.5557 870 -96 c 24
 855.441 -107.11 867.216 -139.884 849 -138 c 24
 816.644 -134.652 802.27 -113.207 783 -87 c 24
 742.675 -32.1582 727.168 4.03027 699 66 c 24
 674.347 120.238 666.158 153.256 648 210 c 24
 638.054 241.082 626.19 259.41 618 291 c 25
 618 423 l 25
567 273 m 25
 567 786 l 25
 610.29 766.11 645.953 770.251 678 735 c 24
 691.745 719.881 665.19 705.72 657 687 c 25
 657 273 l 25
 637.11 199.29 634.785 154.712 606 84 c 24
 580.502 21.3633 560.746 -12.7949 519 -66 c 24
 499.77 -90.5098 479.777 -95.0781 453 -111 c 24
 436.354 -120.898 425.55 -123.81 408 -132 c 25
 433.74 -87.54 450.558 -63.7129 474 -18 c 24
 497.418 27.666 512.377 53.1152 528 102 c 24
 548.823 167.156 551.79 206.31 567 273 c 25
411 462 m 25
 849 462 l 25
 849 462 872 498 897 507 c 1
 923 503 911 474 942 441 c 1
 950 423 933 412 915 412 c 9
 411 412 l 25
 411 462 l 25
156 478 m 25
 348 478 l 25
 348 428 l 25
 156 428 l 25
 156 478 l 25
147 168 m 9
 147 273 l 25
 237 273 l 25
 237 162 l 17
 225 108 217.153 83.457 192 39 c 24
 166.176 -6.64258 149.017 -33.3251 108 -66 c 24
 77.5801 -90.2334 51.2695 -87.96 15 -102 c 25
 50.0996 -54.0303 78.8932 -32.4002 105 21 c 24
 131.188 74.5654 135 102 147 168 c 9
48 296 m 25
 342 296 l 25
 342 246 l 25
 48 246 l 25
 48 296 l 25
111 726 m 25
 154 706 190 710 222 675 c 24
 236 660 209 646 201 627 c 25
 201 435 l 17
 193 406 187 384 156 381 c 1
 132 383 121 407 111 435 c 9
 111 726 l 25
309 789 m 25
 352 769 388 773 420 738 c 24
 434 723 407 709 399 690 c 25
 399 -132 l 17
 391 -161 385 -183 354 -186 c 1
 330 -184 319 -160 309 -132 c 9
 309 789 l 25
EndSplineSet
EndChar
