Width: 1000
Flags: H
TeX: 117 0
LayerCount: 2
Fore
SplineSet
345 -90 m 25
 774 -90 l 25
 803 -62 812 -30 837 -21 c 1
 863 -25 905 -78 936 -111 c 1
 944 -129 927 -140 909 -140 c 9
 345 -140 l 25
 345 -90 l 25
417 138 m 25
 792 138 l 25
 792 138 815 174 840 183 c 1
 866 179 854 150 885 117 c 1
 893 99 876 88 858 88 c 9
 417 88 l 25
 417 138 l 25
597 666 m 1
 687 666 l 1
 687 -117 l 1
 597 -117 l 1
 597 666 l 1
432 317 m 1
 864 317 l 1
 864 267 l 1
 432 267 l 1
 432 317 l 1
450 511 m 1
 858 511 l 1
 858 461 l 1
 450 461 l 1
 450 511 l 1
435 684 m 25
 795 684 l 25
 811 697 817 722 837 717 c 24
 872 707 889 686 906 654 c 24
 913 641 893 636 885 624 c 25
 885 303 l 17
 877 274 871 252 840 249 c 1
 816 251 805 275 795 303 c 9
 795 634 l 25
 435 634 l 25
 435 684 l 25
417 720 m 25
 460.29 700.11 495.953 704.251 528 669 c 24
 541.745 653.881 515.19 639.72 507 621 c 25
 507 288 l 17
 499 259 493 237 462 234 c 1
 438 236 427 260 417 288 c 9
 417 720 l 25
312 363 m 25
 297.96 339.6 293.09 324.275 276 303 c 24
 235.534 252.625 212.187 224.142 165 180 c 24
 139.169 155.835 121.383 145.319 90 129 c 24
 62.4189 114.657 44.25 112.53 15 102 c 25
 54.7803 145.29 80.5865 166.842 117 213 c 24
 163.84 272.374 185.874 309.194 228 372 c 24
 250.245 405.165 260.94 425.07 282 459 c 25
 312 363 l 25
306 759 m 25
 336.42 730.92 365.486 724.028 384 687 c 24
 391.039 672.921 367.555 668.678 357 657 c 24
 312.564 607.838 291.54 576.114 243 531 c 24
 191.736 483.355 161.736 456.462 102 420 c 24
 70.4199 400.724 47.0996 401.7 12 390 c 25
 58.7998 435.63 89.2506 457.555 132 507 c 24
 186.637 570.194 213.534 609.257 261 678 c 24
 281.533 707.737 288.45 727.41 306 759 c 25
180 -72 m 24
 161.714 -49.5332 148.89 -39.0596 129 -18 c 25
 219 -18 l 25
 235.38 14.7598 251.174 30.7158 261 66 c 24
 277.203 124.186 283.275 158.625 285 219 c 24
 286.812 282.425 287.01 319.872 270 381 c 24
 249.077 456.192 228.023 496.407 189 564 c 24
 161.958 610.841 136.839 630.629 102 672 c 24
 80.6572 697.345 67.2305 710.43 45 735 c 25
 96.4805 706.92 134.548 703.454 177 663 c 24
 236.472 606.327 263.762 565.726 300 492 c 24
 332.683 425.508 339.599 382.207 351 309 c 24
 361.988 238.442 364.286 197.036 357 126 c 24
 350.109 58.8164 342.743 19.5754 315 -42 c 24
 293.755 -89.1533 284.487 -135.781 234 -147 c 24
 198.815 -154.818 202.753 -99.9533 180 -72 c 24
EndSplineSet
EndChar
