Width: 1000
Flags: H
TeX: 117 0
LayerCount: 2
Fore
SplineSet
453 558 m 25
 543 558 l 25
 543 -108 l 17
 535 -137 529 -159 498 -162 c 1
 474 -160 463 -136 453 -108 c 9
 453 558 l 25
69 171 m 25
 774 171 l 25
 803 199 812 231 837 240 c 1
 863 236 905 183 936 150 c 1
 944 132 927 121 909 121 c 9
 69 121 l 25
 69 171 l 25
237 354 m 25
 669 354 l 25
 698 382 707 414 732 423 c 1
 758 419 800 366 831 333 c 1
 839 315 822 304 804 304 c 9
 237 304 l 25
 237 354 l 25
219 480 m 25
 260 461 293 464 324 432 c 24
 336 420 304 414 297 399 c 24
 280 363 282 338 264 303 c 24
 247 270 234 251 207 225 c 24
 181 200 159 194 129 174 c 25
 147 214 159 235 174 276 c 24
 188 313 196 334 204 372 c 24
 213 414 213 438 219 480 c 25
684 690 m 25
 723 665 753 661 783 627 c 24
 812 594 825 569 831 525 c 24
 834 503 826 479 804 474 c 24
 779 468 758 482 744 504 c 24
 729 528 750 549 741 576 c 24
 726 623 706 646 684 690 c 25
207 492 m 24
 187 490 169 477 156 492 c 24
 133 520 141 547 132 582 c 25
 771 582 l 25
 771 540 l 25
 682 535 632 536 543 528 c 24
 412 517 338 504 207 492 c 24
384 789 m 25
 420 767 446 761 477 732 c 24
 484 726 465 724 459 717 c 24
 412 660 388 625 342 567 c 24
 336 559 331 556 324 549 c 25
 270 549 l 25
 297 597 315 622 339 672 c 24
 360 716 366 743 384 789 c 25
EndSplineSet
EndChar
