Width: 1000
Flags: HW
TeX: 117 0
LayerCount: 2
Fore
SplineSet
351 171 m 25
 351 171 438 94 498 51 c 24
 553 12 584 -12 645 -39 c 24
 709 -67 748 -75 816 -90 c 24
 863 -101 939 -105 939 -105 c 25
 939 -105 874 -139 831 -159 c 24
 804 -172 791 -193 762 -189 c 24
 708 -182 680 -160 633 -132 c 24
 573 -97 542 -72 489 -27 c 24
 422 31 326 133 326 133 c 1
 351 171 l 25
657 157 m 25
 338 157 l 25
 338 207 l 25
 663 207 l 25
 684 220 694 248 717 240 c 24
 755 227 771 202 786 165 c 24
 791 151 766 152 756 141 c 24
 720 101 709 70 669 33 c 24
 605 -26 566 -56 492 -102 c 24
 442 -133 411 -150 354 -165 c 24
 288 -183 255 -189 180 -186 c 1
 267 -153 298 -141 366 -99 c 24
 446 -50 488 -17 558 45 c 24
 602 84 657 157 657 157 c 25
354 270 m 9
 354 270 423 257 453 228 c 24
 464 218 438 210 429 198 c 24
 383 136 365 95 312 39 c 24
 257 -19 222 -48 156 -93 c 24
 119 -118 108 -123 51 -138 c 9
 107 -78 143 -48 195 15 c 24
 245 75 271 111 312 177 c 24
 333 211 354 270 354 270 c 9
492 492 m 17
 533 481 554 475 582 447 c 24
 606 423 622 400 615 367 c 24
 610 345 580 332 561 345 c 24
 532 364 540 395 525 427 c 24
 513 453 505 467 492 492 c 17
702 699 m 9
 702 699 763 671 789 639 c 24
 796 630 776 626 768 618 c 16
 711 559 l 0
 682 535 659 519 630 504 c 9
 655 568 702 699 702 699 c 9
666 255 m 2
 417 255 l 17
 389 260 365 278 360 303 c 9
 360 488 l 25
 360 488 439 472 471 437 c 24
 485 422 458 408 450 389 c 25
 450 371 l 17
 450 350 470 336 486 335 c 9
 609 335 l 9
 616 345 622 349 627 360 c 24
 640 391 643 409 654 441 c 17
 666 415 665 362 675 342 c 1
 681 330 714 311 714 294 c 8
 714 270 682 255 666 255 c 2
466 686 m 17
 494 677 533 660 561 627 c 24
 582 603 586 576 583 549 c 0
 580 525 548 509 528 522 c 24
 499 542 510 574 498 607 c 24
 486 638 478 655 466 686 c 17
312 666 m 17
 351 651 370 634 390 618 c 0
 406 605 432 559 419 536 c 0
 399 501 380 502 357 513 c 24
 333 524 340 551 333 576 c 24
 323 611 320 631 312 666 c 17
258 423 m 1
 282 390 296 366 295 326 c 24
 294 290 283 262 252 244 c 24
 228 230 191 234 183 261 c 24
 173 297 201 317 222 348 c 0
 240 375 258 423 258 423 c 1
714 447 m 17
 766 431 795 421 831 384 c 24
 857 357 874 330 864 294 c 24
 857 270 822 266 801 279 c 24
 771 298 775 328 759 360 c 24
 741 394 732 413 714 447 c 17
834 484 m 25
 156 484 l 25
 156 534 l 25
 834 534 l 25
 850 546 857 569 876 564 c 24
 912 555 930 535 951 504 c 24
 957 495 940 490 933 481 c 17
 825 402 l 9
 834 484 l 25
114 465 m 0
 136 508 147 532 159 576 c 1
 190 531 200 497 195 444 c 24
 191 400 176 366 136 346 c 24
 111 333 77 353 72 381 c 24
 65 417 97 433 114 465 c 0
777 771 m 1
 777 771 821 720 822 681 c 24
 823 664 796 677 780 675 c 17
 498 648 l 0
 389 643 279 646 171 657 c 9
 242 671 283 679 354 693 c 24
 442 710 491 719 579 735 c 24
 656 749 777 771 777 771 c 1
EndSplineSet
EndChar
