Width: 1000
Flags: H
TeX: 117 0
LayerCount: 2
Fore
SplineSet
444 321 m 25
 444 660 l 25
 487 640 523 644 555 609 c 24
 569 594 542 580 534 561 c 25
 534 321 l 25
 444 321 l 25
240 561 m 25
 651 561 l 25
 651 561 673 592 697 601 c 1
 716 594 740 566 759 540 c 1
 767 522 751 511 733 511 c 9
 240 511 l 25
 240 561 l 25
774 33 m 25
 818 20 851 27 888 0 c 24
 923 -25 943 -50 948 -93 c 24
 952 -125 939 -155 909 -165 c 24
 884 -174 868 -148 852 -126 c 24
 833 -100 839 -77 825 -48 c 24
 809 -14 794 1 774 33 c 25
451 75 m 25
 481 67 502 70 529 54 c 24
 553 40 571 28 577 0 c 24
 584 -32 584 -61 559 -81 c 24
 540 -96 516 -81 499 -63 c 24
 478 -40 482 -17 472 12 c 24
 463 36 459 50 451 75 c 25
699 -189 m 9
 351 -189 l 17
 323 -184 299 -166 294 -141 c 9
 294 63 l 25
 337 43 373 47 405 12 c 24
 419 -3 392 -17 384 -36 c 25
 384 -36 l 25
 384 -73 l 17
 384 -94 404 -108 420 -109 c 9
 642 -109 l 25
 654 -77 660 -59 672 -27 c 24
 681 -5 687 8 696 30 c 25
 704 -18 704 -46 717 -93 c 24
 723 -115 748 -122 744 -144 c 24
 739 -168 729 -180 699 -189 c 9
189 48 m 25
 198 1 218 -25 213 -72 c 24
 209 -112 198 -138 168 -165 c 24
 149 -182 124 -185 102 -171 c 24
 84 -159 86 -137 93 -117 c 24
 104 -83 126 -73 144 -42 c 24
 164 -8 171 13 189 48 c 25
561 258 m 25
 651 258 l 25
 651 102 l 25
 561 102 l 25
 561 258 l 25
372 258 m 25
 462 258 l 25
 462 105 l 25
 372 105 l 25
 372 258 l 25
240 128 m 25
 780 128 l 25
 780 78 l 25
 240 78 l 25
 240 128 l 25
240 276 m 25
 723 276 l 25
 739 289 745 314 765 309 c 24
 800 299 817 278 834 246 c 24
 841 233 821 228 813 216 c 25
 813 105 l 17
 805 76 799 54 768 51 c 1
 744 53 733 77 723 105 c 9
 723 226 l 25
 240 226 l 25
 240 276 l 25
201 306 m 25
 244 286 280 290 312 255 c 24
 326 240 299 226 291 207 c 25
 291 114 l 17
 283 85 277 63 246 60 c 1
 222 62 211 86 201 114 c 9
 201 306 l 25
84 357 m 25
 762 357 l 25
 791 385 800 417 825 426 c 1
 851 422 893 369 924 336 c 1
 932 318 915 307 897 307 c 9
 84 307 l 25
 84 357 l 25
240 453 m 25
 651 453 l 25
 651 453 673 484 697 493 c 1
 716 486 740 458 759 432 c 1
 767 414 751 403 733 403 c 9
 240 403 l 25
 240 453 l 25
444 645 m 25
 444 792 l 25
 487 772 523 776 555 741 c 24
 569 726 542 712 534 693 c 25
 534 645 l 25
 444 645 l 25
783 631 m 25
 177 631 l 25
 177 681 l 25
 795 681 l 25
 820 696 831 730 858 720 c 24
 903 703 930 666 939 627 c 9
 909 606 l 25
 780 537 l 25
 783 631 l 25
183 738 m 25
 194 689 212 662 210 612 c 24
 208 570 200 543 174 510 c 24
 156 487 134 474 105 480 c 24
 80 485 64 506 66 531 c 0
 69 573 108 584 129 621 c 24
 154 665 162 692 183 738 c 25
EndSplineSet
EndChar
