Width: 1000
Flags: H
TeX: 117 0
LayerCount: 2
Fore
SplineSet
774 96 m 25
 821.97 71.4297 858.768 70.9886 897 33 c 24
 924.395 5.78027 929.487 -21.4121 931 -60 c 24
 932.012 -85.8027 926.151 -108.561 903 -120 c 24
 882.1 -130.327 859.987 -120.65 846 -102 c 24
 824.204 -72.9385 834.414 -46.1395 822 -12 c 24
 806.248 31.3174 792.72 53.8799 774 96 c 25
474 135 m 25
 512.61 116.28 540.475 114.987 573 87 c 24
 593.628 69.25 605.199 51.124 603 24 c 24
 601.051 -0.0410156 587.306 -17.7852 564 -24 c 24
 542.76 -29.6641 526.707 -17.1855 513 0 c 24
 497.898 18.9326 503.722 36.7334 497 60 c 24
 488.509 89.3926 482.97 105.75 474 135 c 25
222 57 m 25
 226.68 6.69043 240.93 -21.9502 234 -72 c 24
 229.899 -101.615 218.6 -119.645 195 -138 c 24
 173.048 -155.074 152.226 -165.256 126 -156 c 24
 102.726 -147.785 90.2744 -126.53 93 -102 c 24
 96.0273 -74.7539 118.907 -67.6716 138 -48 c 24
 157.625 -27.7803 174.398 -22.003 192 0 c 24
 207.693 19.6162 210.3 34.7695 222 57 c 25
708 -87 m 24
 714.013 -103.321 740.072 -102.73 738 -120 c 24
 735.337 -142.193 714 -156 699 -162 c 9
 348 -162 l 17
 317.575 -158.414 309 -138.391 309 -111 c 9
 309 123 l 25
 352.29 103.11 387.953 107.251 420 72 c 24
 433.745 56.8809 407.19 42.7197 399 24 c 25
 399 -69 l 17
 402 -84 404.347 -84.5587 426 -87 c 9
 630 -87 l 25
 639.36 -63.5996 646.187 -50.961 654 -27 c 24
 663.767 2.95117 666.81 20.5801 675 51 c 25
 687.87 -2.82031 688.869 -35.0741 708 -87 c 24
555 366 m 25
 597 366 l 25
 629.76 335.58 645.025 314.539 681 288 c 24
 716.853 261.552 738.171 246.337 780 231 c 24
 844.475 207.359 884.31 205.38 951 189 c 25
 929.94 176.13 915.91 171.86 897 156 c 24
 879.206 141.076 881.129 113.103 858 111 c 24
 819.672 107.516 799.531 127.008 765 144 c 24
 725.385 163.493 703.545 176.505 669 204 c 24
 645.661 222.576 635.167 236.605 618 261 c 24
 590.517 300.055 579.57 325.05 555 366 c 25
732 351 m 25
 516 351 l 25
 516 401 l 25
 750 401 l 25
 771.06 413.87 780.313 440.933 804 434 c 24
 840.524 423.31 859.637 400.634 873 365 c 24
 878.839 349.43 852.87 348.53 840 338 c 25
 811.92 312.65 797.614 296.539 768 273 c 24
 721.469 236.014 696.29 213.041 645 183 c 24
 613.687 164.659 593.275 158.515 558 150 c 24
 524.841 141.996 504.93 144.51 471 141 c 25
 518.97 173.76 548.742 188.585 594 225 c 24
 650.781 270.687 678.18 301.86 732 351 c 25
705 492 m 9
 705 661 l 25
 579 661 l 25
 579 711 l 25
 705 711 l 25
 721.38 723.87 726.891 749.435 747 744 c 24
 782.178 734.492 799.287 713.381 816 681 c 24
 822.55 668.309 803.19 662.7 795 651 c 25
 795 558 l 17
 807 537 818 530.177 828 537 c 9
 852 537 l 25
 864.87 546.36 874.548 549 885 561 c 24
 906.53 585.72 914.28 603.09 933 630 c 25
 935.34 599.58 930.306 581.245 939 552 c 24
 943.738 536.061 967.185 535.587 966 519 c 24
 964.312 495.369 945.87 487.89 933 468 c 25
 771 468 l 17
 753.913 468.976 708 471 705 492 c 9
543 522 m 25
 543 741 l 25
 586.29 721.11 621.953 725.251 654 690 c 24
 667.745 674.881 641.19 660.72 633 642 c 25
 633 537 l 25
 617.79 511.26 615.627 491.644 594 471 c 24
 562.777 441.197 537.27 434.4 501 411 c 25
 510.36 428.55 517.961 437.397 525 456 c 24
 534.441 480.953 535.98 496.26 543 522 c 25
372 216 m 25
 372 298 l 25
 210 298 l 25
 210 348 l 25
 372 348 l 25
 388.38 360.87 393.89 386.435 414 381 c 24
 449.178 371.492 466.287 350.381 483 318 c 24
 489.55 305.309 470.19 299.7 462 288 c 25
 462 204 l 25
 445.62 184.11 440.538 168.559 420 153 c 24
 400.774 138.435 385.395 120.042 363 129 c 24
 342.389 137.244 358.794 165.607 345 183 c 24
 330.278 201.562 313.89 203.13 294 216 c 25
 372 216 l 25
180 448 m 1
 429 448 l 1
 429 398 l 1
 180 398 l 1
 180 448 l 1
186 547 m 1
 432 547 l 1
 432 497 l 1
 186 497 l 1
 186 547 l 1
186 635 m 25
 378 635 l 25
 394.38 647.87 399.89 673.435 420 668 c 24
 455.178 658.492 472.287 637.381 489 605 c 24
 495.55 592.309 476.19 586.7 468 575 c 25
 468 435 l 17
 460 406 454 384 423 381 c 1
 399 383 388 407 378 435 c 9
 378 585 l 25
 186 585 l 25
 186 635 l 25
183 702 m 25
 351 738 l 25
 435 783 l 1
 435 783 487.627 736.552 495 696 c 24
 498.048 679.239 469.804 686.801 453 684 c 24
 350.339 666.89 291.96 660.21 189 645 c 25
 183 702 l 25
159 327 m 25
 159 726 l 25
 202.29 706.11 237.953 710.251 270 675 c 24
 283.745 659.881 257.19 645.72 249 627 c 25
 249 309 l 25
 229.11 263.37 226.273 232.968 198 192 c 24
 167.925 148.422 143.897 128.375 102 96 c 24
 65.9414 68.1367 39.7803 61.2305 0 39 c 25
 32.7598 79.9502 56.2059 99.5294 84 144 c 24
 109.25 184.399 116.934 210.918 135 255 c 24
 146.225 282.388 149.64 298.92 159 327 c 25
EndSplineSet
EndChar
