Width: 1000
Flags: H
TeX: 117 0
LayerCount: 2
Fore
SplineSet
375 111 m 1
 573 111 l 1
 573 61 l 1
 375 61 l 1
 375 111 l 1
354 245 m 1
 582 245 l 1
 582 195 l 1
 354 195 l 1
 354 245 l 1
822 -75 m 25
 822 429 l 25
 822 429 901 413 933 378 c 24
 947 363 920 349 912 330 c 25
 912 -87 l 26
 912 -124 896 -155 861 -168 c 24
 838 -177 835 -139 816 -123 c 24
 792 -103 776 -94 750 -75 c 25
 822 -75 l 25
678 381 m 25
 678 381 756.953 365.251 789 330 c 24
 802.745 314.881 776.19 300.72 768 282 c 25
 768 0 l 17
 760 -29 754 -51 723 -54 c 1
 699 -52 688 -28 678 0 c 9
 678 381 l 25
534 -66 m 25
 534 340 l 25
 363 340 l 25
 363 390 l 25
 534 390 l 25
 550.38 402.87 555.891 428.435 576 423 c 24
 611.178 413.492 628.287 392.381 645 360 c 24
 651.55 347.309 632.19 341.7 624 330 c 25
 624 -81 l 26
 624 -117.043 604.728 -146.353 570 -156 c 24
 543.586 -163.337 537.517 -127.987 516 -111 c 24
 493.042 -92.875 479.4 -83.5498 456 -66 c 25
 534 -66 l 25
342 417 m 25
 342 417 421 401 453 366 c 24
 467 351 440 337 432 318 c 25
 432 -99 l 17
 424 -128 418 -150 387 -153 c 1
 363 -151 352 -127 342 -99 c 9
 342 417 l 25
465 516 m 25
 684 516 l 25
 684 516 706 547 730 556 c 1
 749 549 773 521 792 495 c 1
 800 477 784 466 766 466 c 9
 465 466 l 25
 465 516 l 25
597 732 m 25
 597 732 666 685 711 657 c 24
 769 622 801 602 861 570 c 24
 909 544 987 510 987 510 c 25
 987 510 957 482 939 462 c 24
 928 450 930 425 915 429 c 24
 874 439 859 464 825 489 c 24
 756 540 718 570 651 624 c 24
 623 646 582 684 582 684 c 25
 597 732 l 25
582 774 m 1
 582 774 641 751 663 720 c 24
 671 708 650 702 642 690 c 25
 624 667 616 653 597 630 c 24
 568 594 551 574 519 540 c 24
 475 493 455 460 402 423 c 24
 353 389 314 373 261 360 c 1
 308 402 335 429 378 477 c 24
 421 525 444 553 480 606 c 24
 523 669 582 774 582 774 c 1
208 652 m 25
 208 652 271 630 303 603 c 24
 330 580 348 563 354 528 c 24
 358 506 346 488 326 478 c 24
 309 470 295 481 282 494 c 24
 264 513 268 533 252 554 c 24
 238 572 207 592 207 592 c 25
 208 652 l 25
102 564 m 1
 118 529 133 496 134 449 c 24
 135 395 133 360 108 312 c 24
 97 291 75 283 51 288 c 24
 31 293 20 311 21 332 c 0
 22 361 41 384 54 417 c 0
 77 475 86 507 102 564 c 1
156 771 m 25
 156 771 235 755 267 720 c 24
 281 705 254 691 246 672 c 25
 246 -129 l 17
 238 -158 232 -180 201 -183 c 1
 177 -181 166 -157 156 -129 c 9
 156 771 l 25
EndSplineSet
EndChar
