Width: 1000
Flags: H
TeX: 117 0
LayerCount: 2
Fore
SplineSet
770 90 m 1
 834 73 868 56 911 9 c 24
 938 -20 949 -54 933 -90 c 24
 921 -117 883 -123 860 -105 c 24
 824 -76 835 -36 815 6 c 24
 799 40 791 57 770 90 c 1
498 167 m 17
 542 151 572 138 599 94 c 24
 619 63 623 23 602 -4 c 0
 585 -26 553 -24 535 -3 c 24
 509 28 522 63 512 104 c 24
 506 128 504 143 498 167 c 17
704 -168 m 10
 377 -168 l 17
 349 -163 325 -145 320 -120 c 9
 320 150 l 25
 320 150 399 134 431 99 c 24
 445 84 418 70 410 51 c 25
 410 -52 l 17
 410 -73 430 -87 446 -88 c 9
 644 -88 l 25
 653 -62 660 -47 668 -21 c 24
 678 11 683 30 692 63 c 25
 719 -75 l 25
 734 -96 762 -103 758 -129 c 24
 754 -155 740 -168 704 -168 c 10
208 65 m 1
 230 32 235 8 230 -30 c 24
 226 -63 213 -83 187 -105 c 24
 166 -123 145 -133 119 -123 c 24
 97 -115 84 -91 92 -69 c 24
 106 -31 140 -28 167 3 c 24
 186 25 192 32 208 65 c 1
625 355 m 17
 673 339 695 331 722 294 c 24
 746 262 762 229 746 192 c 24
 734 164 695 156 671 175 c 24
 642 198 657 233 648 269 c 24
 639 303 634 321 625 355 c 17
665 294 m 25
 677 235 l 1
 350 188 l 1
 333 183 319 161 308 175 c 24
 281 207 275 279 275 279 c 1
 275 279 367 280 425 282 c 24
 519 286 665 294 665 294 c 25
455 724 m 25
 545 724 l 25
 545 263 l 25
 455 263 l 25
 455 724 l 25
789 357 m 25
 200 357 l 25
 200 407 l 25
 789 407 l 25
 805 421 810 448 831 442 c 24
 867 432 884 409 900 376 c 24
 907 363 887 356 879 344 c 25
 879 169 l 26
 879 132 858 103 822 94 c 24
 794 87 787 123 765 141 c 25
 699 194 l 25
 789 194 l 25
 789 357 l 25
152 429 m 25
 152 429 231 413 263 378 c 24
 277 363 250 349 242 330 c 25
 242 154 l 17
 234 125 228 103 197 100 c 1
 173 102 162 126 152 154 c 9
 152 429 l 25
254 633 m 25
 737 633 l 25
 737 583 l 25
 254 583 l 25
 254 633 l 25
257 523 m 25
 740 523 l 25
 740 473 l 25
 257 473 l 25
 257 523 l 25
257 746 m 25
 701 746 l 25
 717 759 723 784 743 779 c 24
 778 769 795 748 812 716 c 24
 819 703 799 698 791 686 c 25
 791 492 l 17
 783 463 777 441 746 438 c 1
 722 440 711 464 701 492 c 9
 701 696 l 25
 257 696 l 25
 257 746 l 25
206 780 m 25
 206 780 285 764 317 729 c 24
 331 714 304 700 296 681 c 25
 296 489 l 17
 288 460 282 438 251 435 c 1
 227 437 216 461 206 489 c 9
 206 780 l 25
EndSplineSet
EndChar
