Width: 1000
Flags: H
TeX: 117 0
LayerCount: 2
Fore
SplineSet
324 54 m 25
 384 66 l 25
 440.16 33.2402 467.634 6.14648 528 -18 c 24
 609.177 -50.4707 657.894 -62.8453 744 -78 c 24
 805.115 -88.7559 840.99 -81.6602 903 -84 c 25
 866.73 -102.72 845.832 -112.455 810 -132 c 24
 781.461 -147.566 770.489 -175.101 738 -174 c 24
 693 -172.475 673.12 -146.439 633 -126 c 24
 549.047 -83.2314 501.413 -59.4253 420 -12 c 24
 380.741 10.8691 361.44 28.2598 324 54 c 25
618 37 m 25
 348 37 l 25
 348 87 l 25
 645 87 l 25
 661.38 98.7002 668.055 123.801 687 117 c 24
 725.162 103.301 745.748 82.1474 762 45 c 24
 768.379 30.4209 743.202 28.179 729 21 c 24
 636.521 -25.7471 585.91 -56.3126 489 -93 c 24
 421.326 -118.619 380.26 -125.425 309 -138 c 24
 240.67 -150.059 201.03 -148.98 132 -156 c 25
 229.11 -123.24 285.07 -108.07 381 -72 c 24
 431.483 -53.0186 458 -37.5359 507 -15 c 24
 550.432 4.97461 574.71 16.7197 618 37 c 25
381 147 m 25
 411 129 438 130 459 102 c 24
 467 91 444 86 432 78 c 24
 382 46 354 25 300 0 c 24
 255 -21 227 -24 180 -39 c 25
 224 -3 252 15 294 54 c 24
 330 88 347 111 381 147 c 25
675 276 m 25
 718 261 750 265 786 237 c 24
 809 219 820 196 813 168 c 24
 807 144 781 124 759 135 c 24
 729 150 740 184 723 213 c 24
 707 240 694 251 675 276 c 25
483 318 m 25
 512.25 309.81 533.116 314.419 558 297 c 24
 582.736 279.685 604.827 264.139 603 234 c 24
 601.527 209.698 575.17 190.526 552 198 c 24
 522.964 207.366 525.208 237.551 510 264 c 24
 498.263 284.412 493.53 296.94 483 318 c 25
363 174 m 25
 363 339 l 25
 406.29 319.11 441.953 323.251 474 288 c 24
 487.745 272.881 461.19 258.72 453 240 c 25
 453 210 l 1
 450 195 468 186 468 186 c 25
 603 186 l 25
 642 252 l 25
 647.85 229.77 646.988 215.691 657 195 c 24
 664.96 178.549 685.345 177.201 687 159 c 24
 688.356 144.078 672.36 140.7 663 129 c 25
 420 129 l 1
 394 133 363 174 363 174 c 25
276 291 m 25
 295 264 317 254 324 222 c 24
 330 193 323 172 306 147 c 24
 293 128 277 115 255 120 c 24
 234 125 223 143 222 165 c 24
 221 191 242 201 252 225 c 24
 263 250 267 265 276 291 c 25
783 328 m 25
 171 328 l 25
 171 378 l 25
 783 378 l 25
 805 389 817 415 840 405 c 24
 877 389 896 364 906 324 c 24
 910 306 882 308 867 297 c 25
 771 255 l 25
 783 328 l 25
525 660 m 25
 615 660 l 25
 615 453 l 25
 525 453 l 25
 525 660 l 25
324 651 m 25
 414 651 l 25
 414 441 l 25
 324 441 l 25
 324 651 l 25
168 473 m 25
 714 473 l 25
 714 423 l 25
 168 423 l 25
 168 473 l 25
156 582 m 25
 681 582 l 25
 697 595 703 620 723 615 c 24
 758 605 775 584 792 552 c 24
 799 539 779 534 771 522 c 25
 771 441 l 17
 763 412 757 390 726 387 c 1
 702 389 691 413 681 441 c 9
 681 532 l 25
 156 532 l 25
 156 582 l 25
432 651 m 25
 432 789 l 25
 475 769 511 773 543 738 c 24
 557 723 530 709 522 690 c 25
 522 651 l 25
 432 651 l 25
159 693 m 25
 723 693 l 25
 752 721 761 753 786 762 c 1
 812 758 854 705 885 672 c 1
 893 654 876 643 858 643 c 9
 159 643 l 25
 159 693 l 25
126 234 m 25
 126 747 l 25
 169.29 727.11 204.953 731.251 237 696 c 24
 250.745 680.881 224.19 666.72 216 648 c 25
 216 234 l 25
 199.62 149.76 209.27 96.2352 174 18 c 16
 143.018 -52.6569 120 -93 51 -132 c 9
 76.7402 -50.0996 99.7661 -6.10165 117 78 c 24
 129.233 137.7 122.49 173.16 126 234 c 25
EndSplineSet
EndChar
