Width: 1000
Flags: HW
LayerCount: 2
Fore
SplineSet
444 210 m 17
 492 177 524 163 558 117 c 24
 588 76 597 45 603 -6 c 24
 606 -34 602 -58 579 -75 c 24
 562 -87 541 -77 528 -61 c 24
 508 -36 512 -14 504 17 c 24
 495 50 493 69 483 102 c 24
 470 145 459 168 444 210 c 17
321 -142 m 24
 287 -119 283 -91 258 -58 c 25
 281 -47 295 -43 318 -31 c 24
 401 11 446 37 528 81 c 17
 546 20 l 9
 470 -35 427 -66 351 -121 c 24
 339 -129 333 -150 321 -142 c 24
330 303 m 1
 528 303 l 1
 528 253 l 1
 330 253 l 1
 330 303 l 1
345 501 m 1
 522 501 l 1
 522 451 l 1
 345 451 l 1
 345 501 l 1
945 -132 m 25
 783 -132 l 17
 755 -127 731 -109 726 -84 c 9
 726 309 l 25
 816 309 l 25
 816 -16 l 17
 816 -37 836 -51 852 -52 c 9
 855 -52 l 25
 866 -42 875 -38 882 -24 c 24
 901 12 906 35 921 72 c 25
 930 21 928 -11 945 -60 c 24
 951 -77 978 -75 978 -93 c 24
 978 -113 958 -117 945 -132 c 25
585 606 m 1
 675 606 l 1
 675 312 l 1
 585 312 l 1
 585 606 l 1
719 339 m 9
 719 654 l 25
 809 654 l 25
 809 342 l 17
 795 243 780 193 741 105 c 24
 707 27 681 -16 624 -78 c 24
 587 -119 561 -132 504 -153 c 1
 549 -96 567 -68 600 -9 c 24
 631 47 645 81 666 141 c 24
 692 217 711 252 719 339 c 9
531 348 m 25
 864 348 l 25
 864 348 886 379 910 388 c 1
 929 381 953 353 972 327 c 1
 980 309 964 298 946 298 c 9
 531 298 l 25
 531 348 l 25
558 684 m 25
 846 684 l 25
 846 684 868 715 892 724 c 1
 911 717 935 689 954 663 c 1
 962 645 946 634 928 634 c 9
 558 634 l 25
 558 684 l 25
339 695 m 25
 486 695 l 25
 502 708 508 733 528 728 c 24
 563 718 580 697 597 665 c 24
 604 652 584 647 576 635 c 25
 576 284 l 17
 568 255 562 233 531 230 c 1
 507 232 496 256 486 284 c 9
 486 645 l 25
 339 645 l 25
 339 695 l 25
297 -61 m 25
 297 724 l 25
 340 704 376 708 408 673 c 24
 422 658 395 644 387 625 c 25
 387 -61 l 25
 297 -61 l 25
207 585 m 17
 252 558 284 551 315 510 c 24
 334 485 342 457 327 429 c 24
 317 409 289 411 270 423 c 24
 247 438 250 461 240 486 c 24
 225 524 220 546 207 585 c 17
87 543 m 25
 98 490 108 461 114 408 c 24
 117 377 123 356 111 327 c 24
 101 304 88 284 63 285 c 24
 39 286 24 306 21 330 c 24
 16 366 34 385 45 420 c 24
 60 468 71 495 87 543 c 25
141 753 m 25
 184 733 220 737 252 702 c 24
 266 687 239 673 231 654 c 25
 231 -114 l 17
 223 -143 217 -165 186 -168 c 1
 162 -166 151 -142 141 -114 c 9
 141 753 l 25
EndSplineSet
EndChar
