Width: 1000
Flags: H
TeX: 117 0
LayerCount: 2
Fore
SplineSet
723 111 m 17
 772 99 799 90 837 60 c 24
 866 37 882 16 888 -21 c 24
 892 -46 881 -68 859 -80 c 24
 841 -90 823 -80 809 -65 c 24
 784 -37 784 -12 768 21 c 24
 751 56 741 76 723 111 c 17
494 124 m 1
 538 110 561 100 591 69 c 24
 611 49 616 28 613 0 c 24
 611 -22 601 -40 580 -46 c 24
 560 -52 542 -43 530 -25 c 24
 512 4 520 27 513 60 c 0
 508 85 504 98 494 124 c 1
714 -165 m 10
 361 -165 l 17
 333 -160 309 -142 304 -117 c 9
 304 108 l 25
 304 108 383 92 415 57 c 24
 429 42 402 28 394 9 c 25
 394 -49 l 17
 394 -70 414 -84 430 -85 c 9
 623 -85 l 26
 648 -85 661 -62 669 -40 c 0
 681 -8 684 0 697 33 c 9
 703 -7 705 -47 712 -69 c 0
 719 -90 762 -75 762 -98 c 24
 763 -130 741 -165 714 -165 c 10
208 36 m 1
 225 0 237 -29 232 -72 c 24
 228 -107 216 -131 187 -150 c 24
 164 -165 139 -164 118 -147 c 24
 100 -132 104 -109 114 -88 c 24
 127 -60 153 -58 172 -33 c 24
 190 -9 197 6 208 36 c 1
766 470 m 25
 766 470 828 445 859 417 c 24
 866 411 847 409 841 402 c 24
 805 358 751 287 751 287 c 25
 751 287 819 247 848 208 c 24
 866 184 876 161 865 133 c 24
 857 113 831 107 813 118 c 0
 787 134 780 178 756 214 c 24
 736 244 700 286 700 286 c 25
 700 286 725 345 739 383 c 24
 751 416 766 470 766 470 c 25
612 500 m 25
 612 500 670 470 700 442 c 24
 705 437 690 436 686 430 c 24
 649 381 595 303 595 303 c 25
 595 303 638 261 659 229 c 24
 679 199 702 163 700 146 c 0
 697 123 683 104 660 101 c 24
 639 99 628 117 621 137 c 0
 608 176 604 198 587 234 c 24
 574 262 543 299 543 299 c 25
 543 299 569 364 584 406 c 24
 596 442 612 500 612 500 c 25
217 286 m 1
 454 286 l 1
 454 236 l 1
 217 236 l 1
 217 286 l 1
217 377 m 1
 466 377 l 1
 466 327 l 1
 217 327 l 1
 217 377 l 1
412 204 m 10
 412 418 l 25
 214 418 l 25
 214 468 l 25
 412 468 l 25
 428 481 434 506 454 501 c 24
 489 491 506 470 523 438 c 24
 530 425 510 420 502 408 c 25
 502 213 l 18
 502 187 509 154 501 135 c 0
 494 118 468 103 449 99 c 0
 430 95 425 117 410 129 c 24
 387 147 373 156 350 174 c 17
 385 174 l 2
 401 174 412 176 412 204 c 10
187 504 m 25
 187 504 266 488 298 453 c 24
 312 438 285 424 277 405 c 25
 277 294 l 2
 277 273 286 189 280 156 c 0
 272 114 237 102 217 102 c 0
 197 102 179 109 178 131 c 0
 177 151 187 243 187 279 c 2
 187 504 l 25
303 564 m 25
 534 564 l 25
 534 564 556 595 580 604 c 1
 599 597 623 569 642 543 c 1
 650 525 634 514 616 514 c 9
 303 514 l 25
 303 564 l 25
511 729 m 25
 511 729 572 679 616 654 c 24
 675 620 711 605 774 579 c 24
 833 555 930 527 930 527 c 25
 930 527 881 516 853 501 c 24
 832 489 829 471 808 459 c 0
 796 452 761 473 735 489 c 24
 666 532 628 558 565 609 c 24
 527 639 475 696 475 696 c 25
 511 729 l 25
397 691 m 25
 229 691 l 25
 229 741 l 25
 418 741 l 25
 437 760 440 795 466 789 c 24
 506 780 523 751 541 714 c 24
 547 702 525 701 514 693 c 25
 484 661 465 636 438 612 c 0
 386 566 365 548 312 516 c 24
 239 472 196 450 118 417 c 24
 92 406 74 405 46 405 c 9
 96 442 125 463 175 501 c 24
 225 540 253 562 301 603 c 24
 340 636 397 691 397 691 c 25
EndSplineSet
EndChar
