Width: 1000
Flags: H
TeX: 117 0
LayerCount: 2
Fore
SplineSet
864 -55 m 24
 844.232 -19.29 834.72 1.73047 816 38 c 25
 872.16 7.58008 917.941 8.06641 960 -40 c 24
 983.126 -66.4297 980.314 -99.4453 963 -130 c 24
 952.617 -148.322 925.787 -142.717 909 -130 c 24
 881.811 -109.401 880.521 -84.8438 864 -55 c 24
678 44 m 25
 713.1 22.9404 741.456 21.1602 768 -10 c 24
 776.65 -20.1553 755.19 -26.4697 747 -37 c 25
 715.41 -63.9102 701.584 -84.6494 666 -106 c 24
 630.416 -127.351 607.3 -135.102 567 -145 c 24
 539.707 -151.703 523.08 -146.83 495 -148 c 25
 526.59 -124.6 545.601 -112.928 576 -88 c 24
 604.178 -64.8945 622.719 -53.834 645 -25 c 24
 663.239 -1.39648 665.13 17.0898 678 44 c 25
648 93 m 1
 882 93 l 1
 882 43 l 1
 648 43 l 1
 648 93 l 1
666 212 m 1
 894 212 l 1
 894 162 l 1
 666 162 l 1
 666 212 l 1
660 316 m 1
 882 316 l 1
 882 266 l 1
 660 266 l 1
 660 316 l 1
654 422 m 25
 849 422 l 25
 865.38 434.87 870.891 460.435 891 455 c 24
 926.178 445.492 943.287 424.381 960 392 c 24
 966.55 379.309 947.19 373.7 939 362 c 25
 939 83 l 17
 931 54 925 32 894 29 c 1
 870 31 859 55 849 83 c 9
 849 372 l 25
 654 372 l 25
 654 422 l 25
624 446 m 25
 667.29 426.11 702.953 430.251 735 395 c 24
 748.745 379.881 722.19 365.72 714 347 c 25
 714 77 l 17
 706 48 700 26 669 23 c 1
 645 25 634 49 624 77 c 9
 624 446 l 25
708 680 m 25
 792 680 l 25
 782.64 650.75 780.562 633.024 768 605 c 24
 750.01 564.867 745.659 536.528 714 506 c 24
 677.434 470.739 644.46 467.57 600 443 c 25
 625.74 478.1 644.692 495.046 666 533 c 24
 682.491 562.375 686.745 581.609 696 614 c 24
 703.188 639.155 703.32 654.26 708 680 c 25
846 590 m 25
 846 657 l 25
 630 657 l 25
 630 707 l 25
 846 707 l 25
 862.38 719.87 867.891 745.435 888 740 c 24
 923.178 730.492 940.287 709.381 957 677 c 24
 963.55 664.309 944.19 658.7 936 647 c 25
 936 575 l 17
 924 545 918.219 525.232 897 500 c 24
 873.95 472.589 859.745 451.687 825 443 c 24
 807.27 438.567 803.227 461.527 789 473 c 24
 766.953 490.779 754.23 500.45 732 518 c 25
 801 518 l 25
 813.87 530.87 824.354 535.565 834 551 c 24
 842.435 564.495 841.32 574.79 846 590 c 25
444 261 m 25
 507.18 227.07 558.237 227.494 606 174 c 24
 627.27 150.179 617.057 115.096 594 93 c 24
 576.771 76.4893 553.012 90.5773 534 105 c 24
 515.241 119.23 522.073 140.912 507 159 c 24
 486.283 183.86 468.57 191.94 444 213 c 25
 444 261 l 25
438 177 m 25
 414.6 136.05 409.185 107.383 378 72 c 24
 347.056 36.8906 321.687 24.8042 282 0 c 24
 255.807 -16.3711 238.08 -20.1299 210 -33 c 25
 248.61 14.9697 274.228 39.1792 309 90 c 24
 335.312 128.455 347.946 152.045 366 195 c 24
 382.066 233.226 384.3 257.22 396 297 c 25
 438 297 l 25
 438 177 l 25
300 319 m 1
 570 319 l 1
 570 269 l 1
 300 269 l 1
 300 319 l 1
306 483 m 25
 528 483 l 25
 544.38 495.87 549.891 521.435 570 516 c 24
 605.178 506.492 622.287 485.381 639 453 c 24
 645.55 440.309 626.19 434.7 618 423 c 25
 618 303 l 17
 610 274 604 252 573 249 c 1
 549 251 538 275 528 303 c 9
 528 433 l 25
 306 433 l 25
 306 483 l 25
264 510 m 25
 307 490 343 494 375 459 c 24
 389 444 362 430 354 411 c 25
 354 288 l 17
 346 259 340 237 309 234 c 1
 285 236 274 260 264 288 c 9
 264 510 l 25
402 771 m 25
 445 751 481 755 513 720 c 24
 527 705 500 691 492 672 c 25
 492 -117 l 17
 484 -146 478 -168 447 -171 c 1
 423 -169 412 -145 402 -117 c 9
 402 771 l 25
282 651 m 25
 537 651 l 25
 537 651 560 687 585 696 c 1
 611 692 599 663 630 630 c 1
 638 612 621 601 603 601 c 9
 282 601 l 25
 282 651 l 25
186 621 m 25
 225.78 602.28 256.214 603.373 288 573 c 24
 312.662 549.434 323.551 526.016 321 492 c 24
 319.328 469.71 301.338 453.827 279 453 c 24
 258.314 452.234 250.718 471.292 240 489 c 24
 223.124 516.883 222.341 536.834 210 567 c 24
 201.273 588.33 195.36 599.94 186 621 c 25
60 591 m 25
 78.7197 541.86 98.8241 516.778 108 465 c 24
 115.565 422.312 117.798 394.372 102 354 c 24
 94.1729 333.998 75.166 323.351 54 327 c 24
 31.9727 330.798 17.9542 346.844 15 369 c 24
 10.0859 405.857 28.613 425.558 36 462 c 24
 46.166 512.153 50.6396 540.69 60 591 c 25
138 759 m 25
 181 739 217 743 249 708 c 24
 263 693 236 679 228 660 c 25
 228 -111 l 17
 220 -140 214 -162 183 -165 c 1
 159 -163 148 -139 138 -111 c 9
 138 759 l 25
EndSplineSet
EndChar
