Width: 1006
Flags: HW
TeX: 117 0
LayerCount: 2
Fore
SplineSet
324 117 m 25
 361 97 381 83 420 66 c 24
 485 37 523 23 591 0 c 24
 646 -18 677 -31 735 -39 c 24
 809 -50 852 -48 927 -48 c 25
 912 -62 899 -67 888 -84 c 24
 878 -99 891 -123 873 -129 c 24
 830 -143 801 -134 756 -126 c 24
 680 -113 635 -105 564 -75 c 24
 491 -44 457 -13 390 30 c 24
 354 53 335 68 300 93 c 25
 324 117 l 25
579 100 m 25
 324 100 l 25
 324 150 l 25
 600 150 l 25
 615 158 622 175 639 171 c 24
 669 163 693 153 702 123 c 24
 708 105 678 105 663 93 c 25
 640 70 630 53 603 33 c 24
 544 -11 510 -36 444 -69 c 24
 393 -94 362 -106 306 -114 c 24
 207 -128 150 -119 51 -123 c 25
 140 -101 191 -93 279 -66 c 24
 349 -45 392 -36 456 0 c 24
 510 30 531 61 579 100 c 25
345 213 m 25
 374 195 406 199 420 168 c 24
 428 150 394 150 378 138 c 25
 346 109 331 90 297 63 c 24
 264 36 247 16 207 0 c 24
 155 -21 121 -18 66 -30 c 25
 121 10 155 29 207 72 c 24
 246 104 265 126 300 162 c 24
 319 181 327 193 345 213 c 25
702 318 m 25
 729 306 749 307 771 288 c 24
 794 269 813 255 813 225 c 24
 813 200 793 180 768 180 c 24
 748 180 744 201 735 219 c 24
 727 235 732 247 726 264 c 24
 719 286 711 297 702 318 c 25
474 369 m 25
 506 355 531 358 555 333 c 24
 571 316 574 294 564 273 c 24
 554 253 535 244 513 246 c 24
 498 247 499 265 495 279 c 24
 491 293 498 301 495 315 c 24
 490 337 482 348 474 369 c 25
357 237 m 9
 357 375 l 25
 400 355 436 359 468 324 c 24
 482 309 455 295 447 276 c 25
 447 266 l 17
 450 246 461 251 471 249 c 9
 594 249 l 25
 603 262 609 269 618 282 c 24
 629 299 634 309 645 327 c 25
 652 295 651 276 663 246 c 24
 668 233 694 231 687 219 c 24
 674 198 652 203 630 192 c 25
 396 192 l 17
 378 205 362 217 357 237 c 9
285 339 m 25
 285 310 293 292 285 264 c 24
 277 239 269 223 246 210 c 24
 229 200 209 199 195 213 c 24
 177 231 168 254 180 276 c 24
 191 296 217 279 237 291 c 24
 260 305 266 320 285 339 c 25
816 337 m 25
 138 337 l 25
 138 387 l 25
 810 387 l 25
 829 406 832 435 858 435 c 24
 895 435 914 409 933 378 c 24
 943 363 926 351 921 333 c 25
 795 300 l 25
 816 337 l 25
142 450 m 25
 157 405 182 383 182 335 c 24
 182 296 170 265 139 248 c 24
 112 235 88 251 68 276 c 24
 55 293 62 315 71 335 c 24
 82 358 101 359 114 380 c 24
 129 405 131 423 142 450 c 25
420 723 m 25
 519 723 l 25
 508 700 503 686 492 663 c 24
 486 650 481 644 474 632 c 25
 420 632 l 25
 420 723 l 25
303 481 m 1
 663 481 l 1
 663 431 l 1
 303 431 l 1
 303 481 l 1
312 559 m 1
 651 559 l 1
 651 509 l 1
 312 509 l 1
 312 559 l 1
597 381 m 25
 597 591 l 25
 303 591 l 25
 303 641 l 25
 597 641 l 25
 613 654 619 679 639 674 c 24
 674 664 691 643 708 611 c 24
 715 598 695 593 687 581 c 25
 687 381 l 25
 597 381 l 25
270 378 m 25
 270 677 l 25
 313 657 352 664 381 626 c 24
 397 605 368 586 360 561 c 25
 360 378 l 25
 270 378 l 25
111 747 m 25
 759 747 l 25
 759 747 791 789 816 798 c 1
 842 794 869 759 900 726 c 1
 908 708 891 697 873 697 c 9
 111 697 l 25
 111 747 l 25
EndSplineSet
EndChar
