Width: 1000
Flags: H
TeX: 117 0
LayerCount: 2
Fore
SplineSet
744 169 m 1
 785 151 810 137 845 106 c 24
 874 80 893 64 906 27 c 24
 916 -1 919 -25 901 -48 c 24
 887 -66 864 -61 843 -53 c 24
 825 -46 820 -32 812 -14 c 24
 794 26 792 51 777 92 c 24
 766 123 759 138 744 169 c 1
489 210 m 17
 533 189 559 174 588 135 c 24
 609 107 615 84 611 49 c 24
 609 30 594 17 575 14 c 24
 555 11 540 21 530 38 c 24
 512 68 512 91 508 126 c 0
 504 161 496 177 489 210 c 17
684 -147 m 26
 360 -147 l 17
 332 -142 308 -124 303 -99 c 9
 303 204 l 25
 303 204 382 188 414 153 c 24
 428 138 401 124 393 105 c 25
 393 -31 l 17
 393 -52 413 -66 429 -67 c 9
 618 -67 l 25
 629 -47 637 -39 645 -21 c 24
 660 14 663 36 675 72 c 25
 683 19 683 -11 696 -63 c 24
 702 -85 726 -92 723 -114 c 24
 720 -134 704 -147 684 -147 c 26
177 135 m 1
 199 83 208 52 207 -3 c 24
 206 -48 198 -78 171 -114 c 24
 157 -132 134 -136 114 -126 c 24
 91 -115 77 -94 81 -69 c 24
 88 -23 118 -6 138 36 c 24
 156 74 164 93 177 135 c 1
627 486 m 25
 639 534 l 25
 639 534 700 456 744 411 c 24
 782 373 804 351 849 321 c 24
 884 298 948 276 948 276 c 25
 948 276 893 250 858 234 c 24
 844 228 837 214 822 219 c 24
 794 228 783 243 763 264 c 24
 725 304 704 328 675 375 c 24
 650 415 627 486 627 486 c 25
792 669 m 25
 792 669 856 642 876 606 c 24
 885 591 858 585 846 573 c 24
 818 545 805 526 774 502 c 24
 750 483 736 476 705 465 c 9
 720 495 731 512 744 543 c 24
 765 591 792 669 792 669 c 25
534 642 m 1
 558 588 567 557 555 504 c 24
 547 470 524 447 489 444 c 24
 465 442 454 471 456 495 c 24
 459 527 483 538 501 564 c 0
 520 592 526 598 534 642 c 1
600 495 m 26
 600 759 l 25
 600 759 679 743 711 708 c 24
 725 693 698 679 690 660 c 25
 690 486 l 26
 690 433 677 401 648 357 c 24
 616 308 589 287 540 255 c 24
 493 225 464 216 408 201 c 1
 452 236 472 253 507 292 c 24
 536 325 552 344 570 384 c 24
 589 425 600 450 600 495 c 26
303 528 m 25
 340 502 367 495 399 462 c 24
 418 443 428 426 429 399 c 24
 430 380 420 365 402 357 c 24
 385 349 370 355 354 366 c 24
 338 377 339 392 327 408 c 24
 314 425 305 434 291 450 c 25
 303 528 l 25
258 564 m 25
 258 444 l 25
 258 444 235 402 213 381 c 24
 179 348 158 330 117 306 c 24
 85 287 63 280 27 270 c 1
 86 336 121 376 177 447 c 24
 211 491 258 564 258 564 c 25
42 570 m 25
 363 570 l 25
 363 570 385 601 409 610 c 1
 428 603 452 575 471 549 c 1
 479 531 463 520 445 520 c 9
 42 520 l 25
 42 570 l 25
321 675 m 25
 321 219 l 17
 313 190 307 168 276 165 c 1
 252 167 241 191 231 219 c 9
 231 675 l 25
 321 675 l 25
399 771 m 25
 399 771 435 717 441 678 c 24
 443 667 425 668 414 666 c 24
 343 656 302 655 231 648 c 17
 153 646 120 648 30 657 c 9
 131 686 188 701 288 732 c 24
 332 746 399 771 399 771 c 25
EndSplineSet
EndChar
