Width: 1000
Flags: H
TeX: 117 0
LayerCount: 2
Fore
SplineSet
429 54 m 25
 798 54 l 25
 798 54 821 90 846 99 c 1
 872 95 860 66 891 33 c 1
 899 15 882 4 864 4 c 9
 429 4 l 25
 429 54 l 25
426 177 m 25
 786 177 l 25
 786 177 809 213 834 222 c 1
 860 218 848 189 879 156 c 1
 887 138 870 127 852 127 c 9
 426 127 l 25
 426 177 l 25
435 -78 m 25
 831 -78 l 25
 831 -78 854 -42 879 -33 c 1
 905 -37 893 -66 924 -99 c 1
 932 -117 915 -128 897 -128 c 9
 435 -128 l 25
 435 -78 l 25
393 303 m 25
 436 283 472 287 504 252 c 24
 518 237 491 223 483 204 c 25
 483 -117 l 17
 475 -146 469 -168 438 -171 c 1
 414 -169 403 -145 393 -117 c 9
 393 303 l 25
600 255 m 1
 690 255 l 1
 690 -114 l 1
 600 -114 l 1
 600 255 l 1
633 417 m 25
 668.1 404.13 695.391 409.208 723 384 c 24
 733.547 374.37 710.19 365.7 702 354 c 25
 636 264 l 25
 567 264 l 25
 633 417 l 25
408 282 m 25
 792 282 l 25
 821 310 830 342 855 351 c 1
 881 347 923 294 954 261 c 1
 962 243 945 232 927 232 c 9
 408 232 l 25
 408 282 l 25
432 408 m 25
 469.44 392.79 497.237 395.205 528 369 c 24
 537.958 360.518 518.85 350.7 513 339 c 25
 495.45 313.26 487.754 297.09 468 273 c 24
 439.653 238.431 426.105 215.363 390 189 c 24
 351.12 160.611 322.29 156.06 279 135 c 25
 304.74 171.27 321.087 190.5 345 228 c 24
 372.622 271.316 388.644 295.746 411 342 c 24
 422.755 366.32 423.81 382.26 432 408 c 25
690 457 m 1
 882 457 l 1
 882 407 l 1
 690 407 l 1
 690 457 l 1
690 549 m 1
 873 549 l 1
 873 499 l 1
 690 499 l 1
 690 549 l 1
708 639 m 1
 864 639 l 1
 864 589 l 1
 708 589 l 1
 708 639 l 1
696 726 m 25
 828 726 l 25
 844.38 738.87 849.891 764.435 870 759 c 24
 905.178 749.492 922.287 728.381 939 696 c 24
 945.55 683.309 926.19 677.7 918 666 c 25
 918 423 l 17
 910 394 904 372 873 369 c 1
 849 371 838 395 828 423 c 9
 828 676 l 25
 696 676 l 25
 696 726 l 25
648 759 m 25
 691 739 727 743 759 708 c 24
 773 693 746 679 738 660 c 25
 738 444 l 17
 730 415 724 393 693 390 c 1
 669 392 658 416 648 444 c 9
 648 759 l 25
411 445 m 1
 564 445 l 1
 564 395 l 1
 411 395 l 1
 411 445 l 1
411 533 m 1
 540 533 l 1
 540 483 l 1
 411 483 l 1
 411 533 l 1
399 625 m 1
 549 625 l 1
 549 575 l 1
 399 575 l 1
 399 625 l 1
399 723 m 25
 516 723 l 25
 532.38 735.87 537.891 761.435 558 756 c 24
 593.178 746.492 610.287 725.381 627 693 c 24
 633.55 680.309 614.19 674.7 606 663 c 25
 606 432 l 17
 598 403 592 381 561 378 c 1
 537 380 526 404 516 432 c 9
 516 673 l 25
 399 673 l 25
 399 723 l 25
363 756 m 25
 406 736 442 740 474 705 c 24
 488 690 461 676 453 657 c 25
 453 423 l 17
 445 394 439 372 408 369 c 1
 384 371 373 395 363 423 c 9
 363 756 l 25
225 606 m 25
 249.57 590.79 266.521 586.331 288 567 c 24
 313.944 543.65 336.729 531.91 345 498 c 24
 350.579 475.125 337.832 456.692 318 444 c 24
 302.11 433.83 282.72 436.068 270 450 c 24
 252.97 468.651 262 488.732 255 513 c 24
 244.438 549.617 236.7 569.73 225 606 c 25
96 558 m 25
 111.21 515.88 131.064 494.608 135 450 c 24
 138.368 411.823 135.978 385.398 114 354 c 24
 98.9219 332.46 76.8419 325.155 51 330 c 24
 30.5254 333.839 14.5754 351.452 18 372 c 24
 24.4023 410.415 56.9388 420.085 72 456 c 24
 87.8037 493.687 86.6396 518.22 96 558 c 25
147 762 m 25
 190 742 226 746 258 711 c 24
 272 696 245 682 237 663 c 25
 237 -135 l 17
 229 -164 223 -186 192 -189 c 1
 168 -187 157 -163 147 -135 c 9
 147 762 l 25
EndSplineSet
EndChar
