Width: 1000
Flags: HW
LayerCount: 2
Fore
SplineSet
578 779 m 25
 621 759 657 763 689 728 c 24
 703 713 676 699 668 680 c 25
 668 523 l 25
 578 523 l 25
 578 779 l 25
353 671 m 25
 767 671 l 25
 796 699 805 731 830 740 c 1
 856 736 898 683 929 650 c 1
 937 632 920 621 902 621 c 9
 353 621 l 25
 353 671 l 25
650 89 m 17
 728 53 749 55 800 14 c 24
 845 -23 874 -50 890 -106 c 24
 897 -132 878 -162 851 -163 c 24
 820 -164 811 -133 791 -109 c 24
 762 -74 751 -50 725 -13 c 24
 696 27 679 49 650 89 c 17
506 55 m 25
 540 28 569 23 593 -13 c 24
 601 -24 577 -26 566 -34 c 24
 522 -66 501 -90 452 -115 c 24
 400 -141 366 -144 311 -163 c 25
 355 -120 384 -98 425 -52 c 24
 460 -13 474 13 506 55 c 25
467 219 m 1
 803 219 l 1
 803 169 l 1
 467 169 l 1
 467 219 l 1
467 332 m 1
 785 332 l 1
 785 282 l 1
 467 282 l 1
 467 332 l 1
455 444 m 1
 782 444 l 1
 782 394 l 1
 455 394 l 1
 455 444 l 1
455 551 m 25
 728 551 l 25
 744 564 750 589 770 584 c 24
 805 574 822 553 839 521 c 24
 846 508 826 503 818 491 c 25
 818 194 l 17
 810 165 804 143 773 140 c 1
 749 142 738 166 728 194 c 9
 728 500 l 25
 455 500 l 25
 455 551 l 25
422 583 m 25
 465 564 501 568 533 532 c 24
 547 517 520 503 512 484 c 25
 512 194 l 17
 504 165 498 143 467 140 c 1
 443 142 432 166 422 194 c 9
 422 583 l 25
329 111 m 25
 800 111 l 25
 829 139 838 171 863 180 c 1
 889 176 931 123 962 90 c 1
 970 72 953 61 935 61 c 9
 329 61 l 25
 329 111 l 25
239 613 m 25
 289 590 325 588 368 553 c 24
 391 535 398 513 398 484 c 24
 398 466 386 453 368 448 c 24
 349 443 334 449 320 463 c 24
 300 483 303 505 287 529 c 24
 271 551 258 560 239 580 c 25
 239 613 l 25
104 553 m 25
 117 500 133 472 137 418 c 24
 140 378 145 349 122 316 c 24
 106 294 78 289 53 301 c 24
 32 311 32 335 35 358 c 24
 39 388 61 398 71 427 c 24
 88 475 91 504 104 553 c 25
176 781 m 25
 219 761 255 765 287 730 c 24
 301 715 274 701 266 682 c 25
 266 -122 l 17
 258 -151 252 -173 221 -176 c 1
 197 -174 186 -150 176 -122 c 9
 176 781 l 25
EndSplineSet
EndChar
