Width: 1000
Flags: H
TeX: 117 0
LayerCount: 2
Fore
SplineSet
753 114 m 25
 797 86 833 82 867 42 c 24
 893 12 899 -15 897 -54 c 24
 896 -75 881 -89 861 -93 c 24
 839 -97 822 -87 810 -69 c 24
 791 -41 799 -17 789 15 c 24
 777 54 767 75 753 114 c 25
461 173 m 25
 499 154 530 157 560 126 c 24
 584 100 595 74 587 39 c 24
 581 12 559 -5 531 -4 c 24
 506 -3 498 21 489 44 c 24
 481 65 493 79 488 101 c 24
 482 130 471 145 461 173 c 25
255 -78 m 9
 255 177 l 25
 298 157 334 161 366 126 c 24
 380 111 353 97 345 78 c 25
 345 0 l 17
 338 -24 351 -33 363 -42 c 9
 612 -42 l 25
 624 -26 632 -18 642 0 c 24
 657 27 662 44 675 72 c 25
 675 25 669 -3 681 -48 c 24
 686 -68 717 -66 717 -87 c 24
 717 -107 699 -113 687 -129 c 25
 291 -129 l 17
 277 -118 264 -119 255 -78 c 9
117 126 m 25
 136 83 157 61 165 15 c 24
 171 -19 171 -43 153 -72 c 24
 139 -95 119 -109 93 -105 c 24
 70 -101 56 -80 57 -57 c 24
 59 -19 87 -6 99 30 c 24
 111 66 110 89 117 126 c 25
609 369 m 25
 643 356 669 360 696 336 c 24
 717 318 728 297 723 270 c 24
 718 243 700 229 675 219 c 24
 660 213 646 223 639 237 c 24
 628 258 638 274 633 297 c 24
 626 326 618 341 609 369 c 25
474 366 m 25
 511 347 540 347 570 318 c 24
 591 298 599 278 597 249 c 24
 596 229 584 214 564 210 c 24
 544 206 529 217 519 234 c 24
 503 261 514 283 504 312 c 24
 496 335 486 345 474 366 c 25
363 360 m 25
 403 326 438 318 465 273 c 24
 478 251 473 227 456 207 c 24
 441 190 421 191 399 198 c 24
 384 202 382 216 378 231 c 24
 372 255 378 270 375 294 c 24
 372 320 368 334 363 360 c 25
558 705 m 1
 648 705 l 1
 648 384 l 1
 558 384 l 1
 558 705 l 1
816 361 m 25
 396 361 l 25
 396 411 l 25
 822 411 l 25
 838 423 845 447 864 441 c 24
 896 432 911 411 924 381 c 24
 930 367 913 359 906 345 c 25
 893 303 890 277 873 237 c 24
 859 203 851 182 825 156 c 24
 802 133 785 110 753 114 c 24
 730 117 744 150 729 168 c 24
 711 190 694 195 672 213 c 25
 747 213 l 25
 763 228 780 232 789 252 c 24
 808 292 805 318 816 361 c 25
390 519 m 25
 753 519 l 25
 753 519 776 555 801 564 c 1
 827 560 815 531 846 498 c 1
 854 480 837 469 819 469 c 9
 390 469 l 25
 390 519 l 25
402 612 m 25
 744 612 l 25
 744 612 767 648 792 657 c 1
 818 653 806 624 837 591 c 1
 845 573 828 562 810 562 c 9
 402 562 l 25
 402 612 l 25
411 723 m 25
 786 723 l 25
 786 723 809 759 834 768 c 1
 860 764 848 735 879 702 c 1
 887 684 870 673 852 673 c 9
 411 673 l 25
 411 723 l 25
366 753 m 25
 409 733 445 737 477 702 c 24
 491 687 464 673 456 654 c 25
 456 378 l 17
 448 349 442 327 411 324 c 1
 387 326 376 350 366 378 c 9
 366 753 l 25
279 390 m 25
 291 343 311 318 309 270 c 24
 308 239 298 217 273 198 c 24
 254 183 232 180 210 192 c 24
 192 202 187 222 192 243 c 24
 197 263 220 261 231 279 c 24
 255 320 260 347 279 390 c 25
72 465 m 25
 99 469 114 469 141 474 c 24
 214 488 254 498 327 513 c 25
 267 465 235 437 174 390 c 24
 159 378 148 351 132 363 c 24
 95 390 95 425 72 465 c 25
111 744 m 25
 158 730 193 738 231 708 c 24
 259 686 265 659 264 624 c 24
 263 602 249 587 228 582 c 24
 209 578 195 590 183 606 c 24
 165 631 170 653 156 681 c 24
 142 708 129 719 111 744 c 25
EndSplineSet
EndChar
