Width: 1000
Flags: HW
LayerCount: 2
Fore
SplineSet
657 795 m 25
 692 781 721 788 747 760 c 24
 758 748 729 742 717 730 c 25
 696 653 l 25
 657 653 l 25
 657 795 l 25
552 300 m 1
 810 300 l 1
 810 250 l 1
 552 250 l 1
 552 300 l 1
546 428 m 1
 819 428 l 1
 819 378 l 1
 546 378 l 1
 546 428 l 1
543 557 m 1
 798 557 l 1
 798 507 l 1
 543 507 l 1
 543 557 l 1
546 670 m 25
 756 670 l 25
 772 683 778 709 798 703 c 24
 833 694 850 673 867 640 c 24
 874 627 854 622 846 610 c 25
 846 265 l 17
 838 236 832 214 801 211 c 1
 777 213 766 237 756 265 c 9
 756 620 l 25
 546 620 l 25
 546 670 l 25
522 697 m 25
 565 677 601 681 633 646 c 24
 647 631 620 617 612 598 c 25
 612 251 l 17
 604 222 598 200 567 197 c 1
 543 199 532 223 522 251 c 9
 522 697 l 25
57 690 m 25
 175 719 244 726 360 762 c 24
 383 769 391 782 411 795 c 25
 439 762 456 745 483 711 c 24
 489 704 490 698 495 690 c 25
 57 690 l 25
768 186 m 25
 802 174 824 175 855 156 c 24
 899 128 932 115 957 69 c 24
 974 38 965 11 951 -21 c 24
 944 -38 927 -50 909 -45 c 24
 887 -39 884 -20 873 0 c 24
 855 32 855 55 837 87 c 24
 814 128 795 147 768 186 c 25
441 198 m 25
 469 182 492 180 513 156 c 24
 543 122 569 99 567 54 c 24
 566 23 538 -1 507 0 c 24
 479 1 474 31 465 57 c 24
 458 77 472 90 468 111 c 24
 462 146 452 164 441 198 c 25
240 -108 m 9
 240 174 l 25
 283 154 319 158 351 123 c 24
 365 108 338 94 330 75 c 25
 330 -30 l 17
 330 -48 325 -66 345 -63 c 9
 669 -63 l 25
 684 -44 699 -38 708 -15 c 24
 725 29 723 56 732 102 c 25
 746 33 747 -8 768 -75 c 24
 773 -90 799 -90 795 -105 c 24
 789 -127 768 -129 750 -144 c 25
 273 -144 l 17
 263 -137 248 -145 240 -108 c 9
96 117 m 25
 110 83 127 66 132 30 c 24
 138 -15 143 -46 123 -87 c 24
 104 -126 81 -150 39 -159 c 24
 18 -164 8 -132 12 -111 c 24
 20 -64 49 -45 66 0 c 24
 82 44 84 71 96 117 c 25
135 311 m 1
 402 311 l 1
 402 261 l 1
 135 261 l 1
 135 311 l 1
123 456 m 25
 354 456 l 25
 370 469 376 494 396 489 c 24
 431 479 448 458 465 426 c 24
 472 413 452 408 444 396 c 25
 444 282 l 17
 436 253 430 231 399 228 c 1
 375 230 364 254 354 282 c 9
 354 406 l 25
 123 406 l 25
 123 456 l 25
102 480 m 25
 145 460 181 464 213 429 c 24
 227 414 200 400 192 381 c 25
 192 246 l 17
 184 217 178 195 147 192 c 1
 123 194 112 218 102 246 c 9
 102 480 l 25
243 711 m 1
 333 711 l 1
 333 420 l 1
 243 420 l 1
 243 711 l 1
69 585 m 25
 411 585 l 25
 411 585 434 621 459 630 c 1
 485 626 473 597 504 564 c 1
 512 546 495 535 477 535 c 9
 69 535 l 25
 69 585 l 25
EndSplineSet
EndChar
