Width: 1000
Flags: H
TeX: 117 0
LayerCount: 2
Fore
SplineSet
573 624 m 25
 573 789 l 25
 616 769 652 773 684 738 c 24
 698 723 671 709 663 690 c 25
 663 624 l 25
 573 624 l 25
852 147 m 25
 886 117 913 106 939 69 c 24
 958 42 967 21 963 -12 c 24
 960 -35 947 -57 924 -57 c 24
 900 -57 893 -34 882 -12 c 24
 871 12 875 28 870 54 c 24
 863 90 859 111 852 147 c 25
606 171 m 17
 652 147 676 143 705 108 c 24
 729 79 739 53 736 15 c 24
 734 -4 713 -15 694 -12 c 24
 671 -9 660 7 649 27 c 24
 636 51 642 70 634 96 c 24
 625 126 617 142 606 171 c 17
831 -141 m 9
 537 -141 l 17
 509 -136 485 -118 480 -93 c 9
 480 141 l 25
 523 121 559 125 591 90 c 24
 605 75 578 61 570 42 c 25
 570 -25 l 17
 570 -46 590 -60 606 -61 c 9
 762 -61 l 25
 768 -35 771 -20 777 6 c 24
 784 39 788 57 795 90 c 25
 810 32 815 -3 834 -60 c 24
 841 -81 863 -86 862 -108 c 24
 861 -126 852 -132 831 -141 c 9
396 129 m 25
 405 82 423 57 420 9 c 24
 418 -34 413 -64 384 -96 c 24
 367 -115 340 -119 318 -105 c 24
 299 -93 303 -70 309 -48 c 24
 317 -17 337 -5 351 24 c 24
 371 64 378 88 396 129 c 25
437 208 m 25
 816 208 l 25
 816 158 l 25
 437 158 l 25
 437 208 l 25
447 311 m 25
 801 311 l 25
 801 261 l 25
 447 261 l 25
 447 311 l 25
447 411 m 25
 741 411 l 25
 757 424 763 449 783 444 c 24
 818 434 835 413 852 381 c 24
 859 368 839 363 831 351 c 25
 831 189 l 17
 823 160 817 138 786 135 c 1
 762 137 751 161 741 189 c 9
 741 361 l 25
 447 361 l 25
 447 411 l 25
408 444 m 25
 451 424 487 428 519 393 c 24
 533 378 506 364 498 345 c 25
 498 198 l 17
 490 169 484 147 453 144 c 1
 429 146 418 170 408 198 c 9
 408 444 l 25
687 627 m 25
 786 627 l 25
 775 604 769 591 759 567 c 24
 744 532 737 512 723 477 c 25
 669 480 l 25
 687 627 l 25
462 627 m 25
 552 627 l 25
 573 483 l 25
 507 483 l 25
 462 627 l 25
342 507 m 25
 813 507 l 25
 842 535 851 567 876 576 c 1
 902 572 944 519 975 486 c 1
 983 468 966 457 948 457 c 9
 342 457 l 25
 342 507 l 25
369 662 m 25
 756 662 l 25
 756 662 794 722 819 731 c 1
 845 727 887 674 918 641 c 1
 926 623 909 612 891 612 c 9
 369 612 l 25
 369 662 l 25
207 558 m 25
 213 597 l 17
 243 585 285 574 324 546 c 24
 345 531 359 517 360 492 c 24
 361 469 350 441 327 444 c 24
 291 448 282 479 255 504 c 24
 235 523 226 537 207 558 c 25
90 543 m 25
 104 482 125 449 126 387 c 24
 126 343 121 313 93 279 c 24
 80 263 56 266 39 279 c 24
 23 291 25 310 27 330 c 24
 30 363 42 379 51 411 c 24
 66 462 75 492 90 543 c 25
153 783 m 25
 196 763 232 767 264 732 c 24
 278 717 251 703 243 684 c 25
 243 -105 l 17
 235 -134 229 -156 198 -159 c 1
 174 -157 163 -133 153 -105 c 9
 153 783 l 25
EndSplineSet
EndChar
