Width: 1000
Flags: H
TeX: 117 0
LayerCount: 2
Fore
SplineSet
807 135 m 17
 857 111 887 94 922 51 c 24
 949 18 958 -10 957 -52 c 24
 957 -74 942 -90 920 -96 c 24
 901 -101 886 -91 876 -74 c 24
 855 -38 855 -6 846 30 c 0
 836 71 822 94 807 135 c 17
599 177 m 17
 648 157 673 146 704 108 c 24
 724 83 725 58 719 27 c 24
 715 8 700 -5 681 -5 c 24
 662 -6 650 8 641 25 c 24
 627 51 633 71 625 99 c 24
 616 130 609 147 599 177 c 17
777 -156 m 9
 525 -156 l 17
 497 -151 473 -133 468 -108 c 9
 468 147 l 25
 511 127 547 131 579 96 c 24
 593 81 566 67 558 48 c 25
 558 -40 l 17
 558 -61 578 -75 594 -76 c 9
 711 -76 l 25
 720 -53 726 -41 735 -18 c 24
 746 9 751 24 762 51 c 25
 771 5 771 -22 786 -66 c 24
 794 -90 825 -95 822 -120 c 24
 820 -142 799 -151 777 -156 c 9
390 87 m 17
 404 47 410 24 411 -18 c 24
 412 -51 410 -72 395 -101 c 24
 383 -124 371 -141 345 -144 c 24
 324 -146 303 -133 300 -112 c 0
 298 -97 302 -72 318 -54 c 0
 335 -35 346 -15 360 12 c 24
 374 40 378 58 390 87 c 17
723 783 m 17
 778 767 792 762 825 732 c 24
 844 714 848 695 846 669 c 24
 844 649 837 631 817 625 c 24
 799 620 786 633 774 648 c 24
 758 669 759 686 750 711 c 24
 739 739 734 755 723 783 c 17
816 528 m 25
 816 528 877 494 903 459 c 24
 910 450 888 448 882 438 c 24
 853 395 845 365 813 324 c 24
 786 289 767 271 733 243 c 24
 702 217 683 205 648 186 c 9
 674 230 690 255 714 300 c 24
 740 348 755 376 777 426 c 24
 794 465 816 528 816 528 c 25
474 243 m 25
 612 243 l 25
 612 193 l 25
 474 193 l 25
 474 243 l 25
468 393 m 25
 567 393 l 25
 583 406 589 431 609 426 c 24
 644 416 661 395 678 363 c 24
 685 350 665 345 657 333 c 25
 657 228 l 17
 649 199 643 177 612 174 c 1
 588 176 577 200 567 228 c 9
 567 343 l 25
 468 343 l 25
 468 393 l 25
417 420 m 25
 460 400 496 404 528 369 c 24
 542 354 515 340 507 321 c 25
 507 210 l 17
 499 181 493 159 462 156 c 1
 438 158 427 182 417 210 c 9
 417 420 l 25
429 516 m 25
 561 516 l 25
 561 516 583 547 607 556 c 1
 626 549 650 521 669 495 c 1
 677 477 661 466 643 466 c 9
 429 466 l 25
 429 516 l 25
927 150 m 24
 901 130 871 141 843 159 c 24
 787 194 761 225 723 279 c 24
 683 336 667 374 648 441 c 24
 628 509 624 550 624 621 c 26
 624 786 l 25
 667 766 703 770 735 735 c 24
 749 720 722 706 714 687 c 25
 714 564 l 26
 714 507 722 474 741 420 c 24
 760 367 778 340 810 294 c 24
 826 271 842 265 862 246 c 25
 945 312 l 25
 915 216 l 1
 915 216 948 166 927 150 c 24
384 633 m 25
 798 633 l 25
 827 661 836 693 861 702 c 1
 887 698 929 645 960 612 c 1
 968 594 951 583 933 583 c 9
 384 583 l 25
 384 633 l 25
348 408 m 9
 348 661 l 25
 391 641 427 645 459 610 c 24
 473 595 446 581 438 562 c 25
 438 410 l 26
 438 343 427 286 407 240 c 0
 393 208 378 183 351 153 c 24
 329 128 318 119 282 102 c 1
 301 145 309 165 318 207 c 24
 335 284 345 345 348 408 c 9
234 600 m 17
 276 579 301 580 330 549 c 24
 354 522 369 497 360 462 c 24
 353 437 322 423 300 435 c 24
 266 454 272 489 252 522 c 24
 243 538 236 546 225 561 c 25
 234 600 l 17
144 525 m 17
 156 464 163 405 144 352 c 0
 134 324 118 295 84 285 c 24
 62 279 38 299 39 321 c 24
 42 363 71 381 92 415 c 0
 118 457 124 482 144 525 c 17
168 777 m 9
 211 757 247 761 279 726 c 24
 293 711 266 697 258 678 c 25
 258 -117 l 17
 250 -146 244 -168 213 -171 c 1
 189 -169 178 -145 168 -117 c 1
 168 777 l 9
EndSplineSet
EndChar
