Width: 1000
Flags: H
TeX: 117 0
LayerCount: 2
Fore
SplineSet
249 85 m 1
 402 85 l 1
 402 35 l 1
 249 35 l 1
 249 85 l 1
243 187 m 1
 393 187 l 1
 393 137 l 1
 243 137 l 1
 243 187 l 1
243 319 m 1
 399 319 l 1
 399 269 l 1
 243 269 l 1
 243 319 l 1
519 114 m 25
 564 114 l 25
 564 114 587 150 612 159 c 1
 638 155 626 126 657 93 c 1
 665 75 648 64 630 64 c 9
 519 64 l 25
 519 114 l 25
525 198 m 25
 576 198 l 25
 576 198 599 234 624 243 c 1
 650 239 638 210 669 177 c 1
 677 159 660 148 642 148 c 9
 525 148 l 25
 525 198 l 25
513 315 m 25
 576 315 l 25
 576 315 599 351 624 360 c 1
 650 356 638 327 669 294 c 1
 677 276 660 265 642 265 c 9
 513 265 l 25
 513 315 l 25
474 411 m 1
 564 411 l 1
 564 -12 l 1
 474 -12 l 1
 474 411 l 1
351 414 m 1
 441 414 l 1
 441 -48 l 1
 351 -48 l 1
 351 414 l 1
339 -102 m 24
 315.942 -108.148 297.332 -129.277 279 -114 c 24
 251.428 -91.0234 260.7 -60.9297 249 -27 c 25
 298.14 -22.3203 325.999 -20.9596 375 -15 c 24
 499.182 0.103516 568.98 10.6201 693 27 c 25
 650.88 7.11035 628.287 -6.79611 585 -24 c 24
 536.864 -43.1309 508.376 -50.3442 459 -66 c 24
 412.425 -80.7676 386.211 -89.4104 339 -102 c 24
768 672 m 25
 810.12 646.26 844.078 643.651 876 606 c 24
 894.3 584.415 893.711 560.925 885 534 c 24
 878.804 514.848 863.13 504 843 504 c 24
 825.606 504 816.793 517.988 810 534 c 24
 799.401 558.982 808.901 577.038 801 603 c 24
 792.314 631.537 780.87 645.09 768 672 c 25
804 315 m 17
 804 315 870.746 285.172 903 261 c 9
 879 231 l 25
 856.77 178.35 848.617 146.573 822 96 c 24
 789.942 35.0898 776.012 -3.72361 729 -54 c 24
 689.771 -95.9541 659.452 -113.979 606 -135 c 24
 553.016 -155.837 518.16 -149.64 462 -159 c 25
 511.14 -133.26 544.785 -127.783 588 -93 c 24
 642.198 -49.377 671.38 -20.1554 708 39 c 24
 748.599 104.582 757.661 149.15 783 222 c 24
 795.216 257.119 795.81 278.73 804 315 c 17
669 153 m 25
 669 750 l 25
 712.29 730.11 747.953 734.251 780 699 c 24
 793.745 683.881 767.19 669.72 759 651 c 25
 759 249 l 25
 757.83 211.56 748.283 189.654 756 153 c 24
 767.369 98.9951 778.495 68.2579 807 21 c 24
 824.113 -7.37207 845.43 -13.7695 870 -36 c 25
 963 27 l 25
 950.13 -10.4404 942.52 -31.4414 930 -69 c 0
 921 -96 959.156 -106.218 954 -132 c 24
 950.181 -151.095 931.225 -155.899 912 -159 c 24
 891.827 -162.254 878.911 -156.834 861 -147 c 24
 818.317 -123.566 792.821 -110.029 759 -75 c 24
 726.089 -40.9141 710.397 -17.0721 693 27 c 24
 674.633 73.5293 678.36 103.86 669 153 c 25
261 426 m 25
 798 426 l 25
 827 454 836 486 861 495 c 1
 887 491 929 438 960 405 c 1
 968 387 951 376 933 376 c 9
 261 376 l 25
 261 426 l 25
561 576 m 25
 590.25 566.64 611.52 570.545 636 552 c 24
 653.521 538.726 662.342 522.857 660 501 c 24
 658.061 482.902 645.119 468 627 468 c 24
 611.33 468 608.355 484.099 597 495 c 24
 579.096 512.188 569.55 522.45 552 540 c 25
 561 576 l 25
528 576 m 25
 528 696 l 25
 571.29 676.11 606.953 680.251 639 645 c 24
 652.745 629.881 626.19 615.72 618 597 c 25
 618 549 l 25
 595.77 527.94 585.765 513.011 561 495 c 24
 533.888 475.282 515.25 469.38 486 453 c 25
 497.7 477.57 507.206 490.246 516 516 c 24
 523.711 538.583 523.32 552.6 528 576 c 25
363 597 m 25
 406.29 585.3 436.439 591.496 474 567 c 24
 495.493 552.982 501 532.66 501 507 c 24
 501 487.527 491.794 472.908 474 465 c 24
 462.436 459.86 455.584 473.701 447 483 c 24
 440.956 489.548 443.491 496.983 438 504 c 24
 422.186 524.207 410.55 533.28 393 552 c 25
 363 597 l 25
342 576 m 25
 342 699 l 25
 385.29 679.11 420.953 683.251 453 648 c 24
 466.745 632.881 440.19 618.72 432 600 c 25
 432 567 l 25
 415.62 545.94 408.267 532.446 390 513 c 24
 371.839 493.667 361.331 482.315 339 468 c 24
 315.196 452.741 298.74 449.7 273 438 c 25
 291.72 469.59 304.578 486.156 321 519 c 24
 331.595 540.189 333.81 553.77 342 576 c 25
189 543 m 25
 212.4 525.45 229.376 519.69 249 498 c 24
 274.473 469.847 297.407 454.553 303 417 c 24
 306.934 390.586 295.236 365.736 270 357 c 24
 249.434 349.881 237.58 372.241 225 390 c 24
 216.104 402.558 225.062 414.856 219 429 c 24
 210.691 448.387 200.7 456.45 189 474 c 25
 189 543 l 25
51 519 m 25
 68.5498 482.73 84.4219 464.594 96 426 c 24
 105.802 393.327 114.371 371.799 105 339 c 24
 96.5635 309.471 83.5292 287.437 54 279 c 24
 30.835 272.382 3.75741 285.203 0 309 c 24
 -5.55859 344.206 27.5887 358.365 36 393 c 24
 47.6787 441.089 45.1504 469.86 51 519 c 25
132 696 m 25
 175 676 211 680 243 645 c 24
 257 630 230 616 222 597 c 25
 222 -108 l 17
 214 -137 208 -159 177 -162 c 1
 153 -160 142 -136 132 -108 c 9
 132 696 l 25
EndSplineSet
EndChar
