Width: 1000
Flags: H
TeX: 117 0
LayerCount: 2
Fore
SplineSet
117 387 m 25
 435 387 l 25
 435 387 457 418 481 427 c 1
 500 420 524 392 543 366 c 1
 551 348 535 337 517 337 c 9
 117 337 l 25
 117 387 l 25
78 657 m 25
 78 657 157 641 189 606 c 24
 203 591 176 577 168 558 c 25
 168 363 l 17
 160 334 154 312 123 309 c 1
 99 311 88 335 78 363 c 9
 78 657 l 25
809 511 m 17
 847 496 870 484 897 453 c 24
 916 431 922 411 921 381 c 24
 921 362 913 346 895 339 c 24
 879 332 862 338 853 353 c 24
 838 379 851 400 843 429 c 24
 834 462 822 479 809 511 c 17
772 100 m 1
 822 88 847 81 885 51 c 24
 917 26 934 4 944 -36 c 24
 950 -61 944 -86 921 -99 c 24
 901 -110 880 -98 864 -81 c 24
 841 -56 846 -30 831 0 c 24
 810 40 796 63 772 100 c 1
726 -179 m 26
 402 -179 l 17
 374 -174 350 -156 345 -131 c 9
 345 147 l 25
 345 147 424 131 456 96 c 24
 470 81 443 67 435 48 c 25
 435 -63 l 17
 435 -84 455 -98 471 -99 c 9
 678 -99 l 25
 689 -80 695 -67 705 -42 c 24
 715 -17 720 -2 729 24 c 25
 736 -26 736 -55 747 -105 c 24
 751 -123 773 -129 768 -147 c 24
 762 -167 747 -179 726 -179 c 26
237 60 m 17
 258 4 269 -42 255 -105 c 24
 247 -140 221 -159 186 -165 c 24
 160 -169 130 -152 132 -126 c 24
 135 -81 168 -66 195 -30 c 0
 218 0 221 25 237 60 c 17
528 151 m 17
 578 128 604 107 636 63 c 24
 652 40 657 15 642 -9 c 24
 630 -28 602 -33 585 -19 c 24
 560 2 568 29 558 60 c 24
 546 95 540 116 528 151 c 17
793 331 m 17
 837 318 851 310 879 284 c 24
 902 262 911 243 918 212 c 24
 922 193 919 177 904 165 c 24
 891 155 874 158 863 170 c 24
 842 195 845 218 832 248 c 24
 818 281 808 299 793 331 c 17
593 333 m 25
 622 315 642 310 667 288 c 24
 672 284 658 283 654 279 c 0
 639 263 614 229 600 214 c 0
 581 194 544 174 518 166 c 9
 533 200 542 219 557 253 c 24
 571 284 579 302 593 333 c 25
768 399 m 25
 768 174 l 17
 760 145 754 123 723 120 c 1
 699 122 688 146 678 174 c 9
 678 399 l 25
 768 399 l 25
516 426 m 1
 516 426 646 434 729 438 c 24
 787 441 820 442 879 444 c 25
 882 408 l 25
 579 357 l 24
 570 355 562 342 556 349 c 24
 533 374 516 426 516 426 c 1
762 624 m 1
 762 624 806 588 825 558 c 24
 829 552 817 549 811 545 c 24
 633 401 l 25
 597 401 l 25
 639 456 664 487 705 543 c 24
 728 574 762 624 762 624 c 1
528 618 m 17
 576 609 607 602 648 573 c 24
 676 554 689 534 696 501 c 24
 700 483 690 453 672 459 c 24
 635 471 630 503 604 532 c 24
 574 565 558 584 528 618 c 17
671 699 m 25
 768 699 l 25
 624 552 l 25
 584 568 l 25
 603 596 614 611 633 639 c 24
 648 662 656 676 671 699 c 25
822 798 m 1
 822 798 867 746 873 705 c 24
 875 691 852 695 838 693 c 24
 753 681 704 676 618 669 c 24
 553 663 518 660 450 660 c 1
 534 684 578 697 657 726 c 24
 723 750 822 798 822 798 c 1
399 326 m 1
 449 316 464 309 492 279 c 24
 513 257 523 233 513 204 c 24
 506 184 479 176 462 188 c 24
 437 206 448 233 435 261 c 24
 423 287 417 300 399 326 c 1
186 324 m 1
 186 324 244 303 267 273 c 24
 275 262 252 258 243 249 c 24
 207 213 192 188 151 158 c 24
 116 132 94 121 51 108 c 1
 94 160 115 188 150 243 c 24
 168 272 186 324 186 324 c 1
378 369 m 25
 378 177 l 17
 370 148 364 126 333 123 c 1
 309 125 298 149 288 177 c 9
 288 369 l 25
 378 369 l 25
237 468 m 25
 421 468 l 25
 421 418 l 25
 237 418 l 25
 237 468 l 25
252 555 m 25
 414 555 l 25
 414 505 l 25
 252 505 l 25
 252 555 l 25
249 643 m 25
 411 643 l 25
 411 593 l 25
 249 593 l 25
 249 643 l 25
255 735 m 25
 378 735 l 25
 394 748 400 773 420 768 c 24
 455 758 472 737 489 705 c 24
 496 692 476 687 468 675 c 25
 468 444 l 17
 460 415 454 393 423 390 c 1
 399 392 388 416 378 444 c 9
 378 685 l 25
 255 685 l 25
 255 735 l 25
201 768 m 25
 201 768 280 752 312 717 c 24
 326 702 299 688 291 669 c 25
 291 453 l 17
 283 424 277 402 246 399 c 1
 222 401 211 425 201 453 c 9
 201 768 l 25
EndSplineSet
EndChar
