Width: 1000
Flags: H
TeX: 117 0
LayerCount: 2
Fore
SplineSet
660 54 m 25
 723.18 22.4102 766.324 16.4728 822 -27 c 24
 854.747 -52.5693 878.034 -75.4639 879 -117 c 24
 879.604 -142.971 850.938 -157.441 825 -156 c 24
 797.628 -154.479 789.121 -131.57 771 -111 c 24
 745.466 -82.0156 735.561 -62.0501 714 -30 c 24
 692.262 2.31348 681.06 21.2402 660 54 c 25
498 33 m 25
 536.61 8.42969 569.341 6.45991 597 -30 c 24
 606.618 -42.6787 577.746 -45.9814 564 -54 c 24
 521.494 -78.7949 498.69 -95.7238 453 -114 c 24
 398.685 -135.727 365.16 -139.62 309 -156 c 25
 358.14 -109.2 387.016 -83.9844 435 -36 c 24
 460.767 -10.2334 473.43 6.08984 498 33 c 25
534 176 m 1
 780 176 l 1
 780 126 l 1
 534 126 l 1
 534 176 l 1
534 272 m 1
 762 272 l 1
 762 222 l 1
 534 222 l 1
 534 272 l 1
522 361 m 1
 759 361 l 1
 759 311 l 1
 522 311 l 1
 522 361 l 1
522 459 m 25
 705 459 l 25
 721.38 471.87 726.891 497.435 747 492 c 24
 782.178 482.492 799.287 461.381 816 429 c 24
 822.55 416.309 803.19 410.7 795 399 c 25
 795 159 l 17
 787 130 781 108 750 105 c 1
 726 107 715 131 705 159 c 9
 705 409 l 25
 522 409 l 25
 522 459 l 25
504 491 m 25
 547.29 471.11 582.953 475.251 615 440 c 24
 628.745 424.881 602.19 410.72 594 392 c 25
 594 159 l 17
 586 130 580 108 549 105 c 1
 525 107 514 131 504 159 c 9
 504 491 l 25
395 81 m 25
 768 81 l 25
 797 109 806 141 831 150 c 1
 857 146 899 93 930 60 c 1
 938 42 921 31 903 31 c 9
 395 31 l 25
 395 81 l 25
369 435 m 25
 412.29 415.11 447.953 419.251 480 384 c 24
 493.745 368.881 467.19 354.72 459 336 c 25
 459 57 l 17
 451 28 445 6 414 3 c 1
 390 5 379 29 369 57 c 9
 369 435 l 25
717 768 m 25
 738 743 752 731 771 705 c 24
 780 693 792 686 789 672 c 24
 787 661 773 668 762 666 c 24
 643 642 575 629 456 606 c 25
 456 657 l 25
 524 678 565 683 630 711 c 24
 667 727 683 746 717 768 c 25
411 555 m 9
 411 777 l 25
 454.29 757.11 489.953 761.251 522 726 c 24
 535.745 710.881 509.19 696.72 501 678 c 25
 501 606 l 17
 499 582 501 576 528 567 c 9
 804 567 l 25
 816.87 585.72 826.653 594.776 837 615 c 24
 852.537 645.367 857.13 664.41 870 696 c 25
 879.36 650.37 876.142 622.021 894 579 c 24
 902.881 557.605 932.34 559.874 936 537 c 24
 938.748 519.825 917.7 516.87 906 504 c 25
 477 504 l 17
 432 504 414 527 411 555 c 9
312 465 m 24
 290 470 295 497 279 513 c 24
 263 528 250 531 231 543 c 25
 231 615 l 25
 277 600 311 607 348 576 c 24
 375 553 389 523 378 489 c 24
 370 463 339 459 312 465 c 24
75 552 m 25
 96 501 125 475 129 420 c 24
 133 366 128 329 96 285 c 24
 84 268 59 287 45 303 c 24
 29 320 27 337 27 360 c 24
 27 382 40 392 45 414 c 24
 58 467 63 498 75 552 c 25
168 783 m 25
 211 763 247 767 279 732 c 24
 293 717 266 703 258 684 c 25
 258 -120 l 17
 250 -149 244 -171 213 -174 c 1
 189 -172 178 -148 168 -120 c 9
 168 783 l 25
EndSplineSet
EndChar
