Width: 1000
Flags: HW
TeX: 117 0
LayerCount: 2
Fore
SplineSet
56 396 m 25
 281 489 l 17
 281 489 242 437 215 405 c 24
 189 375 146 330 146 330 c 8
 135 319 128 297 116 306 c 24
 82 331 79 361 56 396 c 25
80 708 m 1
 80 708 145 700 181 680 c 24
 211 663 233 649 243 615 c 24
 250 589 239 566 218 550 c 24
 201 539 184 550 169 562 c 24
 147 578 145 596 131 619 c 24
 111 654 80 708 80 708 c 1
776 153 m 25
 808 118 834 105 857 63 c 24
 862 53 843 53 833 48 c 24
 780 20 749 6 695 -21 c 25
 653 18 l 25
 673 38 685 48 704 69 c 24
 733 101 748 120 776 153 c 25
488 192 m 25
 554 192 l 25
 583 151 594 124 629 87 c 24
 672 41 702 20 752 -18 c 24
 790 -47 812 -63 854 -85 c 24
 897 -107 925 -112 971 -129 c 25
 939 -141 921 -146 890 -160 c 24
 870 -169 863 -193 842 -187 c 24
 796 -175 778 -149 740 -120 c 24
 706 -94 689 -76 659 -45 c 24
 622 -6 601 16 569 60 c 24
 534 109 520 141 488 192 c 25
284 120 m 1
 374 120 l 1
 374 -144 l 1
 284 -144 l 1
 284 120 l 1
170 -93 m 25
 227 -82 260 -78 317 -66 c 24
 384 -52 422 -44 488 -27 c 24
 543 -13 574 -3 629 12 c 17
 645 -3 661 -18 677 -24 c 9
 589 -59 540 -80 452 -114 c 24
 381 -141 340 -155 269 -180 c 24
 252 -186 238 -207 224 -195 c 24
 190 -165 191 -133 170 -93 c 25
335 195 m 25
 455 195 l 25
 427 161 413 140 383 108 c 24
 362 85 350 73 326 54 c 24
 288 24 266 7 224 -18 c 24
 192 -37 173 -47 137 -57 c 24
 98 -68 75 -66 35 -72 c 25
 96 -30 133 -10 191 36 c 24
 230 67 248 89 281 126 c 24
 304 151 314 168 335 195 c 25
92 222 m 25
 785 222 l 25
 814 250 823 282 848 291 c 1
 874 287 916 234 947 201 c 1
 955 183 938 172 920 172 c 9
 92 172 l 25
 92 222 l 25
455 357 m 25
 498 337 534 341 566 306 c 24
 580 291 553 277 545 258 c 25
 545 207 l 25
 455 207 l 25
 455 357 l 25
419 417 m 25
 743 417 l 25
 743 417 781 477 806 486 c 1
 832 482 874 429 905 396 c 1
 913 378 896 367 878 367 c 9
 419 367 l 25
 419 417 l 25
386 624 m 25
 773 624 l 25
 802 652 811 684 836 693 c 1
 862 689 904 636 935 603 c 1
 943 585 926 574 908 574 c 9
 386 574 l 25
 386 624 l 25
596 783 m 25
 639 763 675 767 707 732 c 24
 721 717 694 703 686 684 c 25
 686 384 l 25
 596 384 l 25
 596 783 l 25
269 780 m 25
 312 760 348 764 380 729 c 24
 394 714 367 700 359 681 c 25
 359 339 l 17
 351 310 345 288 314 285 c 1
 290 287 279 311 269 339 c 9
 269 780 l 25
EndSplineSet
EndChar
