Width: 1000
Flags: H
TeX: 117 0
LayerCount: 2
Fore
SplineSet
813 -39 m 24
 864 -66 899 -66 954 -84 c 25
 924 -102 903 -106 876 -129 c 24
 859 -143 868 -176 846 -177 c 24
 805 -178 781 -160 750 -132 c 24
 666 -56 624 -6 555 84 c 24
 526 121 522 150 501 192 c 25
 555 192 l 25
 584 152 593 123 630 90 c 24
 695 32 736 2 813 -39 c 24
756 168 m 25
 788 138 819 130 837 90 c 24
 844 75 816 76 801 69 c 24
 755 46 728 34 681 12 c 25
 654 42 l 25
 756 168 l 25
162 -90 m 25
 259 -74 315 -71 411 -48 c 24
 504 -25 554 -2 645 27 c 25
 654 -18 l 25
 577 -51 534 -71 456 -102 c 24
 381 -132 338 -149 261 -174 c 24
 242 -180 225 -196 210 -183 c 24
 179 -157 181 -126 162 -90 c 25
276 102 m 25
 366 102 l 25
 366 -102 l 25
 276 -102 l 25
 276 102 l 25
354 204 m 25
 465 204 l 25
 447 179 441 163 420 141 c 24
 374 94 348 67 294 30 c 24
 237 -9 202 -29 138 -54 c 24
 96 -70 68 -67 24 -75 c 25
 65 -46 89 -31 129 0 c 24
 175 36 200 57 243 96 c 24
 288 137 311 162 354 204 c 25
597 333 m 24
 536 303 503 281 438 264 c 24
 395 253 368 262 324 261 c 25
 395 298 437 317 507 357 c 24
 558 386 586 403 633 438 c 24
 678 472 699 497 741 534 c 25
 768 501 799 491 810 450 c 24
 815 433 787 435 771 426 c 24
 704 389 666 367 597 333 c 24
762 651 m 25
 808 637 840 643 879 615 c 24
 908 594 923 570 924 534 c 24
 925 508 907 488 882 483 c 24
 861 479 850 499 837 516 c 24
 821 537 823 556 810 579 c 24
 794 609 781 623 762 651 c 25
432 666 m 25
 464 641 493 637 513 603 c 24
 521 589 500 581 489 570 c 24
 462 543 450 523 417 504 c 24
 385 486 362 488 327 477 c 25
 350 513 366 532 387 570 c 24
 407 606 414 629 432 666 c 25
561 447 m 24
 538 467 523 474 498 492 c 25
 576 492 l 25
 576 780 l 25
 619 760 655 764 687 729 c 24
 701 714 674 700 666 681 c 25
 666 465 l 17
 657 438 637 408 603 402 c 24
 579 398 579 431 561 447 c 24
435 195 m 25
 435 354 l 25
 478 334 514 338 546 303 c 24
 560 288 533 274 525 255 c 25
 525 195 l 25
 435 195 l 25
48 231 m 25
 759 231 l 25
 788 259 797 291 822 300 c 1
 848 296 890 243 921 210 c 1
 929 192 912 181 894 181 c 9
 48 181 l 25
 48 231 l 25
237 492 m 24
 260 529 272 551 294 588 c 25
 231 387 l 1
 231 387 272 316 261 270 c 24
 255 245 217 235 198 252 c 24
 166 281 165 357 165 357 c 1
 111 387 l 25
 174 399 l 25
 199 435 214 455 237 492 c 24
72 603 m 17
 108 600 134 598 165 576 c 24
 191 558 210 538 207 507 c 24
 204 480 179 457 153 465 c 24
 124 474 132 508 117 534 c 24
 101 562 90 576 72 603 c 17
162 759 m 25
 204 750 232 756 270 735 c 24
 295 721 308 703 312 675 c 24
 315 652 307 630 285 621 c 24
 266 613 251 629 237 645 c 24
 220 665 225 686 210 708 c 24
 195 731 181 739 162 759 c 25
EndSplineSet
EndChar
