Width: 1000
Flags: HW
TeX: 117 0
LayerCount: 2
Fore
SplineSet
570 399 m 1
 608 373 624 358 642 321 c 24
 673 257 686 217 691 146 c 24
 693 117 686 86 658 79 c 24
 632 72 610 101 605 124 c 0
 596 166 606 197 600 243 c 24
 592 304 585 337 570 399 c 1
300 394 m 25
 300 394 367 390 402 369 c 24
 413 363 397 351 393 339 c 17
 384 261 379 213 351 138 c 24
 329 79 315 57 267 0 c 1
 288 132 290 181 300 297 c 24
 303 335 300 394 300 394 c 25
750 -12 m 10
 750 456 l 25
 840 456 l 25
 840 -60 l 26
 840 -106 820 -139 780 -162 c 24
 758 -174 751 -135 729 -123 c 24
 687 -100 661 -92 618 -72 c 17
 696 -72 l 2
 718 -72 750 -37 750 -12 c 10
633 501 m 25
 867 501 l 25
 867 501 889 532 913 541 c 1
 932 534 956 506 975 480 c 1
 983 462 967 451 949 451 c 9
 633 451 l 25
 633 501 l 25
660 704 m 25
 807 704 l 25
 807 704 829 735 853 744 c 1
 872 737 896 709 915 683 c 1
 923 665 907 654 889 654 c 9
 660 654 l 25
 660 704 l 25
564 777 m 17
 599 767 634 752 652 736 c 0
 682 709 700 662 691 643 c 0
 679 618 653 611 633 624 c 24
 605 643 612 673 598 704 c 24
 585 733 577 749 564 777 c 17
438 792 m 25
 438 792 517 776 549 741 c 24
 563 726 536 712 528 693 c 25
 528 -66 l 17
 520 -95 514 -117 483 -120 c 1
 459 -118 448 -94 438 -66 c 9
 438 792 l 25
282 573 m 25
 570 573 l 25
 570 573 592 604 616 613 c 1
 635 606 659 578 678 552 c 1
 686 534 670 523 652 523 c 9
 282 523 l 25
 282 573 l 25
232 423 m 25
 232 -118 l 17
 224 -147 218 -169 187 -172 c 1
 163 -170 152 -146 142 -118 c 9
 142 348 l 25
 232 423 l 25
219 567 m 25
 219 567 283 535 303 498 c 24
 311 483 288 475 276 462 c 24
 215 397 185 357 117 300 c 24
 78 267 47 253 3 234 c 9
 56 311 87 354 138 432 c 24
 171 484 219 567 219 567 c 25
219 795 m 25
 219 795 282 760 306 723 c 24
 313 711 287 714 276 705 c 24
 228 666 204 639 156 600 c 24
 104 557 72 533 18 495 c 9
 61 557 87 591 129 654 c 24
 165 708 219 795 219 795 c 25
EndSplineSet
EndChar
