Width: 1000
Flags: H
TeX: 117 0
LayerCount: 2
Fore
SplineSet
750 159 m 25
 784 130 813 122 837 84 c 24
 844 73 819 75 807 69 c 25
 684 -12 l 25
 663 9 l 25
 750 159 l 25
534 207 m 25
 597 207 l 25
 620 159 620 123 657 84 c 24
 718 19 760 -12 840 -51 c 24
 891 -76 928 -66 984 -75 c 25
 941 -101 912 -109 873 -141 c 24
 860 -152 871 -183 855 -180 c 24
 800 -169 771 -148 729 -111 c 24
 670 -59 644 -20 600 45 c 24
 576 80 571 105 555 144 c 24
 545 168 542 182 534 207 c 25
312 -177 m 24
 295 -182 282 -205 270 -192 c 24
 241 -161 246 -130 231 -90 c 25
 308 -81 352 -78 429 -66 c 24
 546 -48 612 -35 729 -15 c 25
 729 -48 l 25
 566 -98 474 -126 312 -177 c 24
339 123 m 1
 429 123 l 1
 429 -111 l 1
 339 -111 l 1
 339 123 l 1
399 219 m 25
 504 219 l 25
 481 184 471 162 444 129 c 24
 412 90 393 69 354 36 c 24
 308 -3 280 -23 228 -54 c 24
 184 -81 157 -95 108 -111 c 24
 71 -123 48 -120 9 -126 c 25
 60 -92 92 -77 141 -39 c 24
 205 10 240 39 297 96 c 24
 341 140 359 171 399 219 c 25
117 237 m 25
 735 237 l 25
 764 265 773 297 798 306 c 1
 824 302 866 249 897 216 c 1
 905 198 888 187 870 187 c 9
 117 187 l 25
 117 237 l 25
447 213 m 25
 447 363 l 25
 490 343 526 347 558 312 c 24
 572 297 545 283 537 264 c 25
 537 213 l 25
 447 213 l 25
630 397 m 25
 273 397 l 25
 273 447 l 25
 642 447 l 25
 663 461 671 489 696 483 c 24
 725 476 734 451 745 423 c 24
 749 412 735 407 729 396 c 25
 714 368 707 351 690 324 c 24
 675 301 671 283 648 267 c 24
 632 255 615 248 597 258 c 24
 580 268 574 287 579 306 c 24
 630 397 l 25
333 555 m 25
 585 555 l 25
 585 555 608 591 633 600 c 1
 659 596 647 567 678 534 c 1
 686 516 669 505 651 505 c 9
 333 505 l 25
 333 555 l 25
456 756 m 25
 519 727 556 713 618 681 c 24
 694 642 731 607 810 576 c 24
 869 553 907 556 969 543 c 25
 940 525 919 521 894 498 c 24
 875 481 883 445 858 444 c 24
 814 442 793 468 756 492 c 24
 670 547 628 587 543 645 c 24
 495 678 466 693 417 723 c 25
 456 756 l 25
411 786 m 25
 452 768 478 765 516 741 c 24
 522 737 507 734 501 729 c 25
 473 696 457 678 429 645 c 24
 389 599 371 569 327 528 c 24
 276 481 247 453 186 420 c 24
 138 394 111 384 51 378 c 9
 101 421 133 442 180 489 c 24
 229 537 254 567 297 621 c 24
 328 659 341 683 369 723 c 24
 386 747 395 761 411 786 c 25
EndSplineSet
EndChar
