Width: 1000
Flags: HM
TeX: 117 0
LayerCount: 2
Fore
SplineSet
756 -6 m 25
 756 -6 788 24 813 33 c 1
 839 29 881 -24 912 -57 c 1
 920 -75 903 -86 885 -86 c 9
 294 -86 l 17
 266 -81 242 -63 237 -38 c 9
 237 522 l 25
 327 522 l 25
 327 30 l 17
 327 9 347 -5 363 -6 c 9
 756 -6 l 25
60 537 m 25
 780 537 l 25
 809 565 818 597 843 606 c 1
 869 602 911 549 942 516 c 1
 950 498 933 487 915 487 c 9
 60 487 l 25
 60 537 l 25
495 516 m 25
 495 768 l 25
 538 748 574 752 606 717 c 24
 620 702 593 688 585 669 c 25
 585 516 l 25
 495 516 l 25
EndSplineSet
EndChar
