Width: 1000
Flags: H
TeX: 117 0
LayerCount: 2
Fore
SplineSet
864 367 m 25
 696 367 l 25
 696 417 l 25
 861 417 l 25
 877 432 881 461 903 456 c 24
 939 448 954 424 973 393 c 24
 979 384 957 383 954 372 c 24
 937 300 941 258 924 186 c 24
 906 107 893 63 864 -12 c 24
 848 -52 837 -78 810 -108 c 0
 788 -133 768 -150 735 -147 c 24
 712 -145 716 -115 699 -99 c 24
 674 -76 655 -68 627 -48 c 25
 741 -48 l 17
 771 -24 783 9 798 51 c 24
 825 127 832 173 849 252 c 24
 858 296 858 322 864 367 c 25
477 291 m 9
 477 663 l 25
 567 663 l 25
 567 312 l 17
 564 252 562 203 546 135 c 24
 534 86 522 58 495 15 c 24
 467 -30 446 -53 405 -87 c 24
 375 -112 357 -117 315 -132 c 9
 344 -91 366 -71 390 -27 c 24
 419 25 434 56 450 114 c 24
 468 181 477 222 477 291 c 9
690 327 m 24
 668 330 663 358 666 378 c 1
 717 645 l 25
 402 645 l 25
 408 693 l 25
 723 693 l 25
 741 708 746 739 768 732 c 24
 804 720 818 693 831 657 c 24
 836 642 811 639 807 624 c 1
 744 369 l 1
 736 340 717 324 690 327 c 24
285 585 m 25
 285 -114 l 17
 277 -143 271 -165 240 -168 c 1
 216 -166 205 -142 195 -114 c 9
 195 489 l 25
 285 585 l 25
294 777 m 25
 329 749 359 742 384 705 c 24
 392 693 374 684 366 672 c 24
 321 599 300 555 249 486 c 24
 208 431 184 399 132 354 c 24
 89 317 60 303 9 276 c 9
 44 326 64 354 99 405 c 24
 137 461 161 491 195 549 c 24
 225 601 240 632 264 687 c 24
 279 721 282 742 294 777 c 25
EndSplineSet
EndChar
