Width: 1000
Flags: HW
LayerCount: 2
Fore
SplineSet
480 402 m 25
 516 453 l 25
 516 453 542 338 579 273 c 24
 627 188 663 145 731 75 c 24
 778 26 814 8 872 -27 c 24
 910 -50 977 -75 977 -75 c 25
 977 -75 939 -87 917 -99 c 24
 891 -113 880 -152 854 -141 c 0
 806 -119 773 -93 719 -45 c 0
 667 2 624 48 578 123 c 0
 517.659 221.382 480 402 480 402 c 25
455 459 m 10
 455 774 l 25
 455 774 534 758 566 723 c 24
 580 708 553 694 545 675 c 25
 545 441 l 2
 545 392 540 288 507 198 c 24
 479 121 446 84 390 24 c 24
 334 -36 295 -65 224 -105 c 24
 172 -135 135 -142 77 -153 c 1
 144 -108 172 -89 226 -39 c 24
 279 10 309 40 351 99 c 24
 390 154 412 187 431 252 c 24
 454 330 455 411 455 459 c 10
EndSplineSet
EndChar
