Width: 1000
Flags: HW
TeX: 117 0
LayerCount: 2
Fore
SplineSet
282 576 m 25
 282 -108 l 17
 274 -137 268 -159 237 -162 c 1
 213 -160 202 -136 192 -108 c 9
 192 456 l 25
 282 576 l 25
312 756 m 17
 360 717 386 718 411 675 c 24
 420 659 392 653 381 639 c 24
 314 552 283 497 210 414 c 24
 154 350 113 322 51 264 c 25
 105 355 138 405 189 498 c 24
 224 562 241 600 273 666 c 24
 289 701 297 721 312 756 c 17
771 246 m 25
 820.14 189.84 856.58 164.728 897 102 c 24
 928.932 52.4453 949.104 20.748 954 -38 c 24
 956.767 -71.1992 945.955 -101.685 915 -114 c 24
 890.862 -123.604 873.412 -97.8215 861 -75 c 24
 835.354 -27.8428 836.492 5.31357 822 57 c 24
 801.39 130.512 790.89 172.29 771 246 c 25
323 -15 m 25
 423 -4 479 1 579 12 c 24
 686 24 746 32 852 44 c 25
 864 -3 l 25
 697 -44 602 -65 435 -108 c 24
 417 -113 405 -138 390 -126 c 24
 351 -94 349 -58 323 -15 c 25
606 249 m 24
 571.344 137.711 551.1 75.1504 516 -36 c 25
 436 -36 l 25
 487.09 152.37 518.913 257.841 567 447 c 24
 595.369 558.596 615 639 632 735 c 9
 676.46 713.94 709.377 713.848 746 681 c 24
 756.777 671.334 733.463 661.772 729 648 c 24
 678.8 493.096 654.415 404.473 606 249 c 24
EndSplineSet
EndChar
