Width: 1000
Flags: H
TeX: 117 0
LayerCount: 2
Fore
SplineSet
912 -138 m 9
 654 -138 l 17
 626 -133 602 -115 597 -90 c 9
 597 361 l 25
 348 361 l 25
 348 411 l 25
 597 411 l 25
 613 424 619 449 639 444 c 24
 674 434 691 413 708 381 c 24
 715 368 695 363 687 351 c 25
 687 -22 l 17
 687 -43 707 -57 723 -58 c 9
 858 -58 l 25
 872 -24 881 -5 894 30 c 24
 905 60 910 78 921 108 c 25
 922 47 913 12 924 -48 c 24
 928 -68 960 -69 957 -90 c 24
 954 -115 936 -126 912 -138 c 9
330 129 m 9
 330 441 l 25
 373 421 409 425 441 390 c 24
 455 375 428 361 420 342 c 25
 420 105 l 17
 408 48 380 2 333 -48 c 24
 290 -94 253 -108 195 -132 c 24
 144 -152 111 -148 57 -159 c 25
 120 -120 161 -106 219 -60 c 24
 255 -32 271 -9 294 30 c 24
 315 65 321 84 330 129 c 9
474 552 m 25
 474 756 l 25
 517 736 553 740 585 705 c 24
 599 690 572 676 564 657 c 25
 564 552 l 25
 474 552 l 25
69 582 m 25
 804 582 l 25
 804 582 842 642 867 651 c 1
 893 647 935 594 966 561 c 1
 974 543 957 532 939 532 c 9
 69 532 l 25
 69 582 l 25
EndSplineSet
EndChar
