Width: 1000
Flags: HW
TeX: 117 0
LayerCount: 2
Fore
SplineSet
156 654 m 9
 211 666 242 673 297 684 c 24
 406 705 468 712 576 735 c 24
 641 749 677 761 741 777 c 25
 759 738 778 720 786 678 c 24
 788 668 771 671 762 666 c 17
 489 642 l 17
 363 637 228 639 156 654 c 9
645 561 m 1
 735 561 l 1
 735 231 l 1
 645 231 l 1
 645 561 l 1
268 552 m 1
 358 552 l 1
 358 219 l 1
 268 219 l 1
 268 552 l 1
120 249 m 25
 759 249 l 25
 788 277 797 309 822 318 c 1
 848 314 890 261 921 228 c 1
 929 210 912 199 894 199 c 9
 120 199 l 25
 120 249 l 25
45 425 m 25
 825 425 l 25
 854 453 863 485 888 494 c 1
 914 490 956 437 987 404 c 1
 995 386 978 375 960 375 c 9
 45 375 l 25
 45 425 l 25
546 228 m 25
 585 194 606 174 645 141 c 0
 702 93 745 64 816 27 c 24
 871 -2 908 -6 966 -27 c 25
 940 -41 924 -46 900 -63 c 24
 882 -76 880 -104 858 -102 c 24
 815 -98 794 -77 759 -51 c 24
 697 -6 666 24 612 78 c 24
 564 126 542 159 498 210 c 25
 546 228 l 25
417 231 m 25
 480 171 l 25
 459 142 452 121 426 96 c 24
 378 49 348 24 291 -12 c 24
 249 -39 222 -52 174 -66 c 24
 122 -81 81 -87 36 -87 c 9
 112 -39 159 -18 231 36 c 24
 283 75 306 103 351 150 c 24
 379 179 391 199 417 231 c 25
105 579 m 25
 762 579 l 25
 791 607 800 639 825 648 c 1
 851 644 893 591 924 558 c 1
 932 540 915 529 897 529 c 9
 105 529 l 25
 105 579 l 25
454 678 m 25
 544 678 l 25
 544 -111 l 17
 536 -140 530 -162 499 -165 c 1
 475 -163 464 -139 454 -111 c 9
 454 678 l 25
EndSplineSet
EndChar
