Width: 1000
Flags: H
TeX: 117 0
LayerCount: 2
Fore
SplineSet
492 -173 m 1
 471 -159 467.988 -122.833 441 -102 c 24
 399.441 -69.9199 367.8 -64.79 321 -41 c 25
 474 -41 l 25
 474 574 l 25
 517.29 554.11 552.953 558.251 585 523 c 24
 598.745 507.881 572.19 493.72 564 475 c 25
 564 -83 l 17
 553.21 -117.673 534 -180 492 -173 c 1
540 469 m 25
 513 520 l 25
 563.31 555.1 592.553 573.694 642 610 c 24
 679.167 637.289 698.73 654.53 735 683 c 25
 162 683 l 25
 162 733 l 25
 753 733 l 25
 778.74 748.21 790.701 781.647 819 772 c 24
 858.434 758.557 869.527 726.683 885 688 c 24
 889.619 676.452 871.5 673.665 861 667 c 24
 736.817 588.171 665.19 546.22 540 469 c 25
EndSplineSet
EndChar
