Width: 1000
Flags: HW
TeX: 117 0
LayerCount: 2
Fore
SplineSet
261 726 m 1
 297 690 340 635 369 585 c 8
 401 530 417 497 447 441 c 24
 477 385 490 351 522 297 c 24
 557 238 574 201 621 150 c 24
 675 91 712 63 777 18 c 24
 815 -9 842 -15 885 -33 c 24
 918 -47 938 -53 972 -66 c 25
 939 -82 920 -90 888 -108 c 24
 869 -119 861 -144 840 -138 c 24
 788 -124 765 -97 723 -63 c 24
 662 -15 626 12 576 72 c 24
 516 144 491 192 444 273 c 24
 414 325 402 356 378 411 c 24
 349 476 334 513 309 579 c 24
 288 636 261 726 261 726 c 1
696 756 m 25
 738 728 770 722 804 684 c 24
 813 673 795 664 789 651 c 24
 725 515 697 434 624 303 c 24
 575 214 545 163 477 87 c 24
 417 19 375 -13 300 -63 c 24
 245 -99 209 -112 147 -132 c 24
 102 -146 74 -143 27 -150 c 25
 104 -107 154 -91 225 -39 c 24
 306 20 351 57 414 135 c 24
 483 220 513 276 561 375 c 24
 610 475 626 537 663 642 c 24
 678 686 683 712 696 756 c 25
EndSplineSet
EndChar
