Width: 1000
Flags: H
TeX: 117 0
LayerCount: 2
Fore
SplineSet
165 320 m 17
 241 310 313 304 400 269 c 24
 460 245 493 222 535 172 c 24
 559 145 568 118 559 84 c 24
 554 64 527 60 509 68 c 24
 468 87 457 115 423 144 c 24
 380 181 358 205 312 236 c 24
 258 274 222 288 165 320 c 17
368 297 m 9
 368 753 l 25
 411 733 447 737 479 702 c 24
 493 687 466 673 458 654 c 25
 458 273 l 17
 443 180 438 116 389 30 c 24
 349 -41 302 -74 239 -114 c 0
 188 -147 119 -168 47 -171 c 1
 146 -108 146 -118 215 -60 c 0
 272 -12 299 33 329 96 c 0
 353 147 356 222 368 297 c 9
902 -147 m 9
 671 -147 l 17
 643 -142 619 -124 614 -99 c 9
 614 462 l 25
 89 462 l 25
 89 512 l 25
 614 512 l 25
 630 525 636 550 656 545 c 24
 691 535 708 514 725 482 c 24
 732 469 712 464 704 452 c 25
 704 -31 l 17
 704 -52 724 -66 740 -67 c 9
 836 -67 l 25
 848 -41 854 -26 866 0 c 24
 886 43 897 68 917 111 c 25
 915 48 900 11 911 -51 c 24
 915 -76 955 -76 953 -102 c 24
 951 -128 917 -141 902 -147 c 9
EndSplineSet
EndChar
