Width: 1000
Flags: H
TeX: 117 0
LayerCount: 2
Fore
SplineSet
440 -90 m 25
 440 171 l 25
 440 171 519 155 551 120 c 24
 565 105 538 91 530 72 c 25
 530 -96 l 26
 530 -134 521 -170 485 -183 c 24
 455 -194 445 -152 416 -138 c 24
 369 -115 339 -109 290 -90 c 25
 440 -90 l 25
704 220 m 25
 128 220 l 25
 128 270 l 25
 731 270 l 25
 756.74 280.53 772.607 310.357 797 297 c 24
 835.725 275.794 848.793 244.382 857 201 c 24
 860.029 184.988 833.21 191.85 818 186 c 17
 503 81 l 1
 491 126 l 9
 704 220 l 25
257 389 m 25
 680 389 l 25
 680 339 l 25
 257 339 l 25
 257 389 l 25
269 522 m 25
 650 522 l 25
 666 535 672 560 692 555 c 24
 727 545 744 524 761 492 c 24
 768 479 748 474 740 462 c 25
 740 345 l 17
 732 316 726 294 695 291 c 1
 671 293 660 317 650 345 c 9
 650 472 l 25
 269 472 l 25
 269 522 l 25
224 543 m 25
 224 543 303 527 335 492 c 24
 349 477 322 463 314 444 c 25
 314 348 l 17
 306 319 300 297 269 294 c 1
 245 296 234 320 224 348 c 9
 224 543 l 25
455 594 m 25
 455 792 l 25
 455 792 534 776 566 741 c 24
 580 726 553 712 545 693 c 25
 545 594 l 25
 455 594 l 25
104 621 m 25
 761 621 l 25
 790 649 799 681 824 690 c 1
 850 686 892 633 923 600 c 1
 931 582 914 571 896 571 c 9
 104 571 l 25
 104 621 l 25
EndSplineSet
EndChar
