Width: 1000
Flags: H
TeX: 117 0
LayerCount: 2
Fore
SplineSet
119 421 m 1
 350 421 l 1
 350 371 l 1
 119 371 l 1
 119 421 l 1
518 288 m 25
 565 237 585 202 638 156 c 24
 686 114 717 94 774 66 c 24
 849 29 897 12 974 -12 c 9
 946 -27 929 -33 903 -51 c 24
 887 -62 888 -91 869 -87 c 24
 814 -76 790 -49 744 -18 c 24
 695 15 668 35 626 75 c 24
 580 119 560 150 518 198 c 25
 518 288 l 25
482 306 m 25
 482 177 l 25
 460 147 451 126 425 99 c 24
 379 52 353 25 299 -12 c 24
 257 -40 229 -50 182 -66 c 24
 138 -81 119 -84 65 -93 c 9
 121 -56 157 -40 209 3 c 24
 283 63 322 100 386 171 c 24
 429 219 445 253 482 306 c 25
819 459 m 25
 842 426 870 414 878 375 c 24
 881 359 854 366 839 360 c 24
 781 339 748 327 689 306 c 25
 689 351 l 25
 714 370 728 379 752 399 c 24
 779 421 793 436 819 459 c 25
881 177 m 9
 698 177 l 17
 670 182 646 200 641 225 c 9
 641 504 l 25
 684 484 720 488 752 453 c 24
 766 438 739 424 731 405 c 25
 731 293 l 17
 731 272 751 258 767 257 c 9
 824 257 l 25
 836 268 845 272 854 285 c 24
 871 308 876 323 890 348 c 25
 892 314 885 294 894 261 c 24
 900 238 930 233 926 210 c 24
 923 188 906 186 881 177 c 9
344 291 m 25
 347 243 l 25
 284 222 248 211 185 189 c 24
 169 183 159 160 146 171 c 24
 113 200 113 231 92 270 c 25
 344 291 l 25
288 519 m 25
 331 499 367 503 399 468 c 24
 413 453 386 439 378 420 c 25
 378 204 l 17
 370 175 364 153 333 150 c 1
 309 152 298 176 288 204 c 9
 288 519 l 25
113 567 m 25
 770 567 l 25
 799 595 808 627 833 636 c 1
 859 632 901 579 932 546 c 1
 940 528 923 517 905 517 c 9
 113 517 l 25
 113 567 l 25
557 666 m 25
 557 -114 l 17
 549 -143 543 -165 512 -168 c 1
 488 -166 477 -142 467 -114 c 9
 467 666 l 25
 557 666 l 25
746 759 m 1
 746 759 790 707 794 666 c 24
 795 651 770 662 755 660 c 25
 709 655 684 651 638 648 c 24
 502 639 426 633 290 630 c 24
 230 629 197 634 137 636 c 25
 203 650 239 659 305 672 c 24
 430 697 501 710 627 735 c 24
 673 744 746 759 746 759 c 1
EndSplineSet
EndChar
