Width: 1000
Flags: H
TeX: 117 0
LayerCount: 2
Fore
SplineSet
381 210 m 25
 428 184 462 180 501 144 c 24
 529 118 546 95 546 57 c 24
 546 32 525 18 501 12 c 24
 484 8 472 21 462 36 c 24
 445 61 448 81 435 108 c 24
 416 149 402 170 381 210 c 25
396 378 m 25
 444 362 478 366 519 336 c 24
 553 310 569 285 576 243 c 24
 579 222 561 199 540 201 c 24
 508 204 495 227 474 252 c 24
 458 272 461 290 447 312 c 24
 430 340 416 352 396 378 c 25
633 418 m 25
 351 418 l 25
 351 468 l 25
 636 468 l 25
 649 483 649 510 669 507 c 24
 705 501 726 482 744 450 c 24
 752 436 729 430 720 417 c 25
 709 341 704 298 693 222 c 24
 680 135 674 86 657 0 c 24
 649 -39 641 -60 630 -99 c 25
 543 -99 l 25
 558 -44 572 -14 582 42 c 24
 607 188 613 271 633 418 c 25
333 645 m 25
 426 645 l 25
 415 564 413 518 399 438 c 24
 382 341 370 287 345 192 c 24
 332 143 330 110 300 69 c 24
 286 50 265 44 243 51 c 24
 224 57 217 76 219 96 c 24
 224 143 248 164 261 210 c 24
 289 309 307 364 324 465 c 24
 335 534 333 575 333 645 c 25
62 -72 m 25
 783 -72 l 25
 812 -44 821 -12 846 -3 c 1
 872 -7 914 -60 945 -93 c 1
 953 -111 936 -122 918 -122 c 9
 62 -122 l 25
 62 -72 l 25
111 696 m 25
 723 696 l 25
 752 724 761 756 786 765 c 1
 812 761 854 708 885 675 c 1
 893 657 876 646 858 646 c 9
 111 646 l 25
 111 696 l 25
EndSplineSet
EndChar
