Width: 1000
Flags: HW
LayerCount: 2
Fore
SplineSet
292 616 m 25
 292 -125 l 17
 284 -154 278 -176 247 -179 c 1
 223 -177 212 -153 202 -125 c 9
 202 517 l 25
 292 616 l 25
286 787 m 25
 322 762 353 759 379 724 c 24
 388 712 365 704 358 691 c 24
 313 608 293 558 244 478 c 24
 209 420 189 386 142 337 c 24
 105 298 82 286 31 256 c 9
 72 326 98 364 136 436 c 24
 178 516 199 563 235 646 c 24
 258 700 266 732 286 787 c 25
712 628 m 25
 712 -126 l 17
 704 -155 698 -177 667 -180 c 1
 643 -178 632 -154 622 -126 c 9
 622 628 l 25
 712 628 l 25
373 361 m 25
 838 361 l 25
 838 361 876 421 901 430 c 1
 927 426 969 373 1000 340 c 1
 1008 322 991 311 973 311 c 9
 373 311 l 25
 373 361 l 25
638 658 m 24
 685 673 712 682 758 700 c 24
 795 715 815 726 851 742 c 25
 872 702 899 685 904 640 c 24
 906 624 880 631 864 628 c 24
 815 617 787 610 737 604 c 24
 658 594 613 590 533 586 c 24
 483 583 454 586 404 586 c 25
 495 614 547 629 638 658 c 24
EndSplineSet
EndChar
