Width: 1000
Flags: H
TeX: 117 0
LayerCount: 2
Fore
SplineSet
357 -57 m 25
 291 51 l 25
 321.42 55.6797 339.002 56.1152 369 63 c 24
 481.843 88.8984 544.68 106.92 657 135 c 17
 594 69 l 0
 552 34 448 8 393 -33 c 8
 379.472 -43.085 371.04 -47.6396 357 -57 c 25
363 33 m 25
 363 642 l 25
 406 622 442 626 474 591 c 24
 488 576 461 562 453 543 c 25
 453 33 l 25
 363 33 l 25
864 -42 m 0
 828 -42 830 3 801 24 c 24
 759 54 730 62 684 87 c 25
 840 87 l 25
 840 589 l 25
 666 589 l 25
 666 639 l 25
 840 639 l 25
 856 652 862 677 882 672 c 24
 917 662 934 641 951 609 c 24
 958 596 938 591 930 579 c 25
 930 60 l 17
 927 0 906 -42 864 -42 c 0
612 678 m 25
 655 658 691 662 723 627 c 24
 737 612 710 598 702 579 c 25
 702 -141 l 17
 694 -170 688 -192 657 -195 c 1
 633 -193 622 -169 612 -141 c 9
 612 678 l 25
561 771 m 25
 594 730 627 715 645 666 c 24
 651 650 619 661 603 654 c 24
 537 627 501 608 435 579 c 25
 390 618 l 25
 438 652 469 666 513 705 c 24
 537 726 542 745 561 771 c 25
264 552 m 25
 264 -132 l 17
 256 -161 250 -183 219 -186 c 1
 195 -184 184 -160 174 -132 c 9
 174 471 l 25
 264 552 l 25
273 795 m 25
 313 756 350 745 375 696 c 24
 384 678 356 671 345 654 c 24
 267 536 231 464 147 351 c 24
 107 297 74 276 27 228 c 25
 69 302 99 340 135 417 c 24
 183 521 204 582 243 690 c 24
 258 730 261 754 273 795 c 25
EndSplineSet
EndChar
