Width: 1000
Flags: H
TeX: 117 0
LayerCount: 2
Fore
SplineSet
705 381 m 25
 755 351 792 344 834 303 c 24
 874 264 900 238 912 183 c 24
 919 152 905 123 876 111 c 24
 850 100 826 117 810 141 c 24
 785 178 801 211 783 252 c 24
 759 306 735 331 705 381 c 25
564 -63 m 25
 564 592 l 25
 654 592 l 25
 654 -81 l 25
 624 -110 617 -148 576 -156 c 24
 552 -161 564 -118 546 -102 c 24
 520 -80 498 -78 468 -63 c 25
 564 -63 l 25
384 231 m 25
 384 585 l 25
 474 585 l 25
 474 222 l 25
 458 149 463 103 432 36 c 24
 409 -14 382 -36 339 -69 c 24
 288 -108 256 -128 195 -147 c 24
 137 -166 100 -158 39 -165 c 25
 110 -133 157 -128 222 -84 c 24
 278 -47 311 -21 342 39 c 24
 377 107 368 156 384 231 c 25
240 438 m 25
 280 419 311 421 342 390 c 24
 353 379 332 367 324 354 c 24
 293 303 280 271 243 225 c 24
 204 176 179 149 129 111 c 24
 102 90 80 89 48 75 c 25
 98 138 134 169 177 237 c 24
 202 276 208 303 222 348 c 24
 233 382 233 403 240 438 c 25
36 627 m 25
 777 627 l 25
 806 655 815 687 840 696 c 1
 866 692 908 639 939 606 c 1
 947 588 930 577 912 577 c 9
 36 577 l 25
 36 627 l 25
462 579 m 25
 462 786 l 25
 505 766 541 770 573 735 c 24
 587 720 560 706 552 687 c 25
 552 579 l 25
 462 579 l 25
EndSplineSet
EndChar
