Width: 1000
Flags: H
TeX: 117 0
LayerCount: 2
Fore
SplineSet
858 402 m 25
 883 368 910 355 921 315 c 24
 925 300 899 306 885 300 c 24
 846 284 825 273 786 258 c 24
 742 241 716 232 672 216 c 25
 672 267 l 25
 712 293 736 305 774 333 c 24
 808 358 825 375 858 402 c 25
906 51 m 25
 684 51 l 17
 656 56 632 74 627 99 c 9
 627 450 l 25
 670 430 706 434 738 399 c 24
 752 384 725 370 717 351 c 25
 717 167 l 17
 717 146 737 132 753 131 c 9
 849 131 l 25
 861 148 869 156 879 174 c 24
 891 194 895 207 906 228 c 25
 911 193 907 172 918 138 c 24
 925 115 954 110 951 87 c 24
 948 65 924 65 906 51 c 25
108 93 m 24
 76 121 75 152 54 189 c 25
 339 207 l 25
 333 150 l 25
 262 132 221 123 150 105 c 24
 133 101 121 82 108 93 c 24
102 364 m 25
 333 364 l 25
 333 314 l 25
 102 314 l 25
 102 364 l 25
288 456 m 25
 331 436 367 440 399 405 c 24
 413 390 386 376 378 357 c 25
 378 81 l 17
 370 52 364 30 333 27 c 1
 309 29 298 53 288 81 c 9
 288 456 l 25
72 531 m 25
 789 531 l 25
 818 559 827 591 852 600 c 1
 878 596 920 543 951 510 c 1
 959 492 942 481 924 481 c 9
 72 481 l 25
 72 531 l 25
546 678 m 25
 546 -78 l 17
 538 -107 532 -129 501 -132 c 1
 477 -130 466 -106 456 -78 c 9
 456 678 l 25
 546 678 l 25
708 777 m 25
 735 741 762 727 777 684 c 24
 782 671 755 682 741 681 c 25
 680 672 646 664 585 657 c 24
 486 646 430 638 330 635 c 24
 238 632 185 639 93 642 c 25
 185 662 237 674 330 693 c 24
 416 711 466 719 552 738 c 24
 613 752 647 762 708 777 c 25
EndSplineSet
EndChar
