Width: 1000
Flags: H
TeX: 117 0
LayerCount: 2
Fore
SplineSet
87 -84 m 25
 780 -84 l 25
 780 -84 818 -24 843 -15 c 1
 869 -19 911 -72 942 -105 c 1
 950 -123 933 -134 915 -134 c 9
 87 -134 l 25
 87 -84 l 25
614 432 m 25
 655.34 414.45 680.692 408.723 720 387 c 24
 755.236 367.527 775.532 355.468 804 327 c 24
 834.778 296.222 857.199 278.602 870 237 c 24
 877.847 211.5 874.655 185.091 852 171 c 24
 830.23 157.461 807.964 169.918 788 186 c 24
 762.373 206.645 761.346 230.034 744 258 c 24
 723.125 291.655 713.704 312.273 690 344 c 24
 662.858 380.328 643.64 397.68 614 432 c 25
456 453 m 25
 499.29 433.11 534.953 437.251 567 402 c 24
 580.745 386.881 554.19 372.72 546 354 c 25
 546 0 l 17
 538 -29 532 -51 501 -54 c 1
 477 -52 466 -28 456 0 c 9
 456 453 l 25
513 591 m 24
 539.92 629.727 549.6 655.05 573 696 c 25
 684 687 l 1
 684 687 650.411 633.126 627 600 c 24
 593.057 551.972 575.04 523.853 537 479 c 24
 496.5 431.246 473.221 404.121 426 363 c 24
 379.228 322.27 351.019 300.472 297 270 c 24
 258.953 248.537 234.755 239.958 192 231 c 24
 151.875 222.593 127.95 227.95 87 226 c 25
 149.01 260.71 188.086 273.817 246 315 c 24
 311.57 361.628 346.058 392.172 402 450 c 24
 450.66 500.301 473.054 533.534 513 591 c 24
108 714 m 25
 750 714 l 25
 750 714 788 774 813 783 c 1
 839 779 881 726 912 693 c 1
 920 675 903 664 885 664 c 9
 108 664 l 25
 108 714 l 25
EndSplineSet
EndChar
