Width: 1000
Flags: H
TeX: 117 0
LayerCount: 2
Fore
SplineSet
309 -62 m 25
 699 -62 l 25
 699 -112 l 25
 309 -112 l 25
 309 -62 l 25
309 236 m 25
 663 236 l 25
 679 249 685 274 705 269 c 24
 740 259 757 238 774 206 c 24
 781 193 756 195 753 176 c 9
 753 -91 l 17
 745 -120 739 -142 708 -145 c 1
 684 -143 673 -119 663 -91 c 9
 663 186 l 25
 309 186 l 25
 309 236 l 25
264 266 m 25
 264 266 343 250 375 215 c 24
 389 200 362 186 354 167 c 25
 354 -103 l 17
 346 -132 340 -154 309 -157 c 1
 285 -155 274 -131 264 -103 c 9
 264 266 l 25
276 430 m 25
 621 430 l 25
 621 430 643 461 667 470 c 1
 686 463 710 435 729 409 c 1
 737 391 721 380 703 380 c 9
 276 380 l 25
 276 430 l 25
513 718 m 25
 540 688 554 670 583 642 c 24
 640 587 670 554 732 504 c 24
 790 458 825 435 889 397 c 24
 923 376 982 354 982 354 c 25
 982 354 933 328 903 309 c 24
 891 302 888 282 875 287 c 0
 851 297 816 325 782 353 c 24
 734 392 708 416 665 460 c 24
 610 516 579 548 529 609 c 24
 508 634 501 652 483 679 c 25
 513 718 l 25
465 766 m 25
 465 766 529 739 549 703 c 24
 558 687 533 679 522 664 c 24
 480 610 455 579 411 526 c 0
 348 450 311 407 231 349 c 24
 166 302 111 277 45 259 c 1
 98 306 131 337 182 391 c 24
 243 457 275 496 331 566 c 0
 370 615 390 643 424 694 c 24
 442 721 465 766 465 766 c 25
EndSplineSet
EndChar
