Width: 1000
Flags: H
TeX: 117 0
LayerCount: 2
Fore
SplineSet
417 80 m 25
 651 80 l 25
 651 30 l 25
 417 30 l 25
 417 80 l 25
417 270 m 25
 600 270 l 25
 616 283 622 308 642 303 c 24
 677 293 694 272 711 240 c 24
 718 227 698 222 690 210 c 25
 690 51 l 17
 682 22 676 0 645 -3 c 1
 621 -1 610 23 600 51 c 9
 600 220 l 25
 417 220 l 25
 417 270 l 25
381 294 m 25
 381 294 460 278 492 243 c 24
 506 228 479 214 471 195 c 25
 471 21 l 17
 463 -8 457 -30 426 -33 c 1
 402 -31 391 -7 381 21 c 9
 381 294 l 25
480 375 m 9
 480 684 l 25
 480 684 559 668 591 633 c 24
 605 618 578 604 570 585 c 25
 570 375 l 17
 480 375 l 9
291 414 m 25
 675 414 l 25
 675 414 697 445 721 454 c 1
 740 447 764 419 783 393 c 1
 791 375 775 364 757 364 c 9
 291 364 l 25
 291 414 l 25
333 552 m 25
 645 552 l 25
 645 552 667 583 691 592 c 1
 710 585 734 557 753 531 c 1
 761 513 745 502 727 502 c 9
 333 502 l 25
 333 552 l 25
747 -54 m 18
 770 -54 771 -23 771 -3 c 2
 771 688 l 9
 261 688 l 25
 261 738 l 25
 771 738 l 25
 787 751 793 776 813 771 c 24
 848 761 865 740 882 708 c 24
 889 695 869 690 861 678 c 25
 861 0 l 18
 861 -84 843 -132 795 -153 c 0
 762 -167 750 -119 720 -99 c 24
 693 -81 676 -72 648 -54 c 25
 747 -54 l 18
207 195 m 26
 207 765 l 25
 207 765 286 749 318 714 c 24
 332 699 305 685 297 666 c 25
 297 132 l 26
 297 73 283 39 258 -15 c 24
 238 -58 219 -80 183 -111 c 24
 153 -136 134 -143 93 -156 c 1
 124 -114 136 -94 156 -51 c 24
 175 -11 183 14 192 57 c 24
 203 110 207 141 207 195 c 26
EndSplineSet
EndChar
