Width: 1000
Flags: HW
LayerCount: 2
Fore
SplineSet
141 244 m 25
 312 244 l 25
 312 194 l 25
 141 194 l 25
 141 244 l 25
114 621 m 25
 252 621 l 25
 268 634 274 659 294 654 c 24
 329 644 346 623 363 591 c 24
 370 578 350 573 342 561 c 25
 342 189 l 17
 334 160 328 138 297 135 c 1
 273 137 262 161 252 189 c 9
 252 571 l 25
 114 571 l 25
 114 621 l 25
87 654 m 25
 87 654 166 638 198 603 c 24
 212 588 185 574 177 555 c 25
 177 120 l 17
 169 91 163 69 132 66 c 1
 108 68 97 92 87 120 c 9
 87 654 l 25
423 305 m 1
 891 305 l 1
 891 255 l 1
 423 255 l 1
 423 305 l 1
693 687 m 25
 693 -111 l 17
 685 -140 679 -162 648 -165 c 1
 624 -163 613 -139 603 -111 c 9
 603 687 l 25
 693 687 l 25
417 509 m 25
 879 509 l 25
 879 459 l 25
 417 459 l 25
 417 509 l 25
429 708 m 25
 822 708 l 25
 838 721 844 746 864 741 c 24
 899 731 916 710 933 678 c 24
 940 665 920 660 912 648 c 25
 912 282 l 17
 904 253 898 231 867 228 c 1
 843 230 832 254 822 282 c 9
 822 658 l 25
 429 658 l 25
 429 708 l 25
396 741 m 25
 396 741 475 725 507 690 c 24
 521 675 494 661 486 642 c 25
 486 264 l 17
 478 235 472 213 441 210 c 1
 417 212 406 236 396 264 c 9
 396 741 l 25
EndSplineSet
EndChar
