Width: 1000
Flags: HW
LayerCount: 2
Fore
SplineSet
405 -141 m 24
 369.166 -107.273 368.4 -73.29 345 -30 c 25
 376.59 -31.1699 394.393 -33.5357 426 -33 c 24
 601.537 -30.0244 700.5 -25.6797 876 -21 c 25
 879 -69 l 25
 710.52 -91.2305 615.013 -100.479 447 -126 c 24
 429.804 -128.612 417.666 -152.921 405 -141 c 24
783 144 m 25
 816.93 114.75 844.579 105.886 870 69 c 24
 905.662 17.2549 929.335 -15.511 936 -78 c 24
 939.664 -112.354 925.453 -141.703 894 -156 c 24
 870.615 -166.629 850.521 -144.841 837 -123 c 24
 817.429 -91.3848 823.371 -66.4449 816 -30 c 24
 802.309 37.6992 795.87 76.1396 783 144 c 25
118 203 m 1
 322 203 l 1
 322 153 l 1
 118 153 l 1
 118 203 l 1
118 634 m 25
 268 634 l 25
 284 647 290 672 310 667 c 24
 345 657 362 636 379 604 c 24
 386 591 366 586 358 574 c 25
 358 169 l 17
 350 140 344 118 313 115 c 1
 289 117 278 141 268 169 c 9
 268 584 l 25
 118 584 l 25
 118 634 l 25
66 675 m 25
 109.29 655.11 144.953 659.251 177 624 c 24
 190.745 608.881 164.19 594.72 156 576 c 25
 156 106 l 17
 148 77 142 55 111 52 c 1
 87 54 76 78 66 106 c 9
 66 675 l 25
750 417 m 25
 787.44 385.41 824.545 380.038 846 336 c 24
 855.065 317.392 820.595 315.609 807 300 c 24
 757.312 242.951 732.571 208.002 684 150 c 24
 612.057 64.0869 570.54 16.4102 498 -69 c 25
 423 -69 l 25
 467.46 -10.5 495.981 20.0371 537 81 c 24
 623.612 209.727 666.93 285.96 750 417 c 25
405 351 m 25
 457.65 321.75 498.104 319.27 540 276 c 24
 573.557 241.344 589.854 210.205 588 162 c 24
 586.975 135.34 560.396 116.118 534 120 c 24
 505.247 124.229 500.3 151.699 486 177 c 24
 469.424 206.327 470.217 227.46 456 258 c 24
 438.542 295.501 424.89 314.73 405 351 c 25
489 273 m 25
 456 303 l 25
 492.27 369.69 513.744 406.768 549 474 c 24
 564.068 502.734 570.96 519.75 585 549 c 25
 622.44 524.43 655.082 522.521 681 486 c 24
 690.576 472.507 662.078 468.29 651 456 c 24
 587.181 385.201 552.18 344.37 489 273 c 25
408 579 m 25
 792 579 l 25
 821 607 830 639 855 648 c 1
 881 644 923 591 954 558 c 1
 962 540 945 529 927 529 c 9
 408 529 l 25
 408 579 l 25
591 564 m 25
 591 777 l 25
 634 757 670 761 702 726 c 24
 716 711 689 697 681 678 c 25
 681 564 l 25
 591 564 l 25
EndSplineSet
EndChar
