Width: 1000
Flags: H
TeX: 117 0
LayerCount: 2
Fore
SplineSet
258 -79 m 25
 789 -79 l 25
 789 -129 l 25
 258 -129 l 25
 258 -79 l 25
234 138 m 25
 747 138 l 25
 763.38 150.87 768.891 176.435 789 171 c 24
 824.178 161.492 841.287 140.381 858 108 c 24
 864.55 95.3086 845.19 89.7002 837 78 c 25
 837 -105 l 17
 829 -134 823 -156 792 -159 c 1
 768 -157 757 -133 747 -105 c 9
 747 88 l 25
 234 88 l 25
 234 138 l 25
216 165 m 25
 259.29 145.11 294.953 149.251 327 114 c 24
 340.745 98.8809 314.19 84.7197 306 66 c 25
 306 -120 l 17
 298 -149 292 -171 261 -174 c 1
 237 -172 226 -148 216 -120 c 9
 216 165 l 25
810 510 m 25
 810 252 l 17
 802 223 796 201 765 198 c 1
 741 200 730 224 720 252 c 9
 720 510 l 25
 810 510 l 25
549 537 m 25
 885 537 l 25
 885 537 908 573 933 582 c 1
 959 578 947 549 978 516 c 1
 986 498 969 487 951 487 c 9
 549 487 l 25
 549 537 l 25
507 435 m 9
 507 723 l 25
 550.29 703.11 585.953 707.251 618 672 c 24
 631.745 656.881 605.19 642.72 597 624 c 25
 597 435 l 17
 588 390 576.992 352.01 546 309 c 24
 517.798 269.862 491.797 255.086 450 231 c 24
 421.453 214.55 400.59 216.36 369 207 c 25
 406.44 250.29 435.364 269.036 465 318 c 24
 490.104 359.476 501 393 507 435 c 9
789 738 m 24
 818.207 748.121 831.09 761.79 858 777 c 25
 939 669 l 25
 909.75 666.66 893.193 665.965 864 663 c 24
 743.425 650.754 675.51 642.87 555 630 c 25
 555 672 l 25
 646.26 697.74 699.406 706.953 789 738 c 24
102 360 m 24
 76.8701 390.593 81.8701 418.56 69 456 c 25
 132.18 465.36 167.965 469.709 231 480 c 24
 339.966 497.79 401.19 509.28 510 528 c 25
 452.67 497.58 422.851 475.099 363 450 c 24
 277.353 414.083 225.8 402.276 138 372 c 24
 124.009 367.176 111.394 348.564 102 360 c 24
78 642 m 25
 393 642 l 25
 393 642 416 678 441 687 c 1
 467 683 455 654 486 621 c 1
 494 603 477 592 459 592 c 9
 78 592 l 25
 78 642 l 25
234 261 m 25
 234 798 l 25
 277.29 778.11 312.953 782.251 345 747 c 24
 358.745 731.881 332.19 717.72 324 699 c 25
 324 225 l 25
 302.94 205.11 298.968 174 270 174 c 24
 238.389 174 233.013 207.039 207 225 c 24
 183.713 241.079 168.57 246.96 144 261 c 25
 234 261 l 25
EndSplineSet
EndChar
