Width: 1000
Flags: H
TeX: 117 0
LayerCount: 2
Fore
SplineSet
415 420 m 25
 817 420 l 25
 817 420 840 456 865 465 c 1
 891 461 879 432 910 399 c 1
 918 381 901 370 883 370 c 9
 415 370 l 25
 415 420 l 25
283 -84 m 25
 810 -84 l 25
 810 -84 848 -24 873 -15 c 1
 899 -19 941 -72 972 -105 c 1
 980 -123 963 -134 945 -134 c 9
 283 -134 l 25
 283 -84 l 25
582 -114 m 25
 582 774 l 25
 625 754 661 758 693 723 c 24
 707 708 680 694 672 675 c 25
 672 -114 l 25
 582 -114 l 25
118 167 m 25
 343 167 l 25
 343 117 l 25
 118 117 l 25
 118 167 l 25
110 597 m 25
 307 597 l 25
 323.38 609.87 328.891 635.435 349 630 c 24
 384.178 620.492 401.287 599.381 418 567 c 24
 424.55 554.309 405.19 548.7 397 537 c 25
 397 108 l 17
 389 79 383 57 352 54 c 1
 328 56 317 80 307 108 c 9
 307 547 l 25
 110 547 l 25
 110 597 l 25
88 633 m 25
 131.29 613.11 166.953 617.251 199 582 c 24
 212.745 566.881 186.19 552.72 178 534 c 25
 178 69 l 17
 170 40 164 18 133 15 c 1
 109 17 98 41 88 69 c 9
 88 633 l 25
EndSplineSet
EndChar
