Width: 1000
Flags: HW
TeX: 117 0
LayerCount: 2
Fore
SplineSet
270 -35 m 25
 738 -35 l 25
 738 -85 l 25
 270 -85 l 25
 270 -35 l 25
279 198 m 25
 687 198 l 25
 703 211 709 236 729 231 c 24
 764 221 781 200 798 168 c 24
 805 155 785 150 777 138 c 25
 777 -75 l 17
 769 -104 763 -126 732 -129 c 1
 708 -127 697 -103 687 -75 c 9
 687 148 l 25
 279 148 l 25
 279 198 l 25
237 234 m 25
 280 214 316 218 348 183 c 24
 362 168 335 154 327 135 c 25
 327 -72 l 17
 319 -101 313 -123 282 -126 c 1
 258 -124 247 -100 237 -72 c 9
 237 234 l 25
423 735 m 25
 510 735 l 25
 492 644 487 591 465 501 c 24
 447 428 430 389 408 318 c 25
 339 318 l 25
 355 386 367 424 381 492 c 24
 400 586 407 640 423 735 c 25
54 336 m 25
 768 336 l 25
 797 364 806 396 831 405 c 1
 857 401 899 348 930 315 c 1
 938 297 921 286 903 286 c 9
 54 286 l 25
 54 336 l 25
633 309 m 25
 633 511 l 25
 195 511 l 25
 195 561 l 25
 633 561 l 25
 649 574 655 599 675 594 c 24
 710 584 727 563 744 531 c 24
 751 518 731 513 723 501 c 25
 723 309 l 25
 633 309 l 25
123 741 m 25
 720 741 l 25
 749 769 758 801 783 810 c 1
 809 806 851 753 882 720 c 1
 890 702 873 691 855 691 c 9
 123 691 l 25
 123 741 l 25
EndSplineSet
EndChar
