Width: 1000
Flags: HW
LayerCount: 2
Fore
SplineSet
60 221 m 1
 234 221 l 1
 234 171 l 1
 60 171 l 1
 60 221 l 1
60 597 m 25
 192 597 l 25
 208 610 214 635 234 630 c 24
 269 620 286 599 303 567 c 24
 310 554 290 549 282 537 c 25
 282 201 l 17
 274 172 268 150 237 147 c 1
 213 149 202 173 192 201 c 9
 192 547 l 25
 60 547 l 25
 60 597 l 25
30 636 m 25
 30 636 109 620 141 585 c 24
 155 570 128 556 120 537 c 25
 120 108 l 17
 112 79 106 57 75 54 c 1
 51 56 40 80 30 108 c 9
 30 636 l 25
628 675 m 25
 677 672 l 25
 687 599 687 558 702 486 c 24
 718 409 729 365 756 291 c 24
 781 221 801 184 834 117 c 24
 855 76 868 53 894 15 c 24
 927 -32 949 -56 984 -102 c 25
 962 -113 949 -117 927 -129 c 24
 914 -136 905 -161 894 -150 c 24
 851 -108 839 -72 812 -18 c 24
 771 65 752 114 720 201 c 24
 700 254 692 284 680 339 c 24
 666 398 662 432 652 492 c 24
 642 563 637 604 628 675 c 25
857 652 m 25
 586 652 l 25
 586 702 l 25
 852 702 l 25
 870 713 878 735 897 729 c 24
 931 718 944 696 963 666 c 24
 969 656 956 648 954 636 c 24
 938 554 937 506 915 426 c 24
 892 339 874 290 839 207 c 24
 812 143 797 106 758 48 c 24
 724 -3 699 -27 655 -69 c 24
 624 -99 605 -116 566 -135 c 24
 523 -156 510 -162 448 -171 c 1
 510 -129 536 -109 584 -60 c 24
 631 -12 652 20 689 75 c 24
 725 129 745 160 771 219 c 24
 797 278 806 313 822 375 c 24
 836 430 839 463 846 519 c 24
 853 571 853 600 857 652 c 25
372 288 m 25
 404 268 426 263 453 237 c 24
 497 195 520 168 552 117 c 24
 575 81 593 58 594 15 c 24
 595 -12 582 -37 555 -42 c 24
 531 -46 522 -21 510 0 c 24
 488 38 490 66 471 105 c 24
 456 135 446 152 424 177 c 24
 400 204 381 214 354 237 c 25
 372 288 l 25
524 502 m 25
 261 502 l 25
 261 552 l 25
 524 552 l 25
 547 567 556 600 581 591 c 24
 618 578 629 547 639 510 c 24
 643 495 614 498 611 483 c 0
 594 414 592 360 566 285 c 24
 538 203 516 159 473 84 c 24
 442 31 420 2 377 -42 c 24
 350 -70 331 -84 296 -99 c 24
 266 -112 259 -114 215 -111 c 1
 274 -69 295 -50 335 0 c 24
 386 63 409 104 444 177 c 24
 477 245 489 287 507 360 c 24
 520 414 524 502 524 502 c 25
402 774 m 25
 402 774 473 757 502 726 c 24
 514 713 492 701 488 684 c 24
 468 615 457 576 441 507 c 24
 415 395 411 329 378 219 c 24
 370 194 353 186 338 165 c 17
 320 163 307 178 303 198 c 0
 294 240 306 250 312 282 c 24
 321 334 331 362 342 414 c 24
 356 486 364 527 376 600 c 24
 387 668 402 774 402 774 c 25
EndSplineSet
EndChar
