Width: 1000
Flags: HW
LayerCount: 2
Fore
SplineSet
234 -68 m 25
 774 -68 l 25
 774 -118 l 25
 234 -118 l 25
 234 -68 l 25
231 167 m 25
 711 167 l 25
 727 180 733 205 753 200 c 24
 788 190 805 169 822 137 c 24
 829 124 809 119 801 107 c 25
 801 -100 l 17
 793 -129 787 -151 756 -154 c 1
 732 -152 721 -128 711 -100 c 9
 711 117 l 25
 231 117 l 25
 231 167 l 25
204 191 m 25
 204 191 283 175 315 140 c 24
 329 125 302 111 294 92 c 25
 294 -96 l 17
 286 -125 280 -147 249 -150 c 1
 225 -148 214 -124 204 -96 c 9
 204 191 l 25
822 633 m 17
 882 558 l 9
 886 547 869 545 858 540 c 24
 822 525 800 519 762 507 c 24
 696 486 591 456 591 456 c 25
 591 498 l 25
 637 520 664 529 708 555 c 24
 822 633 l 17
885 222 m 26
 606 222 l 17
 578 227 554 245 549 270 c 9
 549 735 l 25
 549 735 628 719 660 684 c 24
 674 669 647 655 639 636 c 25
 639 338 l 17
 639 317 659 303 675 302 c 9
 816 302 l 25
 827 326 832 339 843 363 c 24
 856 391 865 407 879 435 c 25
 886 382 883 351 897 300 c 24
 901 284 927 283 924 267 c 24
 920 244 908 222 885 222 c 26
360 540 m 25
 432 540 l 25
 432 540 454 571 478 580 c 1
 497 573 521 545 540 519 c 1
 548 501 532 490 514 490 c 9
 360 490 l 25
 360 540 l 25
159 198 m 24
 145 194 135 172 126 183 c 24
 97 217 81 288 81 288 c 25
 81 288 209 299 291 306 c 24
 341 310 370 313 420 318 c 24
 482 324 515 328 579 336 c 1
 516 304 482 291 417 270 c 24
 318 237 259 228 159 198 c 24
162 267 m 25
 162 582 l 25
 162 582 241 566 273 531 c 24
 287 516 260 502 252 483 c 25
 252 267 l 25
 162 267 l 25
309 285 m 25
 309 729 l 25
 309 729 388 713 420 678 c 24
 434 663 407 649 399 630 c 25
 399 285 l 25
 309 285 l 25
EndSplineSet
EndChar
