Width: 1000
Flags: H
TeX: 117 0
LayerCount: 2
Fore
SplineSet
597 208 m 9
 597 673 l 25
 687 673 l 25
 687 286 l 17
 680.79 259 681 238 705 232 c 9
 732 232 l 25
 740.19 242.53 748.211 246.549 753 259 c 24
 766.04 292.905 767.64 313.9 777 349 c 25
 781.68 304.54 778.35 278.419 789 235 c 24
 793.876 215.123 819.233 210.21 816 190 c 24
 812.969 171.052 792.21 171.7 777 160 c 25
 669 160 l 17
 627 160 627 178 597 208 c 9
471 316 m 9
 471 673 l 25
 561 673 l 25
 561 337 l 17
 561 283 550.213 248.836 531 196 c 24
 521.563 170.05 510.713 156.06 489 139 c 24
 460.199 116.371 437.76 113.38 405 97 c 25
 424.89 137.95 442.863 158.411 456 202 c 24
 468.939 244.936 465 274 471 316 c 9
366 0 m 25
 849 0 l 25
 849 -50 l 25
 366 -50 l 25
 366 0 l 25
360 529 m 25
 795 529 l 25
 811 542 817 567 837 562 c 24
 872 552 889 531 906 499 c 24
 913 486 893 481 885 469 c 25
 885 -62 l 17
 877 -91 871 -113 840 -116 c 1
 816 -114 805 -90 795 -62 c 9
 795 479 l 25
 360 479 l 25
 360 529 l 25
336 562 m 25
 379 542 415 546 447 511 c 24
 461 496 434 482 426 463 c 25
 426 -68 l 17
 418 -97 412 -119 381 -122 c 1
 357 -120 346 -96 336 -68 c 9
 336 562 l 25
300 706 m 25
 777 706 l 25
 777 706 815 766 840 775 c 1
 866 771 908 718 939 685 c 1
 947 667 930 656 912 656 c 9
 300 656 l 25
 300 706 l 25
90 177 m 25
 258 177 l 25
 258 127 l 25
 90 127 l 25
 90 177 l 25
90 628 m 25
 207 628 l 25
 223.38 640.87 228.89 666.435 249 661 c 24
 284.178 651.492 301.287 630.381 318 598 c 24
 324.55 585.309 305.19 579.7 297 568 c 25
 297 91 l 17
 289 62 283 40 252 37 c 1
 228 39 217 63 207 91 c 9
 207 578 l 25
 90 578 l 25
 90 628 l 25
60 661 m 25
 103 641 139 645 171 610 c 24
 185 595 158 581 150 562 c 25
 150 73 l 17
 142 44 136 22 105 19 c 1
 81 21 70 45 60 73 c 9
 60 661 l 25
EndSplineSet
EndChar
