Width: 1000
Flags: HW
TeX: 117 0
LayerCount: 2
Fore
SplineSet
744 -102 m 24
 704 -73 690 -48 654 -15 c 24
 614 23 590 44 549 81 c 25
 623 55 667 48 738 15 c 24
 795 -12 839 -19 873 -72 c 24
 892 -101 882 -148 849 -156 c 24
 804 -166 781 -129 744 -102 c 24
336 90 m 25
 383 64 426 68 456 24 c 24
 470 4 432 0 408 -15 c 9
 354 -49 328 -76 270 -102 c 24
 189 -138 138 -144 54 -171 c 25
 144 -103 202 -74 285 3 c 24
 314 30 316 56 336 90 c 25
33 132 m 25
 813 132 l 25
 842 160 851 192 876 201 c 1
 902 197 944 144 975 111 c 1
 983 93 966 82 948 82 c 9
 33 82 l 25
 33 132 l 25
711 94 m 25
 711 289 l 25
 201 289 l 25
 201 339 l 25
 711 339 l 25
 727 352 733 377 753 372 c 24
 788 362 805 341 822 309 c 24
 829 296 809 291 801 279 c 25
 801 94 l 25
 711 94 l 25
165 660 m 25
 208 640 244 644 276 609 c 24
 290 594 263 580 255 561 c 25
 255 279 l 17
 247 250 241 228 210 225 c 1
 186 227 175 251 165 279 c 9
 165 660 l 25
399 508 m 25
 762 508 l 25
 762 458 l 25
 399 458 l 25
 399 508 l 25
384 757 m 25
 696 757 l 25
 712 770 718 795 738 790 c 24
 773 780 790 759 807 727 c 24
 814 714 794 709 786 697 c 25
 786 474 l 17
 778 445 772 423 741 420 c 1
 717 422 706 446 696 474 c 9
 696 707 l 25
 384 707 l 25
 384 757 l 25
351 785 m 25
 394 765 430 769 462 734 c 24
 476 719 449 705 441 686 c 25
 441 456 l 17
 433 427 427 405 396 402 c 1
 372 404 361 428 351 456 c 9
 351 785 l 25
EndSplineSet
EndChar
