Width: 1000
Flags: H
TeX: 117 0
LayerCount: 2
Fore
SplineSet
399 24 m 24
 387.271 70.2637 400.183 102.081 423 144 c 24
 452.311 197.851 485.03 217.266 528 261 c 24
 572.866 306.664 601.2 329.32 648 373 c 25
 447 373 l 25
 447 423 l 25
 672 423 l 25
 696.57 435.87 707.939 462.089 735 456 c 24
 766.488 448.915 785.867 427.687 792 396 c 24
 795.786 376.438 768.586 375.411 753 363 c 24
 705.397 325.094 676.478 306.277 630 267 c 24
 593.328 236.01 572.906 217.963 540 183 c 24
 516.58 158.116 496.618 146.479 486 114 c 24
 475.45 81.7305 470.047 55.1668 489 27 c 24
 504.642 3.75488 531.09 14.7998 558 7 c 17
 807 7 l 9
 821.04 34.6904 831.709 49.08 843 78 c 24
 854.047 106.295 855.81 123.75 864 153 c 25
 873.36 100.35 869.858 68.3038 888 18 c 24
 896.439 -5.39941 931.711 -5.1846 930 -30 c 24
 928.341 -54.0635 900.72 -53.79 882 -69 c 25
 477 -69 l 17
 444 -57 410.633 -21.8866 399 24 c 24
504 612 m 25
 852 612 l 25
 852 612 875 648 900 657 c 1
 926 653 914 624 945 591 c 1
 953 573 936 562 918 562 c 9
 504 562 l 25
 504 612 l 25
522 774 m 25
 562.95 755.28 598.735 761.049 627 726 c 24
 640.241 709.581 607.42 699.339 597 681 c 24
 578.129 647.787 571.654 626.756 552 594 c 24
 532.965 562.273 523.587 542.724 498 516 c 24
 470.323 487.093 448.59 477.57 417 453 c 25
 439.23 495.12 455.518 517.106 474 561 c 24
 493.096 606.354 502.182 632.994 513 681 c 24
 521.011 716.548 522 737.73 522 774 c 25
132 247 m 25
 348 247 l 25
 348 197 l 25
 132 197 l 25
 132 247 l 25
135 687 m 25
 291 687 l 25
 307 700 313 725 333 720 c 24
 368 710 385 689 402 657 c 24
 409 644 389 639 381 627 c 25
 381 216 l 17
 373 187 367 165 336 162 c 1
 312 164 301 188 291 216 c 9
 291 637 l 25
 135 637 l 25
 135 687 l 25
99 720 m 25
 142 700 178 704 210 669 c 24
 224 654 197 640 189 621 c 25
 189 111 l 17
 181 82 175 60 144 57 c 1
 120 59 109 83 99 111 c 9
 99 720 l 25
EndSplineSet
EndChar
