Width: 1000
Flags: H
TeX: 117 0
LayerCount: 2
Fore
SplineSet
384 -65 m 25
 783 -65 l 25
 783 -115 l 25
 384 -115 l 25
 384 -65 l 25
381 246 m 25
 753 246 l 25
 769 259 775 284 795 279 c 24
 830 269 847 248 864 216 c 24
 871 203 851 198 843 186 c 25
 843 -129 l 17
 835 -158 829 -180 798 -183 c 1
 774 -181 763 -157 753 -129 c 9
 753 196 l 25
 381 196 l 25
 381 246 l 25
348 276 m 25
 391 256 427 260 459 225 c 24
 473 210 446 196 438 177 c 25
 438 -144 l 17
 430 -173 424 -195 393 -198 c 1
 369 -196 358 -172 348 -144 c 9
 348 276 l 25
276 447 m 25
 783 447 l 25
 812 475 821 507 846 516 c 1
 872 512 914 459 945 426 c 1
 953 408 936 397 918 397 c 9
 276 397 l 25
 276 447 l 25
228 243 m 9
 228 669 l 25
 271.29 649.11 306.953 653.251 339 618 c 24
 352.745 602.881 326.19 588.72 318 570 c 25
 318 393 l 17
 318 264 311.658 194.434 282 72 c 24
 265.37 3.34766 245.694 -35.2997 201 -90 c 24
 164.854 -134.237 127.8 -141.24 81 -174 c 25
 109.08 -126.03 129.608 -101.423 153 -51 c 24
 182.448 12.4775 191.43 51.4805 216 117 c 17
 228 243 l 9
837 621 m 25
 252 592 l 25
 252 642 l 25
 477 669 l 25
 561.24 681.87 609.356 685.697 693 702 c 24
 747.594 712.642 777.18 723.96 831 738 c 25
 849.72 694.71 876.584 674.103 879 627 c 24
 879.848 610.476 853.38 623.34 837 621 c 25
EndSplineSet
EndChar
