Width: 1000
Flags: HW
TeX: 117 0
LayerCount: 2
Fore
SplineSet
327 -50 m 25
 708 -50 l 25
 708 -100 l 25
 327 -100 l 25
 327 -50 l 25
318 188 m 25
 666 188 l 25
 682 201 688 226 708 221 c 24
 743 211 760 190 777 158 c 24
 784 145 764 140 756 128 c 25
 756 -95 l 17
 748 -124 742 -146 711 -149 c 1
 687 -147 676 -123 666 -95 c 9
 666 138 l 25
 318 138 l 25
 318 188 l 25
282 222 m 25
 325 202 361 206 393 171 c 24
 407 156 380 142 372 123 c 25
 372 -99 l 17
 364 -128 358 -150 327 -153 c 1
 303 -151 292 -127 282 -99 c 9
 282 222 l 25
309 618 m 25
 403 544 451 497 549 429 c 24
 628 373 674 341 762 300 c 24
 833 267 879 265 954 243 c 25
 919 224 898 216 864 195 c 24
 850 186 847 164 831 168 c 24
 765 186 733 210 675 246 c 24
 621 279 596 305 546 345 c 24
 480 398 442 427 378 483 c 24
 338 518 318 542 279 579 c 25
 309 618 l 25
723 603 m 24
 627 507 583 443 483 351 c 24
 425 298 387 274 321 231 c 24
 268 196 239 174 180 150 c 24
 122 127 81 120 24 111 c 9
 116 174 173 204 261 273 c 24
 367 356 425 407 522 501 c 24
 563 540 579 569 615 613 c 25
 343 613 l 25
 343 663 l 25
 625 663 l 25
 646 678 654 710 678 702 c 24
 719 689 735 660 753 621 c 24
 759 609 733 613 723 603 c 24
354 792 m 25
 393 769 423 766 453 732 c 24
 462 721 441 713 432 702 c 24
 384 640 361 601 309 543 c 24
 263 491 236 462 180 420 c 24
 134 386 108 372 51 351 c 9
 101 410 134 439 180 501 c 24
 233 572 261 614 306 690 c 24
 329 728 335 752 354 792 c 25
EndSplineSet
EndChar
