Width: 1000
Flags: H
TeX: 117 0
LayerCount: 2
Fore
SplineSet
618 -54 m 25
 720 -54 l 25
 720 306 l 25
 810 306 l 25
 810 -93 l 17
 786.837 -137.419 772.759 -157.354 732 -165 c 9
 706.814 -169.914 705.385 -134.901 687 -117 c 24
 660.893 -91.5791 644.91 -78.5703 618 -54 c 25
681 417 m 25
 681 681 l 25
 771 681 l 25
 771 363 l 25
 751.11 340.77 749.764 307.984 720 306 c 24
 695.017 304.334 698.207 338.81 681 357 c 24
 657.095 382.271 640.74 393.6 615 417 c 25
 681 417 l 25
279 42 m 1
 561 42 l 1
 561 -8 l 1
 279 -8 l 1
 279 42 l 1
246 210 m 25
 504 210 l 25
 520.38 222.87 525.891 248.435 546 243 c 24
 581.178 233.492 598.287 212.381 615 180 c 24
 621.55 167.309 602.19 161.7 594 150 c 25
 594 11 l 17
 586 -18 580 -40 549 -43 c 1
 525 -41 514 -17 504 11 c 9
 504 160 l 25
 246 160 l 25
 246 210 l 25
222 249 m 25
 265.29 229.11 300.953 233.251 333 198 c 24
 346.745 182.881 320.19 168.72 312 150 c 25
 312 -21 l 17
 304 -50 298 -72 267 -75 c 1
 243 -73 232 -49 222 -21 c 9
 222 249 l 25
75 330 m 25
 795 330 l 25
 824 358 833 390 858 399 c 1
 884 395 926 342 957 309 c 1
 965 291 948 280 930 280 c 9
 75 280 l 25
 75 330 l 25
279 465 m 1
 543 465 l 1
 543 415 l 1
 279 415 l 1
 279 465 l 1
279 621 m 25
 492 621 l 25
 508.38 633.87 513.891 659.435 534 654 c 24
 569.178 644.492 586.287 623.381 603 591 c 24
 609.55 578.309 590.19 572.7 582 561 c 25
 582 445 l 17
 574 416 568 394 537 391 c 1
 513 393 502 417 492 445 c 9
 492 571 l 25
 279 571 l 25
 279 621 l 25
252 651 m 25
 295.29 631.11 330.953 635.251 363 600 c 24
 376.745 584.881 350.19 570.72 342 552 c 25
 342 418 l 17
 334 389 328 367 297 364 c 1
 273 366 262 390 252 418 c 9
 252 651 l 25
105 711 m 25
 735 711 l 25
 764 739 773 771 798 780 c 1
 824 776 866 723 897 690 c 1
 905 672 888 661 870 661 c 9
 105 661 l 25
 105 711 l 25
EndSplineSet
EndChar
