Width: 1000
Flags: H
TeX: 117 0
LayerCount: 2
Fore
SplineSet
363 141 m 25
 807 141 l 25
 836 169 845 201 870 210 c 1
 896 206 938 153 969 120 c 1
 977 102 960 91 942 91 c 9
 363 91 l 25
 363 141 l 25
627 -57 m 25
 627 255 l 25
 670 235 706 239 738 204 c 24
 752 189 725 175 717 156 c 25
 717 -96 l 17
 690 -144 672 -164 627 -171 c 24
 600 -175 603 -134 582 -117 c 24
 548 -89 523 -80 486 -57 c 25
 627 -57 l 25
753 292 m 25
 462 292 l 25
 462 342 l 25
 771 342 l 25
 793 354 805 382 828 372 c 24
 865 355 881 328 891 288 c 24
 895 273 867 281 852 276 c 25
 690 165 l 25
 660 201 l 25
 753 292 l 25
804 726 m 25
 837 704 862 699 888 669 c 24
 895 660 883 652 876 642 c 24
 834 581 811 547 765 489 c 24
 712 422 677 388 621 324 c 24
 585 282 570 253 528 216 c 24
 472 167 438 140 372 105 c 24
 317 75 280 72 222 51 c 25
 299 117 348 148 420 219 c 24
 510 308 555 364 636 462 c 24
 679 514 702 546 738 603 c 24
 767 649 778 678 804 726 c 25
336 486 m 25
 816 486 l 25
 845 514 854 546 879 555 c 1
 905 551 947 498 978 465 c 1
 986 447 969 436 951 436 c 9
 336 436 l 25
 336 486 l 25
498 462 m 25
 498 759 l 25
 541 739 577 743 609 708 c 24
 623 693 596 679 588 660 c 25
 588 462 l 25
 498 462 l 25
360 648 m 25
 633 648 l 25
 633 648 656 684 681 693 c 1
 707 689 695 660 726 627 c 1
 734 609 717 598 699 598 c 9
 360 598 l 25
 360 648 l 25
111 227 m 1
 279 227 l 1
 279 177 l 1
 111 177 l 1
 111 227 l 1
96 618 m 25
 243 618 l 25
 259 631 265 656 285 651 c 24
 320 641 337 620 354 588 c 24
 361 575 341 570 333 558 c 25
 333 204 l 17
 325 175 319 153 288 150 c 1
 264 152 253 176 243 204 c 9
 243 568 l 25
 96 568 l 25
 96 618 l 25
75 654 m 25
 118 634 154 638 186 603 c 24
 200 588 173 574 165 555 c 25
 165 144 l 17
 157 115 151 93 120 90 c 1
 96 92 85 116 75 144 c 9
 75 654 l 25
EndSplineSet
EndChar
