Width: 1000
Flags: HW
LayerCount: 2
Fore
SplineSet
114 136 m 25
 297 136 l 25
 297 86 l 25
 114 86 l 25
 114 136 l 25
84 582 m 25
 270 582 l 25
 286 595 292 620 312 615 c 24
 347 605 364 584 381 552 c 24
 388 539 368 534 360 522 c 25
 360 108 l 17
 352 79 346 57 315 54 c 1
 291 56 280 80 270 108 c 9
 270 532 l 25
 84 532 l 25
 84 582 l 25
72 609 m 25
 72 609 151 593 183 558 c 24
 197 543 170 529 162 510 c 25
 162 45 l 17
 154 16 148 -6 117 -9 c 1
 93 -7 82 17 72 45 c 9
 72 609 l 25
537 68 m 25
 531 110 l 25
 531 110 624 151 681 182 c 24
 724 205 786 248 786 248 c 25
 786 248 844 203 858 161 c 24
 863 145 835 151 819 146 c 24
 709 114 537 68 537 68 c 25
882 -145 m 26
 561 -145 l 17
 533 -140 509 -122 504 -97 c 9
 504 312 l 25
 504 312 583 296 615 261 c 24
 629 246 602 232 594 213 c 25
 594 -29 l 17
 594 -50 614 -64 630 -65 c 9
 822 -65 l 25
 836 -38 845 -25 858 -1 c 24
 875 31 884 50 900 83 c 25
 898 29 886 -2 894 -55 c 24
 898 -79 933 -82 930 -106 c 24
 927 -130 906.207 -145 882 -145 c 26
834 689 m 25
 834 689 895.565 646.759 921 608 c 24
 927.056 598.771 903.78 601.71 897 593 c 24
 855.332 539.476 840.5 502.865 798 450 c 24
 744.365 383.283 712.607 346.435 651 287 c 24
 590.626 228.755 554.264 197.76 486 149 c 24
 455.341 127.101 434.863 118.549 399 107 c 24
 365.129 96.0928 346 91 309 92 c 1
 365 123 395.531 143.307 444 185 c 24
 504.841 237.336 534.789 271.923 588 332 c 24
 643.73 394.921 674.077 431.652 723 500 c 24
 751.234 539.445 834 689 834 689 c 25
384 396 m 25
 831 396 l 25
 860 424 869 456 894 465 c 1
 920 461 962 408 993 375 c 1
 1001 357 984 346 966 346 c 9
 384 346 l 25
 384 396 l 25
543 378 m 25
 543 755 l 25
 543 755 621.953 739.251 654 704 c 24
 667.745 688.881 641.19 674.72 633 656 c 25
 633 378 l 25
 543 378 l 25
390 602 m 25
 690 602 l 25
 690 602 712 633 736 642 c 1
 755 635 779 607 798 581 c 1
 806 563 790 552 772 552 c 9
 390 552 l 25
 390 602 l 25
EndSplineSet
EndChar
