Width: 1000
Flags: HW
TeX: 117 0
LayerCount: 2
Fore
SplineSet
576 552 m 25
 576 771 l 25
 619 751 655 755 687 720 c 24
 701 705 674 691 666 672 c 25
 666 552 l 25
 576 552 l 25
693 54 m 25
 741 28 774 23 816 -12 c 24
 854 -43 884 -63 894 -111 c 24
 900 -138 876 -160 849 -165 c 24
 821 -170 805 -150 786 -129 c 24
 768 -108 776 -85 759 -63 c 24
 733 -28 710 -15 678 15 c 25
 693 54 l 25
798 276 m 25
 827 249 858 244 873 207 c 24
 881 188 856 180 843 165 c 24
 788 100 763 56 699 0 c 24
 634 -57 591 -81 516 -123 c 24
 479 -144 456 -155 414 -162 c 24
 355 -172 321 -168 261 -168 c 25
 325 -145 367 -143 426 -108 c 24
 527 -48 579 -6 666 72 c 24
 706 108 721 137 750 183 c 24
 772 217 779 240 798 276 c 25
693 444 m 25
 736 421 772 422 804 384 c 24
 816 370 786 362 774 348 c 24
 735 300 717 270 675 225 c 24
 611 157 576 116 501 60 c 24
 457 27 426 18 375 0 c 24
 340 -12 318 -9 282 -15 c 25
 364 38 419 56 492 120 c 24
 552 172 572 214 618 279 c 24
 640 311 650 331 666 366 c 24
 679 395 682 414 693 444 c 25
417 399 m 25
 454 390 481 396 513 375 c 24
 554 348 581 328 597 282 c 24
 608 250 603 214 573 198 c 24
 549 186 539 223 522 243 c 24
 495 275 482 295 459 330 c 24
 441 356 433 372 417 399 c 25
549 546 m 25
 627 546 l 25
 600 429 l 25
 581 388 576 362 552 324 c 24
 540 305 526 300 510 285 c 25
 483 327 l 25
 495 346 505 355 513 375 c 24
 526 407 528 426 537 459 c 25
 549 546 l 25
411 570 m 25
 789 570 l 25
 818 598 827 630 852 639 c 1
 878 635 920 582 951 549 c 1
 959 531 942 520 924 520 c 9
 411 520 l 25
 411 570 l 25
108 615 m 25
 264 615 l 25
 280 628 286 653 306 648 c 24
 341 638 358 617 375 585 c 24
 382 572 362 567 354 555 c 25
 354 126 l 17
 346 97 340 75 309 72 c 1
 285 74 274 98 264 126 c 9
 264 565 l 25
 108 565 l 25
 108 615 l 25
123 169 m 25
 309 169 l 25
 309 119 l 25
 123 119 l 25
 123 169 l 25
75 657 m 25
 118 637 154 641 186 606 c 24
 200 591 173 577 165 558 c 25
 165 54 l 17
 157 25 151 3 120 0 c 1
 96 2 85 26 75 54 c 9
 75 657 l 25
EndSplineSet
EndChar
