Width: 1000
Flags: HW
LayerCount: 2
Fore
SplineSet
118 203 m 1
 322 203 l 1
 322 153 l 1
 118 153 l 1
 118 203 l 1
118 634 m 25
 268 634 l 25
 284 647 290 672 310 667 c 24
 345 657 362 636 379 604 c 24
 386 591 366 586 358 574 c 25
 358 169 l 17
 350 140 344 118 313 115 c 1
 289 117 278 141 268 169 c 9
 268 584 l 25
 118 584 l 25
 118 634 l 25
66 675 m 25
 66 675 145 659 177 624 c 24
 191 609 164 595 156 576 c 25
 156 106 l 17
 148 77 142 55 111 52 c 1
 87 54 76 78 66 106 c 9
 66 675 l 25
624 771 m 25
 624 771 702.953 755.251 735 720 c 24
 748.745 704.881 722.19 690.72 714 672 c 25
 714 -114 l 17
 706 -143 700 -165 669 -168 c 1
 645 -166 634 -142 624 -114 c 9
 624 771 l 25
386 274 m 25
 809 274 l 25
 838 302 847 334 872 343 c 1
 898 339 940 286 971 253 c 1
 979 235 962 224 944 224 c 9
 386 224 l 25
 386 274 l 25
473 529 m 25
 802 529 l 25
 802 529 824 560 848 569 c 1
 867 562 891 534 910 508 c 1
 918 490 902 479 884 479 c 9
 473 479 l 25
 473 529 l 25
465 682 m 25
 507 664 536 664 572 637 c 24
 581 630 559 624 554 614 c 24
 527 558 520 523 490 468 c 24
 467 427 452 404 420 369 c 24
 399 346 385 332 357 320 c 1
 386 381 399 412 417 474 c 24
 441 554 446 601 465 682 c 25
EndSplineSet
EndChar
