Width: 1000
Flags: H
TeX: 117 0
LayerCount: 2
Fore
SplineSet
372 144 m 25
 813 144 l 25
 813 144 836 180 861 189 c 1
 887 185 875 156 906 123 c 1
 914 105 897 94 879 94 c 9
 372 94 l 25
 372 144 l 25
288 -96 m 25
 822 -96 l 25
 822 -96 860 -36 885 -27 c 1
 911 -31 953 -84 984 -117 c 1
 992 -135 975 -146 957 -146 c 9
 288 -146 l 25
 288 -96 l 25
375 362 m 25
 801 362 l 25
 830 390 839 422 864 431 c 1
 890 427 932 374 963 341 c 1
 971 323 954 312 936 312 c 9
 375 312 l 25
 375 362 l 25
408 573 m 25
 822 573 l 25
 822 573 845 609 870 618 c 1
 896 614 884 585 915 552 c 1
 923 534 906 523 888 523 c 9
 408 523 l 25
 408 573 l 25
573 -135 m 25
 573 771 l 25
 616 751 652 755 684 720 c 24
 698 705 671 691 663 672 c 25
 663 -135 l 25
 573 -135 l 25
96 125 m 25
 294 125 l 25
 294 75 l 25
 96 75 l 25
 96 125 l 25
90 619 m 25
 264 619 l 25
 280.38 631.87 285.891 657.435 306 652 c 24
 341.178 642.492 358.287 621.381 375 589 c 24
 381.55 576.309 362.19 570.7 354 559 c 25
 354 82 l 17
 346 53 340 31 309 28 c 1
 285 30 274 54 264 82 c 9
 264 569 l 25
 90 569 l 25
 90 619 l 25
63 649 m 25
 106 629 142 633 174 598 c 24
 188 583 161 569 153 550 c 25
 153 10 l 17
 145 -19 139 -41 108 -44 c 1
 84 -42 73 -18 63 10 c 9
 63 649 l 25
EndSplineSet
EndChar
